#Atom            RMSF
  36.000       1.3690
  55.000       1.4486
  74.000       1.1089
  93.000       1.0808
 112.000       1.1990
 134.000       1.1332
 148.000       1.2826
 172.000       0.8206
 191.000       1.0082
 209.000       1.1821
 223.000       0.9949
 242.000       0.8371
 259.000       1.0999
 270.000       0.8983
 286.000       0.7069
 296.000       0.8301
 318.000       1.0572
 332.000       1.0385
 351.000       0.8923
 365.000       1.0671
 372.000       0.8355
 391.000       0.8977
 407.000       1.0297
 424.000       0.9694
 441.000       0.7279
 463.000       0.7075
 473.000       0.8048
 487.000       0.7397
 503.000       0.6566
 519.000       0.7485
 538.000       0.8952
 557.000       0.9609
 564.000       1.0377
 578.000       1.1578
 597.000       1.2015
 613.000       1.4796
 629.000       1.3317
 648.000       0.9232
 664.000       0.7681
 686.000       0.6914
 708.000       0.6488
 724.000       0.5959
 741.000       0.6076
 760.000       0.5616
 781.000       0.6042
 792.000       0.6130
 811.000       0.6895
 821.000       0.9372
 840.000       0.8912
 859.000       0.8285
 881.000       0.8724
 895.000       0.7394
 915.000       0.9191
 929.000       0.8673
 948.000       1.1827
 967.000       1.7132
 983.000       2.6046
1005.000       2.6281
1019.000       2.3782
1033.000       1.9245
1049.000       1.4879
1069.000       1.2642
1099.000       1.7505
1105.000       1.4191
1122.000       1.2025
1129.000       0.9887
1148.000       1.2615
1170.000       1.2662
1180.000       0.8822
1196.000       0.7371
1213.000       0.8696
1232.000       0.9387
1251.000       0.8431
1270.000       0.7557
1289.000       0.9353
1305.000       1.1682
1324.000       1.1620
1338.000       0.8797
1349.000       0.8690
1365.000       1.1087
1387.000       1.0732
1404.000       0.9943
1423.000       1.2695
1439.000       1.3302
1450.000       1.0553
1466.000       1.1501
1476.000       2.0358
1487.000       1.8501
1501.000       1.9499
1520.000       2.0179
1531.000       1.4351
1550.000       1.6006
1569.000       1.3610
1591.000       1.2599
1597.000       1.0198
1615.000       0.8034
1634.000       0.7895
1656.000       0.7407
1666.000       0.5475
1677.000       0.5865
1699.000       0.5974
1718.000       0.5387
1734.000       0.5863
1751.000       0.6512
1761.000       0.6133
1777.000       0.6546
1788.000       0.8133
1810.000       0.7435
1831.000       0.6526
1853.000       0.5978
1867.000       0.6394
1884.000       0.7215
1906.000       0.8318
