#Atom            RMSF
  36.000       1.3750
  55.000       1.4409
  74.000       1.5114
  93.000       1.1966
 112.000       1.1377
 134.000       1.4126
 148.000       1.4458
 172.000       1.2300
 191.000       1.3341
 209.000       1.3872
 223.000       1.5092
 242.000       1.4351
 259.000       1.3384
 270.000       1.3134
 286.000       1.0022
 296.000       1.1147
 318.000       1.4040
 332.000       1.3247
 351.000       1.0093
 365.000       1.2676
 372.000       1.0147
 391.000       1.0987
 407.000       1.2200
 424.000       1.2074
 441.000       0.9507
 463.000       0.9182
 473.000       1.0447
 487.000       1.0694
 503.000       0.9609
 519.000       0.9596
 538.000       1.0945
 557.000       1.3556
 564.000       0.9761
 578.000       0.9436
 597.000       0.9943
 613.000       1.2021
 629.000       1.1380
 648.000       0.8239
 664.000       0.7180
 686.000       0.6797
 708.000       0.5578
 724.000       0.5236
 741.000       0.6152
 760.000       0.5879
 781.000       0.5658
 791.000       0.6761
 810.000       0.7955
 820.000       0.8621
 839.000       0.9313
 858.000       1.1516
 880.000       1.2006
 894.000       1.0415
 914.000       1.0532
 928.000       0.9461
 947.000       1.0051
 966.000       1.5736
 982.000       2.3683
1004.000       2.3574
1018.000       2.0195
1032.000       1.8289
1048.000       1.4395
1068.000       0.9796
1098.000       1.4576
1104.000       1.5256
1121.000       1.4339
1128.000       1.5317
1147.000       1.3632
1169.000       1.6460
1179.000       1.6628
1195.000       1.1204
1212.000       1.1648
1231.000       1.3496
1250.000       1.0672
1269.000       0.9120
1288.000       1.0887
1304.000       1.2516
1323.000       1.3042
1337.000       0.9494
1348.000       0.7647
1364.000       1.0063
1386.000       0.9558
1403.000       0.8394
1422.000       1.0210
1438.000       1.1230
1449.000       0.9018
1465.000       0.8188
1475.000       1.1842
1486.000       1.5479
1500.000       1.1752
1519.000       1.8445
1530.000       1.3569
1549.000       1.6723
1568.000       1.3359
1590.000       1.2283
1596.000       0.9452
1614.000       0.7780
1633.000       0.8115
1655.000       0.7253
1665.000       0.5651
1676.000       0.6008
1698.000       0.5956
1717.000       0.5882
1733.000       0.6308
1750.000       0.6698
1760.000       0.7060
1776.000       0.7922
1787.000       0.8883
1809.000       0.9976
1830.000       0.9536
1852.000       0.8574
1866.000       0.9777
1883.000       0.9625
1905.000       1.1206
