  -2.213
  -0.011
   2.628
   2.969
  -0.780
  -1.430
  -3.107
  -2.576
  -1.731
  -3.122
  -6.899
  -0.261
  -2.755
   1.002
  -5.294
   5.954
   3.123
  -3.564
   2.937
  -2.518
  -2.359
   4.698
  -2.276
   3.668
  -1.327
   4.973
   8.116
  -5.958
  -3.604
   6.057
   8.084
  -5.863
  -1.654
   9.279
   2.312
  -2.249
  -1.522
  -4.226
   0.105
  -2.644
   0.074
   0.341
   3.622
   9.194
   3.307
  -6.370
  -1.698
  -5.257
  -0.536
   5.414
  -0.715
  10.308
   1.535
  11.486
  -2.608
   5.448
   9.061
 -11.076
 -13.091
  -1.921
   3.547
   8.684
  -1.259
  -9.223
  -0.219
  -3.020
  -8.982
  -5.028
   2.328
 -12.722
  -8.826
  -8.752
  -1.877
  -1.093
  -0.933
   0.517
   1.411
  -0.217
  -6.753
   1.542
  11.975
   2.358
  -3.503
   1.002
  -9.349
  -1.024
  -9.052
  -0.632
   1.070
  13.602
  -4.137
   0.075
   5.014
  10.259
  -5.096
   1.503
  16.352
  -2.771
  -3.824
  -9.364
  -0.305
  -2.422
  15.506
   0.966
  -1.915
   3.578
  -0.578
   1.400
   3.483
  -3.548
  -0.632
   1.183
   9.667
  -1.314
  -1.627
  -7.667
  14.153
  -0.235
   2.876
  -4.577
  21.767
  -1.509
  -0.297
  -2.135
   7.352
  -1.185
   3.144
   0.398
  -3.592
  -2.041
  -1.730
  -3.950
   5.280
  -2.959
 -19.266
  16.292
   1.526
  -6.518
  -2.900
  -4.000
   0.875
  -2.384
  -2.802
  17.098
   1.913
  -1.214
  -0.074
  25.328
   4.029
  -0.036
  -1.810
  17.006
   3.016
   2.003
  -1.982
  -3.570
   3.674
  -5.633
   2.488
   9.661
   2.295
   1.173
   4.423
  -2.731
  -3.840
   0.254
  -0.444
  -1.848
   3.592
  -3.874
  -0.921
  -1.415
  -2.094
   0.988
   6.549
  -4.803
  -1.812
  -3.437
  -2.696
  -1.809
   3.269
  -0.102
  -0.857
  -0.708
  -3.985
   9.501
   1.918
  -6.251
   0.863
  -0.641
   1.340
  -0.281
  -1.008
   2.791
  -9.042
  -0.872
  -1.214
   5.435
  -2.175
   2.150
  -7.908
   5.637
  -5.434
  -2.715
  -2.319
  -3.206
   1.661
  -6.527
   4.903
   3.057
   3.353
   5.362
  -7.339
   3.502
  -3.139
   5.402
  -4.594
   5.308
   1.360
  -1.818
   4.372
   1.174
  -3.905
  -6.915
  -5.220
   2.793
   2.505
  -2.788
  34.164
   1.343
  -2.582
  -4.280
  -1.411
  -3.733
 -10.000
   0.405
  -4.520
   1.221
  -5.185
  -5.801
   0.175
  -0.856
   1.327
  -2.046
  -0.588
   0.247
   0.294
   3.622
   2.753
   6.236
   3.855
   0.127
  -2.719
  -5.956
   5.514
  -0.269
  -3.138
  -1.942
  -3.575
  -1.168
   5.379
   5.432
  -0.093
  -3.065
   0.243
  -0.853
   0.932
   5.754
   7.306
  -2.253
   1.743
  -1.692
   3.610
  -1.385
   1.204
   2.180
   5.409
  -1.689
   1.282
   5.294
   0.899
  -3.771
   9.034
  -4.328
  -3.262
  -2.344
   2.955
   2.376
   2.237
   3.329
  -0.409
  -0.276
  -2.292
  -1.736
   5.038
  -0.370
  -0.590
   1.518
  -2.758
  -2.050
   0.053
 -44.611
   0.022
  -1.407
  -2.027
   1.609
   1.146
  -2.732
   0.477
  -0.751
  -0.347
  -0.276
   0.044
  -2.871
   0.413
   2.950
   1.384
   2.073
   3.694
  -1.636
  -3.862
  -2.032
   0.986
  -0.912
   0.678
   0.862
   2.267
  -1.929
   0.354
  -0.292
   1.480
  -2.862
  -1.415
