   0.817
  11.212
   0.638
  -1.070
   2.897
   4.841
  -3.702
  -0.342
  -6.048
   4.998
  -0.249
  -0.693
  -0.673
  -0.268
  -8.499
  -0.600
   1.436
  -1.313
 -10.179
  10.859
  -0.643
   1.698
   0.714
   2.179
   1.965
  -2.747
  -3.775
  -4.097
   0.799
  -2.200
  -1.409
  -0.415
   2.328
   2.659
   1.894
  -0.800
  -0.451
  -2.037
   3.195
   1.316
  -1.030
  -3.725
  -0.650
  -1.644
   1.091
  -0.568
  -4.584
  -4.549
   4.295
  -4.531
   4.231
   0.027
  -5.036
  -2.332
   0.045
   5.721
   0.791
   2.648
  -1.635
  -0.682
  -2.137
   1.076
  -1.316
  -3.404
  -6.076
  -0.408
   2.432
  -4.485
  -2.154
  -3.461
  -1.775
  -0.522
  -2.647
   0.642
   0.854
  -4.295
  -2.243
   1.018
   2.049
  -2.203
   0.378
   2.825
  -1.057
  -0.675
  -0.436
   1.302
   0.278
   1.146
  -1.709
  -0.828
   1.145
   1.553
   4.098
  -1.191
  -0.449
   0.756
   0.127
  -0.862
   3.422
   1.403
   0.565
   0.093
  -1.288
  -2.269
   1.505
   3.228
   0.677
  -1.489
  -0.685
   1.190
   1.130
  -3.093
   1.401
  -1.725
   1.646
  -1.178
   0.881
   0.206
  -0.974
   0.540
  -0.834
  -2.899
  -0.497
   3.571
   1.746
  -0.572
   2.551
  -1.212
   2.091
   0.700
   4.256
   0.013
   1.115
   0.637
  -0.566
  -2.523
  -4.069
   0.348
   0.908
  -2.098
  -2.084
   0.892
   1.162
   0.597
  -1.616
  -0.117
   1.938
   1.038
   2.020
  -0.852
  -1.123
   3.698
   1.392
  -1.380
  -0.867
   0.810
  -0.429
  -0.605
  -2.403
   0.406
  -1.466
   3.408
  -1.129
   0.845
  -0.484
   0.495
   1.755
  -0.853
   1.752
   0.026
   1.685
  -2.099
  -1.811
   1.134
  -0.747
   3.048
  -0.009
   0.872
   4.086
  -1.173
   2.489
  -1.682
   2.386
  -2.401
  -2.627
   0.739
   2.074
   1.829
   2.929
   3.842
   0.730
   3.054
  -1.106
  -0.930
  -2.696
   3.283
  -1.677
   0.037
  -4.640
  -4.540
  -1.127
  -0.946
  -0.173
   2.389
   2.293
   2.051
  -1.436
  -2.502
   0.481
   2.734
  -5.482
   5.075
  -1.520
  -0.086
   0.123
   0.223
   3.214
   0.446
   2.596
   1.099
  -1.564
  -2.735
   0.008
  -1.934
   1.253
  -0.628
  -0.750
   0.909
  -1.701
  -2.514
  -0.350
  -0.458
  -4.001
   9.700
  -2.143
  -0.463
  -0.582
   1.124
   0.045
   0.721
  -1.446
   0.535
  -2.231
  -1.409
  -0.022
   0.681
  -0.753
   1.306
  -0.438
  -1.398
   1.023
   0.319
  -2.335
   0.255
   0.062
  -0.402
  -2.621
  -0.621
   0.610
   0.990
  -0.465
  -1.511
   0.938
   3.669
   1.917
  -3.809
   2.007
  -0.196
   0.129
   3.682
  -1.077
   4.686
  -3.778
   1.757
  -0.735
  -2.259
   0.389
  -0.890
   1.213
  -1.802
   0.959
   1.040
  -1.626
  -1.382
   0.618
  -1.460
  -2.053
   1.868
  -0.057
   0.561
  -6.503
  -3.619
  -2.226
  -0.738
  -1.338
   3.446
   0.763
  -0.544
   1.012
  -4.124
   0.173
   1.019
   4.565
  -3.487
  -2.308
  -2.661
   1.328
  -2.279
   0.754
   2.291
   0.835
  -0.385
  -1.283
   2.662
  -0.442
  -1.168
  -0.429
  -2.505
   7.822
   2.570
   3.013
   2.261
  -3.004
  -2.447
  -1.465
   7.444
   2.566
   3.235
  -2.549
   2.988
  -4.492
   0.967
  -3.299
