#Atom            RMSF
  36.000       1.3368
  55.000       1.4529
  74.000       1.4336
  93.000       1.1560
 112.000       1.1070
 134.000       1.2621
 148.000       1.2812
 172.000       1.0484
 191.000       1.2069
 209.000       1.3369
 223.000       1.3904
 242.000       1.3946
 259.000       1.4017
 270.000       1.3195
 286.000       1.0783
 296.000       1.2323
 318.000       1.4645
 332.000       1.3322
 351.000       1.0099
 365.000       1.2420
 372.000       1.0223
 391.000       1.1286
 407.000       1.2107
 424.000       1.2400
 441.000       1.0028
 463.000       0.9264
 473.000       1.0853
 487.000       1.0220
 503.000       0.9297
 519.000       1.0086
 538.000       1.1079
 557.000       1.2318
 564.000       0.9353
 578.000       1.0236
 597.000       1.1179
 613.000       1.1506
 629.000       1.1996
 648.000       0.8753
 664.000       0.7950
 686.000       0.7023
 708.000       0.5709
 724.000       0.5740
 741.000       0.6809
 760.000       0.6436
 781.000       0.6448
 791.000       0.8115
 810.000       0.9272
 820.000       0.9234
 839.000       0.9642
 858.000       1.2126
 880.000       1.2694
 894.000       1.1210
 914.000       1.1244
 928.000       1.0434
 947.000       1.0936
 966.000       1.6126
 982.000       2.3475
1004.000       2.3035
1018.000       2.0463
1032.000       1.6902
1048.000       1.3376
1068.000       1.0794
1098.000       1.5880
1104.000       1.5460
1121.000       1.4540
1128.000       1.4324
1147.000       1.2784
1169.000       1.6134
1179.000       1.5646
1195.000       1.1276
1212.000       1.2310
1231.000       1.4513
1250.000       1.2638
1269.000       1.0263
1288.000       1.1489
1304.000       1.2135
1323.000       1.3310
1337.000       1.0224
1348.000       0.8129
1364.000       1.0366
1386.000       0.9991
1403.000       0.8531
1422.000       1.0357
1438.000       1.2050
1449.000       0.9831
1465.000       0.8428
1475.000       1.2684
1486.000       1.5832
1500.000       1.2340
1519.000       1.7589
1530.000       1.3467
1549.000       1.6769
1568.000       1.3322
1590.000       1.2132
1596.000       0.9480
1614.000       0.7986
1633.000       0.8063
1655.000       0.7350
1665.000       0.5945
1676.000       0.6155
1698.000       0.6381
1717.000       0.6527
1733.000       0.6850
1750.000       0.7330
1760.000       0.8549
1776.000       0.9235
1787.000       1.0329
1809.000       1.1890
1830.000       1.1212
1852.000       0.8884
1866.000       1.0012
1883.000       0.9226
1905.000       1.1694
