#Atom            RMSF
  36.000       2.1814
  55.000       2.1891
  74.000       2.0510
  93.000       1.7263
 112.000       1.6012
 134.000       1.6546
 148.000       1.8035
 172.000       1.3904
 191.000       1.4286
 209.000       1.6088
 223.000       1.5705
 242.000       1.4067
 259.000       1.5072
 270.000       1.3248
 286.000       0.8954
 296.000       1.0541
 318.000       1.3938
 332.000       1.2679
 351.000       0.9545
 365.000       1.2425
 372.000       0.9834
 391.000       1.2072
 407.000       1.3064
 424.000       1.3178
 441.000       1.0488
 463.000       0.8815
 473.000       1.0276
 487.000       1.0716
 503.000       1.0175
 519.000       1.0964
 538.000       1.5388
 557.000       1.8301
 564.000       1.4826
 578.000       1.9726
 597.000       1.8026
 613.000       2.4168
 629.000       2.3262
 648.000       1.4019
 664.000       1.0665
 686.000       0.9337
 708.000       0.7387
 724.000       0.6686
 741.000       0.7180
 760.000       0.6308
 781.000       0.6336
 792.000       0.7619
 811.000       0.8563
 821.000       0.8689
 840.000       0.8347
 859.000       1.0748
 881.000       1.5305
 895.000       1.4397
 915.000       1.2732
 929.000       1.3043
 948.000       1.3377
 967.000       1.9271
 983.000       2.7015
1005.000       2.9309
1019.000       2.4489
1033.000       2.2925
1049.000       1.8271
1069.000       1.5450
1099.000       2.4131
1105.000       1.9720
1122.000       2.0935
1129.000       2.1171
1148.000       2.1620
1170.000       2.4089
1180.000       1.9118
1196.000       1.6386
1213.000       1.5893
1232.000       1.6969
1251.000       1.6148
1270.000       1.4445
1289.000       1.5097
1305.000       1.5195
1324.000       1.5619
1338.000       1.2680
1349.000       1.1383
1365.000       1.2954
1387.000       1.2326
1404.000       1.0987
1423.000       1.3355
1439.000       1.4400
1450.000       1.2460
1466.000       1.4013
1476.000       2.6359
1487.000       1.9108
1501.000       1.3287
1520.000       1.8571
1531.000       1.3505
1550.000       1.6399
1569.000       1.3939
1591.000       1.2571
1597.000       1.0294
1615.000       0.8571
1634.000       0.8552
1656.000       0.7755
1666.000       0.6396
1677.000       0.6603
1699.000       0.7136
1718.000       0.6730
1734.000       0.7100
1751.000       0.8256
1761.000       0.9558
1777.000       0.9571
1788.000       1.0570
1810.000       1.0780
1831.000       1.0423
1853.000       0.8969
1867.000       1.0566
1884.000       1.0049
1906.000       1.3981
