#Atom            RMSF
  36.000       1.5197
  55.000       1.6060
  74.000       1.4911
  93.000       1.0210
 112.000       1.0833
 134.000       1.2001
 148.000       1.1790
 172.000       1.2300
 191.000       1.7854
 209.000       1.6500
 223.000       1.2970
 242.000       1.7588
 259.000       1.7184
 270.000       1.1008
 286.000       0.7663
 296.000       1.0667
 318.000       1.3671
 332.000       1.1794
 351.000       0.8504
 365.000       1.2962
 372.000       0.9846
 391.000       1.0232
 407.000       1.0722
 424.000       1.0351
 441.000       0.8145
 463.000       0.7567
 473.000       0.8770
 487.000       0.8692
 503.000       0.7696
 519.000       0.7530
 538.000       0.8332
 557.000       0.8926
 564.000       0.8928
 578.000       0.8798
 597.000       1.0666
 613.000       0.9010
 629.000       0.9520
 648.000       0.8006
 664.000       0.7877
 686.000       0.7307
 708.000       0.5778
 724.000       0.5019
 741.000       0.6122
 760.000       0.5587
 781.000       0.5354
 791.000       0.5769
 810.000       0.6893
 820.000       0.7332
 839.000       0.6173
 858.000       0.8080
 880.000       1.0265
 894.000       1.0165
 914.000       1.0928
 928.000       0.9327
 947.000       1.0310
 966.000       1.8917
 982.000       2.8620
1004.000       2.2317
1018.000       2.0532
1032.000       1.5928
1048.000       1.2482
1068.000       0.9338
1098.000       1.4981
1104.000       1.6995
1121.000       1.2154
1128.000       1.1467
1147.000       0.9442
1169.000       1.4629
1179.000       1.4764
1195.000       0.9161
1212.000       1.0604
1231.000       1.2367
1250.000       1.1568
1269.000       1.0177
1288.000       1.1417
1304.000       1.1726
1323.000       1.3101
1337.000       1.0167
1348.000       0.7868
1364.000       1.0380
1386.000       0.9407
1403.000       0.7075
1422.000       0.9396
1438.000       1.0671
1449.000       0.7800
1465.000       0.7903
1475.000       1.4178
1486.000       1.6800
1500.000       1.1022
1519.000       1.6213
1530.000       1.1995
1549.000       1.3687
1568.000       1.1570
1590.000       1.0278
1596.000       0.7755
1614.000       0.6700
1633.000       0.6532
1655.000       0.5728
1665.000       0.4876
1676.000       0.5138
1698.000       0.5055
1717.000       0.5230
1733.000       0.5522
1750.000       0.5776
1760.000       0.5991
1776.000       0.6446
1787.000       0.7372
1809.000       0.7013
1830.000       0.6931
1852.000       0.6786
1866.000       0.7854
1883.000       0.8734
1905.000       1.3348
