  18.669
  38.546
   4.977
   4.078
 -11.625
   7.679
  -5.189
   0.738
  -6.910
   1.384
   2.899
  -0.438
  -6.554
  -0.983
   1.902
   2.179
  -3.595
   2.995
   0.723
  -3.506
  -7.909
   7.079
   0.595
   1.069
  -2.570
   3.205
   3.613
  -1.151
  -6.719
  -6.412
   5.153
  -1.038
   3.350
  -8.812
  -3.606
   6.331
  -4.458
  -2.172
   2.573
  -0.427
  11.876
   1.953
   2.435
  -4.908
  -2.103
  -1.174
  -0.178
  -9.193
  -3.242
  -2.608
   1.675
  -1.909
   8.627
  -1.201
  -1.986
   7.503
  -3.762
  -1.626
   1.230
  -8.006
  -7.922
  -2.823
   2.960
   7.713
 -23.102
  11.227
  -5.428
   2.110
   6.709
  -4.306
 -11.038
  -5.497
  -1.005
   2.020
  -3.878
 -13.065
   1.029
  -0.937
   7.523
   2.346
  -0.570
   5.019
  -0.319
  -1.855
  -2.055
  -4.909
  -1.854
 -12.443
  -0.067
  -6.506
   0.609
  -2.838
   0.046
   4.226
  -2.500
   1.651
  -0.788
   5.396
  -9.488
  -3.350
   6.252
   2.188
  -1.582
  -1.928
  -2.258
   2.916
  10.069
  -7.339
   1.521
   0.932
  -1.124
  -1.013
   1.991
   1.444
  -5.757
   2.953
   1.800
  -3.007
  -0.940
  -1.445
  -0.229
   4.249
   6.527
   0.008
   3.504
  -6.213
  -6.990
   4.098
   1.525
   0.152
  -4.732
  -0.640
   0.777
   1.716
  -7.712
  -1.189
   6.772
   0.598
   0.101
   3.217
   2.362
   5.550
   7.300
   4.303
   9.506
   1.933
   8.539
   0.445
   9.962
  -3.336
  -1.174
   1.124
  -0.497
  -1.854
   1.590
  -2.275
  -2.266
  -3.385
  -4.784
   0.225
   5.299
   0.915
   8.486
   1.539
  -0.579
   2.596
   0.737
   5.229
  -4.023
   4.529
   2.447
   7.118
  11.448
   4.359
  -6.511
  -2.007
  -9.739
  -3.384
  -0.057
   3.399
  -9.081
   3.456
   6.549
   1.556
   1.631
   0.572
   7.767
   0.970
  -9.661
  -3.494
   8.713
   0.274
   0.051
  -2.310
  -7.739
  -0.326
   6.353
  -2.831
   0.616
   0.693
  -2.444
  -3.369
  -0.447
   0.649
  -2.700
   8.751
   6.499
   2.745
   3.281
   0.060
   1.068
   0.934
   2.864
   1.939
   4.444
   8.645
  -0.289
   1.712
  -0.626
 -12.144
   8.326
 -11.325
   8.847
   0.551
  -5.600
  -9.732
  -1.743
  -9.899
  -2.861
   1.826
  -3.200
   0.414
   2.011
   0.565
   3.372
  -2.809
  -2.300
  -1.673
  -0.703
   1.406
   1.696
   1.691
  -0.099
  -3.541
  -5.081
  -0.785
   1.534
  -0.184
  -1.533
  -4.020
  -1.055
   1.491
   2.100
  -5.951
   2.691
   3.307
  -3.997
  -2.591
  -6.610
  -3.326
  -2.753
  -2.918
  -3.658
  -4.134
   1.401
  -2.892
   4.704
   5.014
   6.952
 -13.790
   6.417
  -6.838
   0.734
  -1.465
  -4.587
   0.904
  -6.989
  -7.427
  -2.465
   0.524
   4.769
  -2.693
   7.771
   0.392
  -2.557
  -5.707
   2.164
   3.145
   1.389
  -1.615
   0.936
  -0.587
   0.458
   0.861
  -1.765
  -0.348
  -1.253
   0.994
  -0.519
   0.982
   2.355
  -1.367
  -1.782
   1.199
  -4.533
   2.753
   1.171
  -7.411
  -2.465
  -1.192
   0.124
  -1.755
   2.724
  -1.691
   0.070
   0.047
   0.693
   1.516
   2.071
  -1.036
  -0.791
  -2.383
   0.067
  -1.271
  -0.276
  -1.167
   1.194
  -1.426
  -1.313
  -1.372
  -0.473
  -1.728
   0.038
