#Atom            RMSF
  36.000       3.4303
  55.000       3.0268
  74.000       2.8948
  93.000       2.5223
 112.000       2.0980
 134.000       1.7899
 148.000       1.9682
 172.000       1.7276
 191.000       1.6265
 209.000       1.8331
 223.000       1.8461
 242.000       1.4591
 259.000       1.4326
 270.000       1.2963
 286.000       0.9069
 296.000       1.1022
 318.000       1.3677
 332.000       1.3026
 351.000       1.0294
 365.000       1.2517
 372.000       0.9907
 391.000       1.1985
 407.000       1.3445
 424.000       1.3718
 441.000       1.0724
 463.000       0.9440
 473.000       1.1036
 487.000       1.1131
 503.000       1.1159
 519.000       1.2557
 538.000       1.4872
 557.000       1.8604
 564.000       1.6865
 578.000       2.1158
 597.000       1.6788
 613.000       2.0959
 629.000       2.0118
 648.000       1.2172
 664.000       1.0160
 686.000       0.9745
 708.000       0.7490
 724.000       0.6822
 741.000       0.7456
 760.000       0.6771
 781.000       0.6875
 792.000       0.7648
 811.000       0.8652
 821.000       0.9281
 840.000       0.8901
 859.000       1.1191
 881.000       1.5385
 895.000       1.5035
 915.000       1.3754
 929.000       1.2677
 948.000       1.1207
 967.000       1.8099
 983.000       2.5187
1005.000       2.7054
1019.000       1.9770
1033.000       2.1786
1049.000       1.7227
1069.000       1.3020
1099.000       2.1285
1105.000       1.9650
1122.000       2.4293
1129.000       2.4317
1148.000       1.9529
1170.000       2.7334
1180.000       2.4332
1196.000       1.8859
1213.000       1.8481
1232.000       2.0205
1251.000       1.7659
1270.000       1.5987
1289.000       1.6936
1305.000       1.6657
1324.000       1.6197
1338.000       1.3152
1349.000       1.2005
1365.000       1.2045
1387.000       1.1098
1404.000       1.0076
1423.000       1.2972
1439.000       1.4140
1450.000       1.2271
1466.000       1.3446
1476.000       2.3863
1487.000       1.8369
1501.000       1.4491
1520.000       1.7690
1531.000       1.2863
1550.000       1.6364
1569.000       1.2545
1591.000       1.1245
1597.000       0.9896
1615.000       0.8320
1634.000       0.7992
1656.000       0.7628
1666.000       0.7026
1677.000       0.7146
1699.000       0.7244
1718.000       0.7510
1734.000       0.8144
1751.000       0.8777
1761.000       0.9741
1777.000       1.0230
1788.000       1.0894
1810.000       1.1814
1831.000       1.1787
1853.000       0.9750
1867.000       1.2372
1884.000       1.1679
1906.000       1.4570
