#Atom            RMSF
  36.000       2.7810
  55.000       2.3925
  74.000       1.7574
  93.000       1.3687
 112.000       1.4162
 134.000       1.7862
 148.000       1.9098
 172.000       1.3098
 191.000       1.5513
 209.000       1.7268
 223.000       1.5762
 242.000       1.5198
 259.000       1.5993
 270.000       1.3619
 286.000       1.1140
 296.000       1.2797
 318.000       1.5592
 332.000       1.4425
 351.000       1.0062
 365.000       1.3316
 372.000       1.0741
 391.000       1.2580
 407.000       1.3762
 424.000       1.4420
 441.000       1.1467
 463.000       1.0146
 473.000       1.1490
 487.000       1.1040
 503.000       0.9948
 519.000       0.9602
 538.000       1.0604
 557.000       1.5614
 564.000       1.1496
 578.000       1.0074
 597.000       1.1114
 613.000       1.0671
 629.000       1.1963
 648.000       0.9593
 664.000       0.9190
 686.000       0.8438
 708.000       0.6738
 724.000       0.6898
 741.000       0.8094
 760.000       0.7309
 781.000       0.7279
 791.000       0.8819
 810.000       0.9771
 820.000       1.0194
 839.000       1.0534
 858.000       1.2759
 880.000       1.4125
 894.000       1.3697
 914.000       1.4251
 928.000       1.3516
 947.000       1.2994
 966.000       2.3655
 982.000       3.3969
1004.000       3.2803
1018.000       3.1946
1032.000       2.9690
1048.000       2.1979
1068.000       2.1664
1098.000       2.4492
1104.000       2.0905
1121.000       2.1920
1128.000       1.7643
1147.000       1.3814
1169.000       1.6707
1179.000       1.5330
1195.000       1.0849
1212.000       1.1541
1231.000       1.4763
1250.000       1.2848
1269.000       1.0977
1288.000       1.3262
1304.000       1.4237
1323.000       1.5876
1337.000       1.1939
1348.000       1.0073
1364.000       1.2873
1386.000       1.2002
1403.000       0.9960
1422.000       1.2332
1438.000       1.3640
1449.000       1.0832
1465.000       1.0252
1475.000       1.8118
1486.000       2.1308
1500.000       1.5398
1519.000       2.0525
1530.000       1.6107
1549.000       1.8748
1568.000       1.5401
1590.000       1.4324
1596.000       1.1171
1614.000       0.9105
1633.000       0.9611
1655.000       0.8491
1665.000       0.6767
1676.000       0.7150
1698.000       0.7466
1717.000       0.7007
1733.000       0.6835
1750.000       0.7533
1760.000       0.7765
1776.000       0.7884
1787.000       0.9326
1809.000       0.8930
1830.000       0.8550
1852.000       0.7907
1866.000       0.9249
1883.000       1.0056
1905.000       1.4000
