#Atom            RMSF
  36.000       1.6233
  55.000       1.6766
  74.000       1.6327
  93.000       1.2845
 112.000       1.0470
 134.000       1.0258
 148.000       1.2934
 172.000       1.3192
 191.000       1.3292
 209.000       1.4752
 223.000       1.6007
 242.000       1.3702
 259.000       1.2342
 270.000       1.1978
 286.000       0.7918
 296.000       0.8164
 318.000       1.0654
 332.000       1.2100
 351.000       0.9299
 365.000       1.0690
 372.000       0.8543
 391.000       1.0411
 407.000       1.1379
 424.000       1.1578
 441.000       0.9316
 463.000       0.8218
 473.000       0.9133
 487.000       0.9027
 503.000       0.8707
 519.000       0.9917
 538.000       1.1302
 557.000       1.2606
 564.000       1.3467
 578.000       1.5993
 597.000       1.5585
 613.000       1.9605
 629.000       1.2850
 648.000       1.0613
 664.000       0.9154
 686.000       0.9141
 708.000       0.7731
 724.000       0.5953
 741.000       0.6107
 760.000       0.5708
 781.000       0.5709
 792.000       0.5762
 811.000       0.6347
 821.000       0.6967
 840.000       0.6463
 859.000       0.7411
 881.000       0.9342
 895.000       0.9270
 915.000       0.9621
 929.000       0.8261
 948.000       0.7725
 967.000       1.6449
 983.000       2.2446
1005.000       2.4025
1019.000       1.6347
1033.000       1.9199
1049.000       1.3511
1069.000       0.8065
1099.000       1.2380
1105.000       1.4545
1122.000       2.1236
1129.000       1.9366
1148.000       1.4794
1170.000       1.9225
1180.000       1.7251
1196.000       1.3301
1213.000       1.1479
1232.000       1.2490
1251.000       1.2604
1270.000       1.2138
1289.000       1.2055
1305.000       1.1355
1324.000       1.1319
1338.000       0.8923
1349.000       0.7217
1365.000       0.7977
1387.000       0.7974
1404.000       0.7708
1423.000       0.9495
1439.000       1.0125
1450.000       0.8170
1466.000       0.6825
1476.000       0.9182
1487.000       1.1677
1501.000       0.9081
1520.000       1.6481
1531.000       1.1738
1550.000       1.6399
1569.000       1.1188
1591.000       0.9259
1597.000       0.9484
1615.000       0.6941
1634.000       0.6104
1656.000       0.5950
1666.000       0.6294
1677.000       0.6080
1699.000       0.5234
1718.000       0.6297
1734.000       0.7841
1751.000       0.7836
1761.000       0.8493
1777.000       0.9390
1788.000       0.8268
1810.000       1.2410
1831.000       1.3528
1853.000       0.9517
1867.000       1.2132
1884.000       1.0994
1906.000       0.9975
