  -1.091
  -0.964
   0.332
  -1.003
  -2.522
  -0.609
  -0.329
   0.118
  -1.015
  -1.648
  -0.377
   0.315
  -0.093
   0.270
  -1.514
   0.751
   0.885
  -0.419
   2.709
   0.347
   0.317
  -2.777
  -1.918
   1.883
  -1.954
  -0.731
  -0.449
   3.257
   3.108
  -1.698
   0.496
   0.150
   1.990
  -0.301
  -0.770
  -0.188
   0.509
   3.353
   7.709
  -0.051
  -9.077
   0.234
  -0.134
   1.866
  -2.324
  -1.381
   3.045
  -0.323
   3.770
  -0.830
   4.015
  -0.516
   0.028
  -2.751
   0.630
  -1.495
  -2.494
   3.308
  -4.237
  -0.673
   3.993
   1.072
  -0.002
   0.089
  -0.624
  -0.281
   0.656
   1.658
   0.099
   2.241
  -2.674
   2.075
  -3.083
   1.544
   1.568
   0.681
  -2.934
   2.144
   0.610
  -1.101
  -5.102
   3.609
  -0.033
   0.239
  -1.155
  -0.303
  -0.737
  -2.311
   2.757
   2.080
  -0.703
   1.195
  -2.157
  -0.039
   0.391
   1.709
   1.193
   1.343
   3.668
   4.477
   3.728
  -1.068
  -3.650
  -0.123
  -1.876
   1.161
  -1.847
   1.454
   4.412
  -1.300
   0.900
   0.519
   4.002
  -1.453
   0.335
  -0.334
   0.545
   0.995
  -1.932
   0.739
   1.219
  -1.664
  -0.351
  -3.193
  -0.867
  -1.465
   0.055
   0.641
   0.298
   0.691
  -1.476
   0.619
  -0.165
  -1.771
   0.371
   3.306
   1.371
  -0.732
  -1.581
   0.775
  -1.585
   0.008
  -1.874
   1.353
   3.275
   3.300
   0.550
   1.274
   0.380
  -0.131
  -0.416
  -2.699
   2.643
  -1.379
  -0.431
   4.044
   1.989
   1.285
   1.714
  -0.170
  -1.491
   0.265
   3.748
   0.845
  -1.827
  -0.039
  -1.530
  -1.024
  -0.048
  -1.064
  -1.256
  -0.594
   0.961
  -2.560
   1.125
   0.670
  -0.533
  -1.441
  -2.185
  -1.442
   1.566
  -3.812
   0.623
  -0.177
  -0.958
   0.182
   2.209
  -1.897
  -2.907
   4.924
   1.314
   2.943
  -0.325
   1.407
  -1.030
   0.753
   3.996
  -3.716
  -1.597
   3.139
  -1.226
   3.165
  -1.293
   0.750
   0.843
   1.524
   0.592
  -2.336
   1.240
   0.584
  -4.946
  -3.352
  -0.097
  -2.315
  -1.307
  -4.769
  -0.223
  -1.498
  -0.076
  -0.458
  -0.790
  -0.454
  -1.801
   0.851
   0.509
   1.735
  -5.544
   5.605
   1.834
  -2.279
  -2.478
  -1.033
   0.881
   0.678
   1.822
   0.083
  -3.419
   3.534
  -1.814
  -1.579
  -0.527
  -2.363
   0.109
   2.897
   0.035
  -1.712
   2.468
  -1.020
   1.091
   0.235
  -0.744
  -1.482
   0.762
   0.140
  -0.941
   2.572
   0.227
  -6.166
  -1.403
  -0.417
   4.071
  -1.560
  -1.278
   0.019
   0.562
  -0.468
   0.745
  -0.431
   0.180
  -1.093
  -0.357
   0.013
   1.682
  -0.720
   0.146
   1.362
   1.263
  -4.470
  -2.557
  -0.026
   1.221
  -0.683
   1.059
   1.907
   0.700
   0.616
   3.201
   1.054
  -4.059
   0.445
  -1.566
   1.783
  -1.033
   0.557
   3.476
  -3.067
  -7.674
   1.519
   2.360
   3.392
   1.619
   1.511
   5.170
  -3.211
   3.586
  -3.488
  -7.125
   0.724
  -0.737
   0.539
  -2.146
  -0.047
  -1.492
   2.984
   1.825
   2.270
   2.550
  -1.929
  -1.224
  -0.815
  -1.838
  -1.749
   2.824
  -1.283
  -0.506
  -3.219
  -0.318
   0.538
  -2.283
   1.963
   1.925
  -2.710
   0.110
