  -1.206
  -0.765
  -0.579
   0.203
  -2.787
  -1.320
   1.075
   0.766
   0.251
  -1.162
  -0.963
  -1.914
   0.158
  -0.767
  -1.424
  -1.598
  -0.278
  -0.182
  -1.310
   0.274
  -2.641
  -0.831
  -3.236
   0.499
   0.374
  -0.790
   1.240
   0.706
  -0.867
   1.460
  -0.210
  -1.770
   0.696
   2.449
  -0.615
   0.576
   2.574
   1.384
   0.846
   0.168
  -0.319
   2.016
  -0.188
  -2.574
   0.657
  -1.921
  -0.139
   1.685
   1.357
   0.065
  -1.307
  -1.840
  -2.547
   0.754
  -0.463
  -2.410
   0.493
   1.244
   1.854
   2.036
  -0.458
  -2.236
   1.394
  -1.337
  -2.163
   0.058
  -0.436
   0.404
   0.471
   1.491
  -0.354
   1.494
  -0.466
  -1.255
   0.035
  -0.005
  -0.146
   1.450
  -0.379
   0.127
  -1.765
  -1.129
   0.215
  -0.533
  -0.199
   1.167
   1.109
  -0.931
   1.085
  -0.831
  -0.734
   0.268
   1.426
  -1.405
   0.240
  -0.597
  -0.547
   0.326
  -0.572
   0.710
  -0.765
  -0.656
  -0.052
   1.119
   0.915
   0.198
   1.616
  -0.057
  -1.231
   0.382
  -0.637
  -1.174
  -1.846
  -0.527
  -0.420
   0.393
   0.415
   1.985
   2.105
  -1.070
  -0.558
   0.314
   1.098
  -0.001
   1.374
   1.400
   0.110
  -1.598
   0.565
   1.625
  -1.274
  -0.907
   1.541
   1.078
  -2.888
  -0.584
   0.900
  -0.225
   0.964
   0.172
  -0.780
  -1.870
   0.079
  -0.974
   0.217
   2.019
  -0.025
  -0.404
  -1.024
  -0.850
   0.227
   0.535
  -0.254
  -2.118
   0.337
   2.441
   1.088
   0.555
   2.675
  -0.184
  -0.810
   1.536
   1.587
   1.412
  -0.988
   1.497
   0.527
   1.410
   0.289
   1.169
  -1.831
   0.260
  -0.563
  -1.603
   0.720
  -0.752
   0.627
  -1.627
  -0.494
   0.737
  -0.915
  -2.847
  -0.160
   0.010
  -0.721
  -0.759
  -2.598
   1.415
  -0.790
   0.311
   1.248
   1.632
   0.572
   0.150
  -0.030
  -0.074
  -0.616
  -1.767
  -1.878
  -2.080
  -2.115
  -2.352
   3.014
  -0.527
   0.713
   0.274
   0.547
  -1.612
   1.646
  -1.412
  -0.714
   2.418
   1.738
   0.413
   0.708
   2.977
  -0.640
   3.514
   0.170
  -0.741
   0.322
   1.335
  -1.786
  -1.546
  -0.976
  -1.274
  -0.103
   3.463
  -1.234
  -2.017
  -0.995
   1.589
  -1.247
  -1.159
   2.736
   0.862
   0.745
   0.685
   4.261
  -1.029
   0.232
   0.785
   1.825
   1.658
   1.031
   0.208
  -1.980
  -0.628
  -0.194
  -2.854
   4.138
  -3.496
   0.262
  -0.670
   0.923
  -0.994
   1.550
  -0.097
   0.332
  -0.066
  -0.526
  -0.744
  -0.192
   0.867
   1.865
  -0.909
  -0.033
   0.714
   0.832
   2.187
   0.750
   0.363
  -3.086
  -0.533
  -0.979
  -0.989
  -0.659
  -0.281
   0.852
   0.829
  -0.126
   2.135
   3.842
  -3.830
   2.458
  -0.957
   1.966
   1.634
  -1.573
  -1.560
  -0.322
  -1.245
   3.318
   1.543
  -0.395
  -1.854
   1.517
  -0.339
  -0.622
   0.689
  -0.753
  -0.885
  -2.711
  -1.490
   0.154
  -0.880
  -0.025
  -0.191
  -0.061
   0.322
   0.094
   0.124
  -1.004
   0.984
   0.157
  -0.581
   0.110
   0.328
  -0.783
  -0.206
  -2.239
   1.814
  -2.513
   1.621
  -1.232
   1.462
   0.477
   0.606
   0.084
  -0.992
  -0.120
   0.552
   1.485
