#Atom            RMSF
  36.000       1.0106
  55.000       1.1043
  74.000       0.9795
  93.000       0.8363
 112.000       0.9104
 134.000       0.9170
 148.000       0.9497
 172.000       0.9728
 191.000       1.1713
 209.000       1.3323
 223.000       1.2537
 242.000       1.1253
 259.000       1.4609
 270.000       1.0860
 286.000       0.7666
 296.000       0.9759
 318.000       1.1803
 332.000       1.1773
 351.000       0.8568
 365.000       1.1319
 372.000       0.7835
 391.000       0.8926
 407.000       1.0541
 424.000       1.0728
 441.000       0.8278
 463.000       0.7207
 473.000       0.8196
 487.000       0.8339
 503.000       0.7485
 519.000       0.7229
 538.000       0.8459
 557.000       0.9703
 564.000       0.8994
 578.000       0.9949
 597.000       1.1471
 613.000       1.2661
 629.000       1.1019
 648.000       0.8442
 664.000       0.7801
 686.000       0.7061
 708.000       0.5585
 724.000       0.5446
 741.000       0.6305
 760.000       0.5562
 781.000       0.5939
 792.000       0.6853
 811.000       0.6945
 821.000       0.7956
 840.000       0.8660
 859.000       0.9121
 881.000       1.2508
 895.000       1.1739
 915.000       1.0084
 929.000       1.1331
 948.000       1.4089
 967.000       2.1222
 983.000       3.3631
1005.000       3.3381
1019.000       3.0832
1033.000       2.2959
1049.000       1.5944
1069.000       1.5610
1099.000       2.9556
1105.000       2.0496
1122.000       2.0815
1129.000       1.4594
1148.000       1.0321
1170.000       1.2659
1180.000       1.0925
1196.000       0.9991
1213.000       0.9174
1232.000       1.0196
1251.000       1.1717
1270.000       1.0224
1289.000       1.0735
1305.000       1.0758
1324.000       1.1552
1338.000       0.9348
1349.000       0.7359
1365.000       0.8958
1387.000       0.9178
1404.000       0.8309
1423.000       0.9625
1439.000       1.0969
1450.000       0.9124
1466.000       0.9185
1476.000       1.2095
1487.000       1.5279
1501.000       1.1133
1520.000       1.7240
1531.000       1.2540
1550.000       1.4347
1569.000       1.4215
1591.000       1.3407
1597.000       1.1510
1615.000       0.9052
1634.000       0.9060
1656.000       0.8802
1666.000       0.6558
1677.000       0.6640
1699.000       0.7160
1718.000       0.6504
1734.000       0.6433
1751.000       0.7158
1761.000       0.7356
1777.000       0.6804
1788.000       0.7846
1810.000       0.7966
1831.000       0.7627
1853.000       0.6846
1867.000       0.7357
1884.000       0.7650
1906.000       0.9971
