#Atom            RMSF
  36.000       2.2634
  55.000       2.2870
  74.000       2.1727
  93.000       1.7927
 112.000       1.6103
 134.000       1.6724
 148.000       1.8524
 172.000       1.5036
 191.000       1.5153
 209.000       1.7072
 223.000       1.6316
 242.000       1.4362
 259.000       1.5099
 270.000       1.3100
 286.000       0.9148
 296.000       1.0794
 318.000       1.3990
 332.000       1.3156
 351.000       0.9761
 365.000       1.2244
 372.000       0.9700
 391.000       1.1887
 407.000       1.3024
 424.000       1.3337
 441.000       1.0545
 463.000       0.8973
 473.000       1.0693
 487.000       1.0858
 503.000       1.0312
 519.000       1.1618
 538.000       1.5485
 557.000       1.8126
 564.000       1.4977
 578.000       1.9330
 597.000       1.7445
 613.000       2.3281
 629.000       2.1960
 648.000       1.3308
 664.000       1.0400
 686.000       0.9326
 708.000       0.7404
 724.000       0.6943
 741.000       0.7467
 760.000       0.6672
 781.000       0.6859
 792.000       0.7911
 811.000       0.8877
 821.000       0.9321
 840.000       0.8896
 859.000       1.1225
 881.000       1.6062
 895.000       1.5305
 915.000       1.3334
 929.000       1.3300
 948.000       1.2741
 967.000       1.8557
 983.000       2.6259
1005.000       2.8230
1019.000       2.3221
1033.000       2.2308
1049.000       1.8215
1069.000       1.6048
1099.000       2.6319
1105.000       2.0718
1122.000       2.3186
1129.000       2.3205
1148.000       2.1141
1170.000       2.5772
1180.000       2.1295
1196.000       1.7459
1213.000       1.7046
1232.000       1.8613
1251.000       1.7206
1270.000       1.5143
1289.000       1.5603
1305.000       1.5139
1324.000       1.5543
1338.000       1.2772
1349.000       1.1531
1365.000       1.2730
1387.000       1.2192
1404.000       1.0782
1423.000       1.3871
1439.000       1.5192
1450.000       1.3210
1466.000       1.5170
1476.000       2.7670
1487.000       1.9513
1501.000       1.4036
1520.000       1.8723
1531.000       1.3598
1550.000       1.6391
1569.000       1.4161
1591.000       1.2991
1597.000       1.0832
1615.000       0.8870
1634.000       0.8907
1656.000       0.8270
1666.000       0.6888
1677.000       0.6991
1699.000       0.7597
1718.000       0.7274
1734.000       0.7575
1751.000       0.8741
1761.000       0.9912
1777.000       0.9913
1788.000       1.0801
1810.000       1.1031
1831.000       1.0806
1853.000       0.9168
1867.000       1.1161
1884.000       1.0661
1906.000       1.4201
