#Atom            RMSF
  36.000       2.2084
  55.000       2.3104
  74.000       1.9841
  93.000       1.4521
 112.000       1.3724
 134.000       1.1786
 148.000       1.0064
 172.000       0.8131
 191.000       0.8961
 209.000       1.3661
 223.000       1.2745
 242.000       1.3858
 259.000       1.1681
 270.000       0.9375
 286.000       0.6580
 296.000       0.7716
 318.000       1.0306
 332.000       1.0539
 351.000       0.8839
 365.000       1.1329
 372.000       0.8427
 391.000       0.9627
 407.000       1.0619
 424.000       1.0632
 441.000       0.7875
 463.000       0.6581
 473.000       0.7574
 487.000       0.7661
 503.000       0.6708
 519.000       0.6409
 538.000       0.8225
 557.000       0.9605
 564.000       1.2933
 578.000       1.6044
 597.000       1.3897
 613.000       2.4689
 629.000       2.1871
 648.000       1.2885
 664.000       1.0776
 686.000       0.8535
 708.000       0.6511
 724.000       0.6404
 741.000       0.6588
 760.000       0.5392
 781.000       0.5377
 792.000       0.6349
 811.000       0.6467
 821.000       0.6571
 840.000       0.6901
 859.000       0.8956
 881.000       1.5569
 895.000       1.6368
 915.000       1.5760
 929.000       1.4405
 948.000       1.4282
 967.000       1.7908
 983.000       2.3936
1005.000       2.5153
1019.000       2.1402
1033.000       1.9531
1049.000       1.6228
1069.000       1.4008
1099.000       2.5507
1105.000       2.2267
1122.000       2.4624
1129.000       2.4448
1148.000       2.1980
1170.000       3.0922
1180.000       2.2741
1196.000       1.5061
1213.000       1.6078
1232.000       1.6480
1251.000       1.2976
1270.000       1.1942
1289.000       1.1940
1305.000       1.1446
1324.000       1.1919
1338.000       0.9993
1349.000       0.8847
1365.000       1.0339
1387.000       1.0385
1404.000       0.9644
1423.000       1.1069
1439.000       1.1857
1450.000       0.8667
1466.000       0.7919
1476.000       1.1345
1487.000       1.3284
1501.000       0.9924
1520.000       1.6598
1531.000       1.1824
1550.000       1.4847
1569.000       1.1621
1591.000       1.0597
1597.000       0.8890
1615.000       0.7103
1634.000       0.6792
1656.000       0.7000
1666.000       0.6392
1677.000       0.5975
1699.000       0.6091
1718.000       0.6575
1734.000       0.6751
1751.000       0.6712
1761.000       0.6751
1777.000       0.6617
1788.000       0.7802
1810.000       0.7382
1831.000       0.7014
1853.000       0.6309
1867.000       0.6709
1884.000       0.6914
1906.000       0.8834
