1			-4.1414E+04
5			-4.1671E+04
10			-4.2281E+04
15			-4.3391E+04
20			-4.5068E+04
25			-4.7152E+04
30			-4.9052E+04
35			-4.9343E+04
40			-5.0141E+04
45			-5.0499E+04
50			-5.0867E+04
55			-5.1211E+04
60			-5.1434E+04
65			-5.1676E+04
70			-5.1886E+04
75			-5.2175E+04
80			-5.2261E+04
85			-5.2546E+04
90			-5.2692E+04
95			-5.2850E+04
100			-5.3000E+04
105			-5.3140E+04
110			-5.3275E+04
115			-5.3378E+04
120			-5.3496E+04
125			-5.3604E+04
130			-5.3705E+04
135			-5.3806E+04
140			-5.3907E+04
145			-5.4034E+04
150			-5.4073E+04
155			-5.4160E+04
160			-5.4301E+04
165			-5.4372E+04
170			-5.4455E+04
175			-5.4539E+04
180			-5.4614E+04
185			-5.4689E+04
190			-5.4762E+04
195			-5.4820E+04
200			-5.4888E+04
205			-5.4954E+04
210			-5.5016E+04
215			-5.5075E+04
220			-5.5136E+04
225			-5.5197E+04
230			-5.5276E+04
235			-5.5305E+04
240			-5.5360E+04
245			-5.5415E+04
250			-5.5502E+04
255			-5.5548E+04
260			-5.5601E+04
265			-5.5654E+04
270			-5.5704E+04
275			-5.5754E+04
280			-5.5804E+04
285			-5.5850E+04
290			-5.5889E+04
295			-5.5935E+04
300			-5.5984E+04
305			-5.6018E+04
310			-5.6059E+04
315			-5.6097E+04
320			-5.6136E+04
325			-5.6179E+04
330			-5.6233E+04
335			-5.6252E+04
340			-5.6292E+04
345			-5.6330E+04
350			-5.6393E+04
355			-5.6427E+04
360			-5.6466E+04
365			-5.6504E+04
370			-5.6540E+04
375			-5.6577E+04
380			-5.6610E+04
385			-5.6643E+04
390			-5.6681E+04
395			-5.6709E+04
400			-5.6743E+04
405			-5.6774E+04
410			-5.6805E+04
415			-5.6836E+04
420			-5.6867E+04
425			-5.6900E+04
430			-5.6943E+04
435			-5.6958E+04
440			-5.6989E+04
445			-5.7035E+04
450			-5.7045E+04
455			-5.7095E+04
460			-5.7121E+04
465			-5.7151E+04
470			-5.7179E+04
475			-5.7205E+04
480			-5.7233E+04
485			-5.7262E+04
490			-5.7288E+04
495			-5.7311E+04
500			-5.7340E+04
505			-5.7369E+04
510			-5.7389E+04
515			-5.7414E+04
520			-5.7438E+04
525			-5.7464E+04
530			-5.7489E+04
535			-5.7521E+04
540			-5.7534E+04
545			-5.7558E+04
550			-5.7594E+04
555			-5.7603E+04
560			-5.7627E+04
565			-5.7667E+04
570			-5.7688E+04
575			-5.7712E+04
580			-5.7737E+04
585			-5.7759E+04
590			-5.7783E+04
595			-5.7807E+04
600			-5.7830E+04
605			-5.7848E+04
610			-5.7871E+04
615			-5.7890E+04
620			-5.7910E+04
625			-5.7932E+04
630			-5.7952E+04
635			-5.7972E+04
640			-5.7998E+04
645			-5.8010E+04
650			-5.8029E+04
655			-5.8046E+04
660			-5.8065E+04
665			-5.8096E+04
670			-5.8114E+04
675			-5.8133E+04
680			-5.8152E+04
685			-5.8172E+04
690			-5.8191E+04
695			-5.8209E+04
700			-5.8227E+04
705			-5.8246E+04
710			-5.8262E+04
715			-5.8280E+04
720			-5.8296E+04
725			-5.8314E+04
730			-5.8331E+04
735			-5.8347E+04
740			-5.8364E+04
745			-5.8381E+04
750			-5.8403E+04
755			-5.8412E+04
760			-5.8427E+04
765			-5.8443E+04
770			-5.8460E+04
775			-5.8487E+04
780			-5.8502E+04
785			-5.8518E+04
790			-5.8534E+04
795			-5.8550E+04
800			-5.8564E+04
805			-5.8580E+04
810			-5.8596E+04
815			-5.8610E+04
820			-5.8627E+04
825			-5.8640E+04
830			-5.8654E+04
835			-5.8669E+04
840			-5.8682E+04
845			-5.8696E+04
850			-5.8710E+04
855			-5.8724E+04
860			-5.8742E+04
865			-5.8750E+04
870			-5.8762E+04
875			-5.8776E+04
880			-5.8790E+04
885			-5.8813E+04
890			-5.8825E+04
895			-5.8840E+04
900			-5.8854E+04
905			-5.8866E+04
910			-5.8881E+04
915			-5.8894E+04
920			-5.8909E+04
925			-5.8923E+04
930			-5.8934E+04
935			-5.8946E+04
940			-5.8958E+04
945			-5.8970E+04
950			-5.8983E+04
955			-5.8994E+04
960			-5.9006E+04
965			-5.9022E+04
970			-5.9029E+04
975			-5.9046E+04
980			-5.9051E+04
985			-5.9061E+04
990			-5.9080E+04
995			-5.9084E+04
1000			-5.9103E+04
1005			-5.9122E+04
1010			-5.9532E+04
1015			-5.9647E+04
1020			-5.9775E+04
1025			-5.9830E+04
1030			-5.9833E+04
1035			-5.9879E+04
1040			-5.9916E+04
1045			-5.9950E+04
1050			-5.9998E+04
1055			-5.9999E+04
1060			-6.0031E+04
1065			-6.0049E+04
1070			-6.0071E+04
1075			-6.0143E+04
1080			-6.0145E+04
1085			-6.0169E+04
1090			-6.0185E+04
1095			-6.0210E+04
1100			-6.0237E+04
1105			-6.0239E+04
1110			-6.0262E+04
1115			-6.0288E+04
1120			-6.0302E+04
1125			-6.0333E+04
1130			-6.0335E+04
1135			-6.0349E+04
1140			-6.0371E+04
1145			-6.0394E+04
1150			-6.0428E+04
1155			-6.0430E+04
1160			-6.0460E+04
1165			-6.0488E+04
1170			-6.0498E+04
1175			-6.0525E+04
1180			-6.0527E+04
1185			-6.0549E+04
1190			-6.0557E+04
1195			-6.0586E+04
1200			-6.0610E+04
1205			-6.0612E+04
1210			-6.0636E+04
1215			-6.0655E+04
1220			-6.0668E+04
1225			-6.0695E+04
1230			-6.0696E+04
1235			-6.0711E+04
1240			-6.0734E+04
1245			-6.0745E+04
1250			-6.0770E+04
1255			-6.0772E+04
1260			-6.0785E+04
1265			-6.0798E+04
1270			-6.0818E+04
1275			-6.0852E+04
1280			-6.0853E+04
1285			-6.0869E+04
1290			-6.0880E+04
1295			-6.0899E+04
1300			-6.0909E+04
1305			-6.0911E+04
1310			-6.0924E+04
1315			-6.0943E+04
1320			-6.0954E+04
1325			-6.0989E+04
1330			-6.0991E+04
1335			-6.1011E+04
1340			-6.1018E+04
1345			-6.1037E+04
1350			-6.1047E+04
1355			-6.1048E+04
1360			-6.1057E+04
1365			-6.1071E+04
1370			-6.1087E+04
1375			-6.1108E+04
1380			-6.1110E+04
1385			-6.1126E+04
1390			-6.1146E+04
1395			-6.1152E+04
1400			-6.1171E+04
1405			-6.1173E+04
1410			-6.1185E+04
1415			-6.1196E+04
1420			-6.1207E+04
1425			-6.1220E+04
1430			-6.1222E+04
1435			-6.1229E+04
1440			-6.1243E+04
1445			-6.1251E+04
1450			-6.1267E+04
1455			-6.1269E+04
1460			-6.1280E+04
1465			-6.1292E+04
1470			-6.1300E+04
1475			-6.1310E+04
1480			-6.1311E+04
1485			-6.1317E+04
1490			-6.1331E+04
1495			-6.1339E+04
1500			-6.1360E+04
1505			-6.1362E+04
1510			-6.1378E+04
1515			-6.1392E+04
1520			-6.1399E+04
1525			-6.1407E+04
1530			-6.1408E+04
1535			-6.1413E+04
1540			-6.1426E+04
1545			-6.1439E+04
1550			-6.1461E+04
1555			-6.1462E+04
1560			-6.1480E+04
1565			-6.1494E+04
1570			-6.1500E+04
1575			-6.1508E+04
1580			-6.1509E+04
1585			-6.1514E+04
1590			-6.1524E+04
1595			-6.1542E+04
1600			-6.1567E+04
1605			-6.1569E+04
1610			-6.1587E+04
1615			-6.1602E+04
1620			-6.1607E+04
1625			-6.1613E+04
1630			-6.1614E+04
1635			-6.1619E+04
1640			-6.1629E+04
1645			-6.1645E+04
1650			-6.1670E+04
1655			-6.1672E+04
1660			-6.1689E+04
1665			-6.1704E+04
1670			-6.1709E+04
1675			-6.1714E+04
1680			-6.1715E+04
1685			-6.1719E+04
1690			-6.1727E+04
1695			-6.1740E+04
1700			-6.1762E+04
1705			-6.1763E+04
1710			-6.1777E+04
1715			-6.1789E+04
1720			-6.1793E+04
1725			-6.1798E+04
1730			-6.1799E+04
1735			-6.1802E+04
1740			-6.1809E+04
1745			-6.1828E+04
1750			-6.1866E+04
1755			-6.1869E+04
1760			-6.1898E+04
1765			-6.1912E+04
1770			-6.1921E+04
1775			-6.1924E+04
1780			-6.1925E+04
1785			-6.1928E+04
1790			-6.1939E+04
1795			-6.1948E+04
1800			-6.1976E+04
1805			-6.1977E+04
1810			-6.1993E+04
1815			-6.1996E+04
1820			-6.2004E+04
1825			-6.2007E+04
1830			-6.2008E+04
1835			-6.2011E+04
1840			-6.2018E+04
1845			-6.2024E+04
1850			-6.2037E+04
1855			-6.2039E+04
1860			-6.2046E+04
1865			-6.2051E+04
1870			-6.2056E+04
1875			-6.2060E+04
1880			-6.2061E+04
1885			-6.2066E+04
1890			-6.2073E+04
1895			-6.2076E+04
1900			-6.2112E+04
1905			-6.2114E+04
1910			-6.2143E+04
1915			-6.2148E+04
1920			-6.2152E+04
1925			-6.2157E+04
1930			-6.2158E+04
1935			-6.2161E+04
1940			-6.2165E+04
1945			-6.2171E+04
1950			-6.2190E+04
1955			-6.2192E+04
1960			-6.2204E+04
1965			-6.2211E+04
1970			-6.2214E+04
1975			-6.2218E+04
1980			-6.2219E+04
1985			-6.2221E+04
1990			-6.2227E+04
1995			-6.2242E+04
2000			-6.2262E+04
2005			-6.2264E+04
2010			-6.2281E+04
2015			-6.2288E+04
2020			-6.2289E+04
2025			-6.2294E+04
2030			-6.2296E+04
2035			-6.2298E+04
2040			-6.2302E+04
2045			-6.2306E+04
2050			-6.2313E+04
2055			-6.2314E+04
2060			-6.2318E+04
2065			-6.2322E+04
2070			-6.2325E+04
2075			-6.2329E+04
2080			-6.2330E+04
2085			-6.2333E+04
2090			-6.2337E+04
2095			-6.2340E+04
2100			-6.2346E+04
2105			-6.2348E+04
2110			-6.2351E+04
2115			-6.2356E+04
2120			-6.2358E+04
2125			-6.2362E+04
2130			-6.2363E+04
2135			-6.2365E+04
2140			-6.2369E+04
2145			-6.2372E+04
2150			-6.2378E+04
2155			-6.2379E+04
2160			-6.2382E+04
2165			-6.2387E+04
2170			-6.2389E+04
2175			-6.2392E+04
2180			-6.2393E+04
2185			-6.2396E+04
2190			-6.2400E+04
2195			-6.2403E+04
2200			-6.2407E+04
2205			-6.2408E+04
2210			-6.2410E+04
2215			-6.2415E+04
2220			-6.2417E+04
2225			-6.2421E+04
2230			-6.2422E+04
2235			-6.2425E+04
2240			-6.2429E+04
2245			-6.2431E+04
2250			-6.2437E+04
2255			-6.2438E+04
2260			-6.2440E+04
2265			-6.2444E+04
2270			-6.2447E+04
2275			-6.2451E+04
2280			-6.2452E+04
2285			-6.2455E+04
2290			-6.2458E+04
2295			-6.2461E+04
2300			-6.2465E+04
2305			-6.2466E+04
2310			-6.2468E+04
2315			-6.2473E+04
2320			-6.2475E+04
2325			-6.2480E+04
2330			-6.2481E+04
2335			-6.2485E+04
2340			-6.2487E+04
2345			-6.2491E+04
2350			-6.2495E+04
2355			-6.2496E+04
2360			-6.2499E+04
2365			-6.2504E+04
2370			-6.2505E+04
2375			-6.2512E+04
2380			-6.2513E+04
2385			-6.2517E+04
2390			-6.2519E+04
2395			-6.2523E+04
2400			-6.2527E+04
2405			-6.2528E+04
2410			-6.2530E+04
2415			-6.2535E+04
2420			-6.2536E+04
2425			-6.2551E+04
2430			-6.2553E+04
2435			-6.2564E+04
2440			-6.2566E+04
2445			-6.2570E+04
2450			-6.2573E+04
2455			-6.2574E+04
2460			-6.2575E+04
2465			-6.2580E+04
2470			-6.2581E+04
2475			-6.2588E+04
2480			-6.2589E+04
2485			-6.2593E+04
2490			-6.2597E+04
2495			-6.2599E+04
2500			-6.2602E+04
2505			-6.2602E+04
2510			-6.2604E+04
2515			-6.2608E+04
2520			-6.2610E+04
2525			-6.2616E+04
2530			-6.2617E+04
2535			-6.2621E+04
2540			-6.2624E+04
2545			-6.2626E+04
2550			-6.2629E+04
2555			-6.2630E+04
2560			-6.2632E+04
2565			-6.2635E+04
2570			-6.2638E+04
2575			-6.2643E+04
2580			-6.2645E+04
2585			-6.2649E+04
2590			-6.2653E+04
2595			-6.2655E+04
2600			-6.2657E+04
2605			-6.2658E+04
2610			-6.2660E+04
2615			-6.2664E+04
2620			-6.2667E+04
2625			-6.2672E+04
2630			-6.2673E+04
2635			-6.2677E+04
2640			-6.2681E+04
2645			-6.2683E+04
2650			-6.2686E+04
2655			-6.2686E+04
2660			-6.2688E+04
2665			-6.2692E+04
2670			-6.2694E+04
2675			-6.2700E+04
2680			-6.2701E+04
2685			-6.2704E+04
2690			-6.2707E+04
2695			-6.2710E+04
2700			-6.2713E+04
2705			-6.2713E+04
2710			-6.2715E+04
2715			-6.2719E+04
2720			-6.2721E+04
2725			-6.2726E+04
2730			-6.2727E+04
2735			-6.2731E+04
2740			-6.2734E+04
2745			-6.2737E+04
2750			-6.2739E+04
2755			-6.2740E+04
2760			-6.2742E+04
2765			-6.2746E+04
2770			-6.2748E+04
2775			-6.2753E+04
2780			-6.2754E+04
2785			-6.2757E+04
2790			-6.2760E+04
2795			-6.2762E+04
2800			-6.2765E+04
2805			-6.2765E+04
2810			-6.2767E+04
2815			-6.2770E+04
2820			-6.2772E+04
2825			-6.2777E+04
2830			-6.2779E+04
2835			-6.2782E+04
2840			-6.2785E+04
2845			-6.2787E+04
2850			-6.2789E+04
2855			-6.2790E+04
2860			-6.2791E+04
2865			-6.2795E+04
2870			-6.2797E+04
2875			-6.2802E+04
2880			-6.2803E+04
2885			-6.2807E+04
2890			-6.2811E+04
2895			-6.2813E+04
2900			-6.2814E+04
2905			-6.2815E+04
2910			-6.2816E+04
2915			-6.2819E+04
2920			-6.2824E+04
2925			-6.2830E+04
2930			-6.2832E+04
2935			-6.2837E+04
2940			-6.2842E+04
2945			-6.2844E+04
2950			-6.2845E+04
2955			-6.2845E+04
2960			-6.2847E+04
2965			-6.2850E+04
2970			-6.2854E+04
2975			-6.2861E+04
2980			-6.2862E+04
2985			-6.2867E+04
2990			-6.2871E+04
2995			-6.2872E+04
3000			-6.2874E+04
3005			-6.2874E+04
3010			-6.2875E+04
3015			-6.2878E+04
3020			-6.2881E+04
3025			-6.2887E+04
3030			-6.2888E+04
3035			-6.2892E+04
3040			-6.2896E+04
3045			-6.2897E+04
3050			-6.2899E+04
3055			-6.2899E+04
3060			-6.2900E+04
3065			-6.2903E+04
3070			-6.2907E+04
3075			-6.2913E+04
3080			-6.2914E+04
3085			-6.2918E+04
3090			-6.2922E+04
3095			-6.2924E+04
3100			-6.2925E+04
3105			-6.2925E+04
3110			-6.2927E+04
3115			-6.2929E+04
3120			-6.2932E+04
3125			-6.2938E+04
3130			-6.2939E+04
3135			-6.2943E+04
3140			-6.2947E+04
3145			-6.2948E+04
3150			-6.2950E+04
3155			-6.2950E+04
3160			-6.2951E+04
3165			-6.2954E+04
3170			-6.2957E+04
3175			-6.2963E+04
3180			-6.2964E+04
3185			-6.2968E+04
3190			-6.2971E+04
3195			-6.2973E+04
3200			-6.2974E+04
3205			-6.2974E+04
3210			-6.2975E+04
3215			-6.2978E+04
3220			-6.2982E+04
3225			-6.2988E+04
3230			-6.2990E+04
3235			-6.2995E+04
3240			-6.3000E+04
3245			-6.3001E+04
3250			-6.3003E+04
3255			-6.3003E+04
3260			-6.3004E+04
3265			-6.3006E+04
3270			-6.3011E+04
3275			-6.3016E+04
3280			-6.3017E+04
3285			-6.3021E+04
3290			-6.3026E+04
3295			-6.3027E+04
3300			-6.3028E+04
3305			-6.3029E+04
3310			-6.3030E+04
3315			-6.3031E+04
3320			-6.3040E+04
3325			-6.3049E+04
3330			-6.3050E+04
3335			-6.3056E+04
3340			-6.3061E+04
3345			-6.3062E+04
3350			-6.3064E+04
3355			-6.3065E+04
3360			-6.3065E+04
3365			-6.3067E+04
3370			-6.3073E+04
3375			-6.3087E+04
3380			-6.3089E+04
3385			-6.3095E+04
3390			-6.3100E+04
3395			-6.3101E+04
3400			-6.3103E+04
3405			-6.3104E+04
3410			-6.3104E+04
3415			-6.3106E+04
3420			-6.3112E+04
3425			-6.3115E+04
3430			-6.3116E+04
3435			-6.3119E+04
3440			-6.3121E+04
3445			-6.3123E+04
3450			-6.3125E+04
3455			-6.3126E+04
3460			-6.3127E+04
3465			-6.3128E+04
3470			-6.3130E+04
3475			-6.3133E+04
3480			-6.3133E+04
3485			-6.3135E+04
3490			-6.3137E+04
3495			-6.3137E+04
3500			-6.3138E+04
3505			-6.3139E+04
3510			-6.3140E+04
3515			-6.3141E+04
3520			-6.3142E+04
3525			-6.3145E+04
3530			-6.3146E+04
3535			-6.3147E+04
3540			-6.3148E+04
3545			-6.3149E+04
3550			-6.3150E+04
3555			-6.3150E+04
3560			-6.3151E+04
3565			-6.3152E+04
3570			-6.3154E+04
3575			-6.3156E+04
3580			-6.3157E+04
3585			-6.3158E+04
3590			-6.3160E+04
3595			-6.3160E+04
3600			-6.3162E+04
3605			-6.3162E+04
3610			-6.3163E+04
3615			-6.3164E+04
3620			-6.3165E+04
3625			-6.3168E+04
3630			-6.3169E+04
3635			-6.3170E+04
3640			-6.3172E+04
3645			-6.3173E+04
3650			-6.3174E+04
3655			-6.3174E+04
3660			-6.3175E+04
3665			-6.3176E+04
3670			-6.3178E+04
3675			-6.3181E+04
3680			-6.3182E+04
3685			-6.3183E+04
3690			-6.3185E+04
3695			-6.3186E+04
3700			-6.3187E+04
3705			-6.3188E+04
3710			-6.3188E+04
3715			-6.3190E+04
3720			-6.3192E+04
3725			-6.3194E+04
3730			-6.3195E+04
3735			-6.3196E+04
3740			-6.3198E+04
3745			-6.3199E+04
3750			-6.3200E+04
3755			-6.3200E+04
3760			-6.3201E+04
3765			-6.3202E+04
3770			-6.3204E+04
3775			-6.3208E+04
3780			-6.3209E+04
3785			-6.3210E+04
3790			-6.3213E+04
3795			-6.3213E+04
3800			-6.3214E+04
3805			-6.3215E+04
3810			-6.3216E+04
3815			-6.3217E+04
3820			-6.3218E+04
3825			-6.3221E+04
3830			-6.3221E+04
3835			-6.3223E+04
3840			-6.3225E+04
3845			-6.3225E+04
3850			-6.3226E+04
3855			-6.3226E+04
3860			-6.3227E+04
3865			-6.3228E+04
3870			-6.3230E+04
3875			-6.3233E+04
3880			-6.3233E+04
3885			-6.3235E+04
3890			-6.3237E+04
3895			-6.3237E+04
3900			-6.3240E+04
3905			-6.3242E+04
3910			-6.3243E+04
3915			-6.3244E+04
3920			-6.3245E+04
3925			-6.3246E+04
3930			-6.3247E+04
3935			-6.3247E+04
3940			-6.3249E+04
3945			-6.3249E+04
3950			-6.3250E+04
3955			-6.3251E+04
3960			-6.3251E+04
3965			-6.3252E+04
3970			-6.3253E+04
3975			-6.3254E+04
3980			-6.3254E+04
3985			-6.3255E+04
3990			-6.3256E+04
3995			-6.3257E+04
4000			-6.3258E+04
4005			-6.3258E+04
4010			-6.3259E+04
4015			-6.3260E+04
4020			-6.3261E+04
4025			-6.3262E+04
4030			-6.3262E+04
4035			-6.3263E+04
4040			-6.3264E+04
4045			-6.3264E+04
4050			-6.3265E+04
4055			-6.3265E+04
4060			-6.3266E+04
4065			-6.3267E+04
4070			-6.3268E+04
4075			-6.3269E+04
4080			-6.3269E+04
4085			-6.3270E+04
4090			-6.3271E+04
4095			-6.3272E+04
4100			-6.3273E+04
4105			-6.3273E+04
4110			-6.3274E+04
4115			-6.3275E+04
4120			-6.3275E+04
4125			-6.3276E+04
4130			-6.3276E+04
4135			-6.3277E+04
4140			-6.3278E+04
4145			-6.3279E+04
4150			-6.3280E+04
4155			-6.3281E+04
4160			-6.3281E+04
4165			-6.3282E+04
4170			-6.3283E+04
4175			-6.3284E+04
4180			-6.3284E+04
4185			-6.3285E+04
4190			-6.3286E+04
4195			-6.3287E+04
4200			-6.3288E+04
4205			-6.3288E+04
4210			-6.3289E+04
4215			-6.3290E+04
4220			-6.3291E+04
4225			-6.3291E+04
4230			-6.3292E+04
4235			-6.3293E+04
4240			-6.3294E+04
4245			-6.3295E+04
4250			-6.3296E+04
4255			-6.3296E+04
4260			-6.3297E+04
4265			-6.3298E+04
4270			-6.3299E+04
4275			-6.3301E+04
4280			-6.3301E+04
4285			-6.3302E+04
4290			-6.3303E+04
4295			-6.3304E+04
4300			-6.3305E+04
4305			-6.3305E+04
4310			-6.3306E+04
4315			-6.3307E+04
4320			-6.3308E+04
4325			-6.3310E+04
4330			-6.3311E+04
4335			-6.3312E+04
4340			-6.3313E+04
4345			-6.3314E+04
4350			-6.3314E+04
4355			-6.3314E+04
4360			-6.3315E+04
4365			-6.3317E+04
4370			-6.3317E+04
4375			-6.3319E+04
4380			-6.3320E+04
4385			-6.3321E+04
4390			-6.3322E+04
4395			-6.3323E+04
4400			-6.3324E+04
4405			-6.3324E+04
4410			-6.3325E+04
4415			-6.3326E+04
4420			-6.3327E+04
4425			-6.3329E+04
4430			-6.3330E+04
4435			-6.3331E+04
4440			-6.3332E+04
4445			-6.3333E+04
4450			-6.3334E+04
4455			-6.3333E+04
4460			-6.3335E+04
4465			-6.3335E+04
4470			-6.3337E+04
4475			-6.3338E+04
4480			-6.3340E+04
4485			-6.3340E+04
4490			-6.3341E+04
4495			-6.3342E+04
4500			-6.3343E+04
4505			-6.3343E+04
4510			-6.3344E+04
4515			-6.3345E+04
4520			-6.3346E+04
4525			-6.3349E+04
4530			-6.3351E+04
4535			-6.3353E+04
4540			-6.3353E+04
4545			-6.3354E+04
4550			-6.3356E+04
4555			-6.3356E+04
4560			-6.3358E+04
4565			-6.3359E+04
4570			-6.3360E+04
4575			-6.3364E+04
4580			-6.3365E+04
4585			-6.3366E+04
4590			-6.3366E+04
4595			-6.3367E+04
4600			-6.3368E+04
4605			-6.3368E+04
4610			-6.3370E+04
4615			-6.3371E+04
4620			-6.3371E+04
4625			-6.3373E+04
4630			-6.3374E+04
4635			-6.3375E+04
4640			-6.3376E+04
4645			-6.3377E+04
4650			-6.3378E+04
4655			-6.3378E+04
4660			-6.3379E+04
4665			-6.3380E+04
4670			-6.3381E+04
4675			-6.3383E+04
4680			-6.3384E+04
4685			-6.3385E+04
4690			-6.3386E+04
4695			-6.3387E+04
4700			-6.3388E+04
4705			-6.3388E+04
4710			-6.3389E+04
4715			-6.3390E+04
4720			-6.3391E+04
4725			-6.3392E+04
4730			-6.3393E+04
4735			-6.3394E+04
4740			-6.3395E+04
4745			-6.3396E+04
4750			-6.3397E+04
4755			-6.3396E+04
4760			-6.3397E+04
4765			-6.3399E+04
4770			-6.3400E+04
4775			-6.3401E+04
4780			-6.3402E+04
4785			-6.3403E+04
4790			-6.3404E+04
4795			-6.3405E+04
4800			-6.3406E+04
4805			-6.3406E+04
4810			-6.3407E+04
4815			-6.3408E+04
4820			-6.3409E+04
4825			-6.3411E+04
4830			-6.3411E+04
4835			-6.3413E+04
4840			-6.3414E+04
4845			-6.3414E+04
4850			-6.3415E+04
4855			-6.3415E+04
4860			-6.3416E+04
4865			-6.3417E+04
4870			-6.3418E+04
4875			-6.3419E+04
4880			-6.3420E+04
4885			-6.3421E+04
4890			-6.3422E+04
4895			-6.3422E+04
4900			-6.3423E+04
4905			-6.3423E+04
4910			-6.3424E+04
4915			-6.3425E+04
4920			-6.3426E+04
4925			-6.3427E+04
4930			-6.3428E+04
4935			-6.3429E+04
4940			-6.3430E+04
4945			-6.3430E+04
4950			-6.3431E+04
4955			-6.3431E+04
4960			-6.3432E+04
4965			-6.3433E+04
4970			-6.3433E+04
4975			-6.3435E+04
4980			-6.3435E+04
4985			-6.3436E+04
4990			-6.3437E+04
4995			-6.3438E+04
5000			-6.3439E+04
5000			-6.3439E+04
