  -0.591
  -0.011
   0.192
   0.829
  -0.655
  -0.881
   1.555
  -1.617
  -0.099
   0.034
   0.020
  -0.063
  -1.491
  -0.072
  -2.217
  -1.866
   0.409
   0.538
   0.679
   0.021
  -0.779
   0.961
   1.109
   3.381
  -0.114
  -0.577
  -1.539
  -0.563
  -0.283
   0.400
  -1.561
  -0.165
  -1.617
  -0.196
   1.484
  -1.215
  -0.103
  -0.148
   0.658
   2.852
   2.087
   0.767
  -0.662
  -0.700
   0.391
   1.283
   0.785
  -1.577
   1.190
  -0.977
  -3.095
  -2.316
   5.145
  -0.427
   2.776
   4.939
   4.091
  -2.400
   1.018
  -0.862
   3.283
  -0.666
   1.286
   3.770
   0.427
   1.283
   0.333
   3.178
  -1.146
   2.114
   2.260
   0.871
  -1.123
   2.262
  -0.923
   0.878
  -1.489
  -1.767
  -1.461
  -1.364
  -2.362
  -2.743
  -1.588
   0.353
   0.642
  -1.030
   1.012
   0.148
   0.521
   0.966
  -1.176
  -1.744
  -0.502
   1.090
   0.832
  -0.456
   1.727
   0.648
  -0.367
  -1.051
   0.255
  -1.627
  -2.208
   2.159
   0.364
  -0.829
   0.740
   0.364
  -1.126
  -1.515
  -1.626
  -1.970
   2.107
  -4.093
   1.135
   0.442
   0.930
  -0.926
   2.245
  -2.211
   1.080
  -1.569
   2.417
   0.931
   3.081
  -1.693
  -0.273
   1.263
   0.282
   0.305
   0.739
  -0.320
   2.356
   1.138
   0.537
   0.109
  -0.309
  -1.434
   0.005
   0.982
   0.840
   0.149
  -0.028
   1.183
   2.173
  -0.572
  -1.685
  -0.865
   1.676
   0.788
  -0.689
  -1.627
  -0.533
  -1.125
   1.520
   1.210
   0.836
   1.173
  -0.943
   0.268
   0.293
  -0.368
  -1.683
   0.255
  -2.018
  -0.218
   0.627
   3.171
   0.535
  -1.412
  -1.278
   2.030
  -0.623
   2.045
  -0.424
  -2.587
   0.947
   2.154
   1.639
   0.964
   2.904
  -2.467
   2.076
   0.091
   2.043
   0.340
  -1.542
  -0.839
   2.975
  -0.147
  -1.432
   0.397
  -0.007
   1.450
  -2.627
  -3.376
   3.273
  -0.125
  -3.346
   0.223
   0.096
  -0.009
   2.943
   1.109
   0.096
   0.976
  -0.896
   2.503
   0.468
  -1.363
   0.409
   1.766
  -2.704
   0.144
   2.112
  -1.857
  -1.762
  -2.205
  -0.257
   0.967
  -0.646
   1.150
   0.584
   1.671
   1.217
   0.898
   3.091
  -0.104
   0.354
  -4.500
  -2.256
  -1.846
   3.446
  -3.348
  -1.581
   3.311
  -2.013
   1.947
   2.387
   0.092
   0.180
   0.192
  -0.928
  -1.306
   0.754
  -0.399
   0.196
   1.844
   0.323
  -1.401
   1.994
  -1.191
  -1.265
   0.343
   0.017
  -0.115
   2.307
  -0.015
  -0.203
   1.461
   0.477
   1.916
  -0.050
  -1.237
   0.901
  -2.493
   3.054
  -0.008
  -1.278
  -0.430
  -0.702
  -1.129
   1.494
   3.397
  -3.486
   0.376
   0.656
  -4.135
   1.219
  -1.414
  -2.567
   0.705
  -0.287
  -1.608
   0.345
  -1.172
   0.772
   2.148
  -2.997
   0.038
   1.816
   2.351
   0.601
  -0.828
   0.907
  -1.241
  -0.264
  -0.291
   0.769
  -1.861
  -3.970
   1.852
   6.792
  -0.838
   3.191
   0.602
  -0.252
   1.003
   2.822
   2.005
  -0.981
  -0.576
  -1.022
   0.217
  -0.703
   1.584
  -2.240
  -2.651
  -2.481
   4.088
  -1.312
  -3.215
  -0.596
   1.167
   1.784
   0.966
  -0.284
  -3.569
   3.498
   0.411
  -3.557
   1.682
  -1.126
