  -0.359
  -0.968
  -0.928
  -0.040
  -0.201
   0.613
  -1.619
   1.872
  -1.177
   0.648
  -1.304
   1.803
  -0.283
   1.903
   0.065
   3.483
   0.880
   1.407
   0.005
   2.580
   2.449
   4.354
  -0.909
  -0.568
   0.811
  -0.438
   0.382
   2.649
  -3.848
  -6.670
   5.568
   0.834
  -2.627
   3.448
  -2.276
   1.823
  -0.380
  -3.097
  -4.096
   7.251
   3.512
  10.127
   4.077
  -4.823
   0.794
   2.656
  -1.087
   2.377
   0.294
   3.489
  -1.937
  -4.087
   1.387
  -3.209
  -2.027
   0.378
   4.011
  -1.484
   0.757
   1.293
  -8.157
   2.814
   2.859
  -1.775
   0.283
  -2.564
   1.146
  -0.434
   0.871
  -1.315
   1.299
  -0.751
   2.070
  -1.394
  -0.480
   0.296
   2.227
  -1.249
  -2.087
   0.085
   0.234
  -1.957
  -3.187
   0.604
   2.021
  -2.137
  -1.282
   1.109
  -2.564
   0.496
  -1.271
  -0.079
  -2.772
   2.391
  -0.131
  -1.766
  -2.761
  -2.804
   2.582
   4.600
   2.129
   1.973
  -2.407
  -2.469
  -1.119
  -0.844
  -2.629
  -1.233
  -1.989
   0.483
  -0.685
   2.288
   1.504
   2.080
   3.529
   0.519
   3.681
   2.452
  -0.803
  -2.289
  -1.375
   1.315
  -2.542
  -0.182
  -0.750
   2.479
  -2.322
  -1.747
   2.393
   2.366
   0.610
   2.695
   0.764
   1.293
  -0.413
  -0.071
   0.837
   0.026
   1.376
   0.804
   1.240
  -0.999
   0.688
   2.309
   2.276
   1.684
  -0.070
   4.401
  -0.923
   0.571
   1.342
  -2.127
  -2.807
   1.958
  -0.063
   3.297
  -1.067
  -0.026
   2.674
   1.374
   0.090
  -0.511
  -1.694
   1.243
   1.404
   1.008
   0.739
  -0.612
  -3.340
   0.622
   0.971
  -1.393
   1.531
  -0.359
   3.510
   0.098
   4.539
   2.608
  -2.813
  -2.035
   1.137
   0.326
  -0.640
  -1.567
   0.655
   0.163
   0.137
   2.395
  -1.514
   0.681
  -0.876
   2.546
  -3.702
   2.774
  -0.742
   2.771
   1.199
  -2.085
   4.882
   0.531
  -3.026
  -7.667
  -5.718
  -1.905
   1.746
  -5.993
  -0.514
   4.015
   1.491
   3.154
  -0.998
   0.417
   2.063
  -3.717
   5.503
   2.543
  -0.428
   0.343
   1.930
   2.366
  -1.357
  -1.080
   0.594
  -0.973
  -0.461
  -2.419
   0.641
  -2.760
  -5.381
   6.274
  -1.482
  -0.097
  -0.280
   4.257
  -2.543
  -1.120
  -6.814
   1.487
  -1.086
  -0.981
  -0.289
  -1.278
  -1.831
  -2.952
  -5.022
  -1.581
   2.547
   0.718
  -2.099
  -1.706
   0.969
  -1.276
  -0.021
  -0.053
   5.081
   5.721
  -2.549
   1.114
   2.248
   1.696
   0.239
  -5.206
  -1.552
  -1.626
  -0.933
  -1.496
  -1.720
  -0.234
  -0.253
   0.616
  -0.793
  -0.943
   1.133
  -0.171
   0.740
  -3.293
  -0.950
  -0.279
  -1.651
  -0.748
   1.314
  -4.341
   0.530
  -3.902
   2.243
  -0.146
  -0.236
  -0.605
  -0.207
  -0.460
  -1.981
   0.913
   2.882
   3.533
  -1.518
  -0.070
  -1.540
  -1.597
   1.297
  -0.889
   2.190
   7.766
   3.547
   0.392
   2.096
  -2.627
  -2.311
  -1.973
  -2.195
   1.744
   1.601
  -2.341
   1.890
   4.901
  -0.708
   0.845
  -0.760
  -2.199
   4.528
   1.521
   1.909
   0.849
   4.343
   1.872
   5.014
   1.673
   0.983
  -1.028
   1.443
  -3.335
   1.721
  -2.497
  -2.593
