  
       0.000      -31160.3460
      10.000      -34601.6214
      20.000      -34535.7352
      30.000      -34625.8648
      40.000      -34890.8668
      50.000      -34701.6760
      60.000      -34729.9231
      70.000      -34712.8900
      80.000      -34631.5017
      90.000      -34832.9398
     100.000      -34532.7552
     110.000      -34813.7435
     120.000      -34735.9243
     130.000      -34591.4226
     140.000      -34518.6087
     150.000      -34685.6158
     160.000      -34679.3512
     170.000      -34699.2359
     180.000      -34911.5837
     190.000      -34726.5233
     200.000      -34826.1352
     210.000      -34958.3037
     220.000      -34783.5243
     230.000      -34654.1691
     240.000      -34678.0365
     250.000      -34780.9612
     260.000      -34524.7128
     270.000      -34525.5901
     280.000      -34814.2680
     290.000      -34806.9097
     300.000      -34579.3513
     310.000      -34675.6146
     320.000      -34671.4792
     330.000      -34744.1805
     340.000      -34901.7660
     350.000      -34676.4737
     360.000      -34600.1158
     370.000      -34691.0997
     380.000      -34722.2534
     390.000      -34755.4766
     400.000      -34800.6400
     410.000      -34924.9569
     420.000      -34801.3069
     430.000      -34502.8591
     440.000      -34721.1717
     450.000      -34730.3815
     460.000      -34648.9854
     470.000      -34932.5826
     480.000      -34689.2474
     490.000      -34708.0847
     500.000      -34696.0804
     510.000      -34680.4622
     520.000      -34818.4823
     530.000      -34699.7132
     540.000      -34670.6752
     550.000      -34654.5263
     560.000      -34529.2184
     570.000      -34842.6921
     580.000      -34612.1337
     590.000      -34622.4462
     600.000      -34916.2568
     610.000      -34719.9080
     620.000      -34685.0766
     630.000      -34590.4739
     640.000      -34701.2430
     650.000      -34751.9579
     660.000      -34647.8500
     670.000      -34598.7954
     680.000      -34704.6794
     690.000      -34706.2936
     700.000      -34803.9595
     710.000      -34594.1504
     720.000      -34567.3525
     730.000      -34592.0422
     740.000      -34727.0294
     750.000      -34730.2554
     760.000      -34511.5363
     770.000      -34636.4218
     780.000      -34816.1291
     790.000      -34577.4305
     800.000      -34485.8283
     810.000      -34692.9555
     820.000      -34696.6813
     830.000      -34774.8102
     840.000      -34533.4127
     850.000      -34745.1237
     860.000      -34617.9508
     870.000      -34727.7861
     880.000      -34580.9745
     890.000      -34619.9748
     900.000      -34809.2038
     910.000      -34832.9496
     920.000      -34827.5382
     930.000      -34447.9562
     940.000      -34917.9032
     950.000      -34723.9773
     960.000      -34950.0926
     970.000      -34800.8476
     980.000      -34858.1531
     990.000      -34529.0189
    1000.000      -34716.0915
    1010.000      -34712.1544
    1020.000      -34757.6072
    1030.000      -34896.1102
    1040.000      -34413.3615
    1050.000      -34741.9367
    1060.000      -34844.9971
    1070.000      -34682.0391
    1080.000      -34637.6660
    1090.000      -34726.3972
    1100.000      -34813.0629
    1110.000      -34744.3024
    1120.000      -34657.6625
    1130.000      -34767.6082
    1140.000      -34595.8169
    1150.000      -34756.7168
    1160.000      -34772.2926
    1170.000      -34768.0016
    1180.000      -34725.6413
    1190.000      -34648.8739
    1200.000      -34828.8408
    1210.000      -34598.5686
    1220.000      -34918.6802
    1230.000      -34935.2221
    1240.000      -34939.1933
    1250.000      -34681.2531
    1260.000      -34789.2008
    1270.000      -34922.3059
    1280.000      -34762.0598
    1290.000      -34766.9782
    1300.000      -34702.3717
    1310.000      -34766.7296
    1320.000      -34662.8432
    1330.000      -34729.0802
    1340.000      -34469.8468
    1350.000      -34811.1992
    1360.000      -34737.7792
    1370.000      -34659.2575
    1380.000      -34578.7089
    1390.000      -34583.2452
    1400.000      -34728.0813
    1410.000      -34909.8282
    1420.000      -34864.5591
    1430.000      -34563.6959
    1440.000      -34809.4158
    1450.000      -34660.2027
    1460.000      -34733.4221
    1470.000      -34544.4178
    1480.000      -34568.0665
    1490.000      -34627.3742
    1500.000      -34850.2792
    1510.000      -34942.7234
    1520.000      -34741.1637
    1530.000      -34775.1905
    1540.000      -34663.2689
    1550.000      -34761.9188
    1560.000      -34785.0969
    1570.000      -34721.7385
    1580.000      -34435.8757
    1590.000      -34858.4210
    1600.000      -34730.5779
    1610.000      -34862.2670
    1620.000      -34553.5439
    1630.000      -34593.7692
    1640.000      -34731.3089
    1650.000      -34910.8284
    1660.000      -34691.2039
    1670.000      -34810.8892
    1680.000      -34717.6829
    1690.000      -34724.6039
    1700.000      -34613.1519
    1710.000      -34735.3194
    1720.000      -34675.3769
    1730.000      -34795.8418
    1740.000      -34657.9486
    1750.000      -34789.0008
    1760.000      -34908.2093
    1770.000      -34641.5739
    1780.000      -34710.3244
    1790.000      -34983.2624
    1800.000      -34670.4278
    1810.000      -34470.5924
    1820.000      -34778.1253
    1830.000      -34695.1694
    1840.000      -34657.4590
    1850.000      -34832.7612
    1860.000      -34802.9000
    1870.000      -34668.6191
    1880.000      -34707.3829
    1890.000      -34663.2366
    1900.000      -34918.4013
    1910.000      -34570.8168
    1920.000      -34926.3195
    1930.000      -34688.3038
    1940.000      -34785.0820
    1950.000      -34830.8496
    1960.000      -34835.0228
    1970.000      -34615.5689
    1980.000      -34561.6483
    1990.000      -34692.0127
    2000.000      -34904.3450
    2010.000      -34809.3732
    2020.000      -34963.5556
    2030.000      -34819.9080
    2040.000      -34774.6035
    2050.000      -34851.1913
    2060.000      -34908.3087
    2070.000      -34615.4089
    2080.000      -34907.8216
    2090.000      -34771.4996
    2100.000      -34849.9938
    2110.000      -34958.0532
    2120.000      -34602.0066
    2130.000      -34633.3296
    2140.000      -34834.7966
    2150.000      -34647.1736
    2160.000      -34799.6116
    2170.000      -34634.0347
    2180.000      -34737.3072
    2190.000      -34889.0982
    2200.000      -34743.7694
    2210.000      -34632.7108
    2220.000      -34451.2051
    2230.000      -34701.0397
    2240.000      -34688.6562
    2250.000      -34857.5362
    2260.000      -34540.5063
    2270.000      -34782.0198
    2280.000      -34605.7163
    2290.000      -34843.3296
    2300.000      -34770.4409
    2310.000      -34675.9615
    2320.000      -34908.3859
    2330.000      -34780.1234
    2340.000      -34828.7582
    2350.000      -34748.2946
    2360.000      -34622.4437
    2370.000      -34855.8289
    2380.000      -34770.2018
    2390.000      -34818.4262
    2400.000      -34554.3758
    2410.000      -34795.8197
    2420.000      -34654.8901
    2430.000      -34549.7865
    2440.000      -34826.9753
    2450.000      -34630.3805
    2460.000      -34748.9488
    2470.000      -34726.5889
    2480.000      -34714.9993
    2490.000      -34699.6863
    2500.000      -34872.2659
    2510.000      -34868.6333
    2520.000      -34549.7941
    2530.000      -34635.6448
    2540.000      -34816.4221
    2550.000      -34679.9959
    2560.000      -34964.4055
    2570.000      -34766.1083
    2580.000      -34517.9451
    2590.000      -34741.6180
    2600.000      -34636.9729
    2610.000      -34838.2528
    2620.000      -34768.7954
    2630.000      -34629.0050
    2640.000      -34734.3222
    2650.000      -34957.9915
    2660.000      -34660.6816
    2670.000      -34561.5955
    2680.000      -34961.4205
    2690.000      -34669.9853
    2700.000      -34773.5792
    2710.000      -34688.9735
    2720.000      -34399.3964
    2730.000      -34833.5339
    2740.000      -34925.5591
    2750.000      -34648.3519
    2760.000      -34580.4250
    2770.000      -34893.7431
    2780.000      -34845.0191
    2790.000      -34824.4681
    2800.000      -34667.6291
    2810.000      -34775.1448
    2820.000      -34711.8350
    2830.000      -34638.6614
    2840.000      -34844.8967
    2850.000      -34750.0158
    2860.000      -34592.4534
    2870.000      -34721.9936
    2880.000      -34628.3197
    2890.000      -34583.8296
    2900.000      -34602.0063
    2910.000      -35014.0450
    2920.000      -34635.1276
    2930.000      -34672.2201
    2940.000      -34681.0386
    2950.000      -34581.5814
    2960.000      -34538.0713
    2970.000      -34756.7512
    2980.000      -34869.7921
    2990.000      -34838.7285
    3000.000      -34968.0121
    3010.000      -34776.6477
    3020.000      -34654.7439
    3030.000      -34693.4771
    3040.000      -34660.3202
    3050.000      -34700.1429
    3060.000      -34450.3532
    3070.000      -34627.5089
    3080.000      -34800.8589
    3090.000      -34619.0649
    3100.000      -34638.5127
    3110.000      -35008.5288
    3120.000      -34574.9850
    3130.000      -34638.9311
    3140.000      -34840.2343
    3150.000      -34572.0687
    3160.000      -34566.9720
    3170.000      -34704.6661
    3180.000      -34771.2867
    3190.000      -34753.1062
    3200.000      -35116.8830
    3210.000      -34947.3232
    3220.000      -34758.4227
    3230.000      -34801.5144
    3240.000      -34821.8177
    3250.000      -34668.1269
    3260.000      -34587.7882
    3270.000      -34798.0933
    3280.000      -34552.5054
    3290.000      -34793.7989
    3300.000      -34591.2635
    3310.000      -34496.4367
    3320.000      -34624.9158
    3330.000      -34644.7821
    3340.000      -34570.4494
    3350.000      -34669.4926
    3360.000      -34836.5781
    3370.000      -34771.5851
    3380.000      -34825.2205
    3390.000      -34619.3221
    3400.000      -34754.2920
    3410.000      -34845.6104
    3420.000      -34967.1833
    3430.000      -34560.3567
    3440.000      -34927.6019
    3450.000      -34886.9746
    3460.000      -34560.0287
    3470.000      -34707.4007
    3480.000      -34859.5812
    3490.000      -34710.7579
    3500.000      -34591.2400
    3510.000      -34799.4369
    3520.000      -34504.0312
    3530.000      -35037.7201
    3540.000      -34598.7076
    3550.000      -34549.4802
    3560.000      -34401.5753
    3570.000      -34647.4156
    3580.000      -34730.9336
    3590.000      -34743.7990
    3600.000      -34859.6173
    3610.000      -34754.4176
    3620.000      -34757.9218
    3630.000      -34614.2911
    3640.000      -34675.9628
    3650.000      -34859.1302
    3660.000      -34792.7975
    3670.000      -34619.2088
    3680.000      -34748.0950
    3690.000      -34435.2804
    3700.000      -34793.1794
    3710.000      -34795.7500
    3720.000      -34482.0883
    3730.000      -34693.4679
    3740.000      -34771.0424
    3750.000      -34454.1296
    3760.000      -34767.9709
    3770.000      -34503.5803
    3780.000      -34804.0903
    3790.000      -34598.5978
    3800.000      -34491.8312
    3810.000      -34397.7251
    3820.000      -34839.1999
    3830.000      -34559.2591
    3840.000      -34712.7607
    3850.000      -34647.1811
    3860.000      -34698.6086
    3870.000      -34712.3429
    3880.000      -34782.2921
    3890.000      -34559.7790
    3900.000      -34692.3480
    3910.000      -34703.6036
    3920.000      -34865.0384
    3930.000      -34762.2481
    3940.000      -34884.3177
    3950.000      -34811.8559
    3960.000      -34719.8027
    3970.000      -35005.5825
    3980.000      -34691.8445
    3990.000      -34744.2459
    4000.000      -34897.3980
    4010.000      -34839.9535
    4020.000      -34620.3341
    4030.000      -34736.1739
    4040.000      -34717.4960
    4050.000      -34801.6636
    4060.000      -34749.8623
    4070.000      -34831.2114
    4080.000      -34839.5901
    4090.000      -34718.2225
    4100.000      -34530.0160
    4110.000      -34488.2608
    4120.000      -34747.7049
    4130.000      -34685.2840
    4140.000      -34658.6007
    4150.000      -34655.4782
    4160.000      -34671.5129
    4170.000      -34714.8881
    4180.000      -34690.8231
    4190.000      -34909.5355
    4200.000      -34910.7177
    4210.000      -34632.3958
    4220.000      -34753.5353
    4230.000      -34725.2560
    4240.000      -34830.8730
    4250.000      -34935.0757
    4260.000      -34864.5512
    4270.000      -34719.5205
    4280.000      -34699.7269
    4290.000      -34615.7494
    4300.000      -34697.4869
    4310.000      -34985.4188
    4320.000      -34943.7896
    4330.000      -34303.9245
    4340.000      -34692.8969
    4350.000      -34560.7628
    4360.000      -34774.8031
    4370.000      -34509.9938
    4380.000      -34947.1443
    4390.000      -34814.6139
    4400.000      -34643.8407
    4410.000      -34645.0242
    4420.000      -34478.6393
    4430.000      -34744.7312
    4440.000      -34873.7947
    4450.000      -34773.4526
    4460.000      -34676.6170
    4470.000      -34605.6822
    4480.000      -34555.6411
    4490.000      -34843.5791
    4500.000      -34594.9671
    4510.000      -34529.8723
    4520.000      -34543.0546
    4530.000      -34508.4482
    4540.000      -34682.8376
    4550.000      -34683.9091
    4560.000      -34843.8676
    4570.000      -34555.1870
    4580.000      -34675.1240
    4590.000      -34711.5325
    4600.000      -34959.3628
    4610.000      -34717.4101
    4620.000      -34815.7788
    4630.000      -34593.0225
    4640.000      -34580.6957
    4650.000      -34602.5520
    4660.000      -34583.1629
    4670.000      -34949.3852
    4680.000      -34728.8709
    4690.000      -34693.7846
    4700.000      -34691.8531
    4710.000      -34709.3451
    4720.000      -34615.0330
    4730.000      -34625.2790
    4740.000      -34646.0513
    4750.000      -34824.2813
    4760.000      -34706.2452
    4770.000      -34724.6601
    4780.000      -34653.7250
    4790.000      -34728.3762
    4800.000      -34511.6161
    4810.000      -34566.6183
    4820.000      -34686.2916
    4830.000      -34829.7342
    4840.000      -34678.9080
    4850.000      -34669.8105
    4860.000      -34718.3569
    4870.000      -34677.7181
    4880.000      -34825.6894
    4890.000      -34487.6704
    4900.000      -34690.9017
    4910.000      -34611.2601
    4920.000      -34920.0784
    4930.000      -34709.0616
    4940.000      -34784.8703
    4950.000      -34855.1585
    4960.000      -34661.5628
    4970.000      -34719.8757
    4980.000      -34659.5297
    4990.000      -34656.8747
    5000.000      -34922.0821
    5010.000      -34858.8636
    5020.000      -34470.9138
    5030.000      -34491.1644
    5040.000      -34494.3532
    5050.000      -34738.9614
    5060.000      -34674.3164
    5070.000      -34729.1688
    5080.000      -34775.1159
    5090.000      -34734.2341
    5100.000      -34662.4208
    5110.000      -34625.6556
    5120.000      -34849.8659
    5130.000      -34930.8279
    5140.000      -34559.5202
    5150.000      -34743.7496
    5160.000      -34860.5031
    5170.000      -34899.1353
    5180.000      -34695.8101
    5190.000      -34629.8682
    5200.000      -34933.4945
    5210.000      -34842.4268
    5220.000      -34586.3587
    5230.000      -34600.1528
    5240.000      -34794.4285
    5250.000      -34709.9208
    5260.000      -34717.3810
    5270.000      -34492.4219
    5280.000      -34719.7596
    5290.000      -34697.4600
    5300.000      -34817.2320
    5310.000      -34673.6240
    5320.000      -34979.9152
    5330.000      -34765.2223
    5340.000      -34663.6316
    5350.000      -35002.3315
    5360.000      -34565.1977
    5370.000      -34469.6481
    5380.000      -34623.2158
    5390.000      -34776.4648
    5400.000      -34766.9760
    5410.000      -34448.5655
    5420.000      -34760.9369
    5430.000      -34657.3739
    5440.000      -34659.7398
    5450.000      -34781.0771
    5460.000      -34573.2181
    5470.000      -34628.3265
    5480.000      -34641.1845
    5490.000      -34755.3221
    5500.000      -34515.2198
    5510.000      -34754.1085
    5520.000      -34749.4298
    5530.000      -34791.3812
    5540.000      -34527.4679
    5550.000      -34944.1561
    5560.000      -34839.6221
    5570.000      -34645.9511
    5580.000      -34547.9515
    5590.000      -34670.1228
    5600.000      -34837.0306
    5610.000      -34760.5811
    5620.000      -34878.8110
    5630.000      -34536.3721
    5640.000      -34512.4951
    5650.000      -34705.1037
    5660.000      -34937.1615
    5670.000      -34920.4054
    5680.000      -34662.0690
    5690.000      -34595.5102
    5700.000      -34864.0087
    5710.000      -34886.6746
    5720.000      -34888.9952
    5730.000      -34580.7278
    5740.000      -34859.2823
    5750.000      -34767.8880
    5760.000      -34534.3706
    5770.000      -34714.7785
    5780.000      -34745.3586
    5790.000      -34883.9896
    5800.000      -34653.6880
    5810.000      -34690.9025
    5820.000      -34692.5053
    5830.000      -34820.4750
    5840.000      -34746.7572
    5850.000      -34739.5489
    5860.000      -34756.9505
    5870.000      -34873.8570
    5880.000      -34717.3494
    5890.000      -34646.8006
    5900.000      -34582.0664
    5910.000      -34992.1108
    5920.000      -34649.5167
    5930.000      -34762.3578
    5940.000      -34516.6105
    5950.000      -34639.7953
    5960.000      -34539.5368
    5970.000      -34799.6617
    5980.000      -34269.3573
    5990.000      -34723.4765
    6000.000      -34806.3045
    6010.000      -34652.7124
    6020.000      -34770.8272
    6030.000      -34755.6089
    6040.000      -34640.0071
    6050.000      -34932.2459
    6060.000      -34745.5853
    6070.000      -34762.9369
    6080.000      -34982.1407
    6090.000      -34817.0020
    6100.000      -34639.8480
    6110.000      -34702.7902
    6120.000      -34634.7433
    6130.000      -34514.6662
    6140.000      -34537.6672
    6150.000      -34761.7134
    6160.000      -34691.5795
    6170.000      -34653.9453
    6180.000      -34676.6074
    6190.000      -34771.2209
    6200.000      -34951.9268
    6210.000      -34558.2442
    6220.000      -34776.0402
    6230.000      -34629.4491
    6240.000      -34928.8527
    6250.000      -34757.7080
    6260.000      -34779.0032
    6270.000      -34922.4787
    6280.000      -34857.9870
    6290.000      -34765.1089
    6300.000      -34694.2997
    6310.000      -34943.4499
    6320.000      -34654.6487
    6330.000      -34776.5525
    6340.000      -34685.2281
    6350.000      -34868.0539
    6360.000      -34758.7437
    6370.000      -34802.8314
    6380.000      -34763.2481
    6390.000      -34784.6931
    6400.000      -34718.4140
    6410.000      -34709.6746
    6420.000      -34848.1667
    6430.000      -34854.5643
    6440.000      -34644.3163
    6450.000      -34548.9797
    6460.000      -34779.6021
    6470.000      -34624.2997
    6480.000      -34759.2795
    6490.000      -34571.7552
    6500.000      -34643.7949
    6510.000      -34550.2047
    6520.000      -34779.1688
    6530.000      -34762.1393
    6540.000      -34597.9601
    6550.000      -34580.0955
    6560.000      -34788.4337
    6570.000      -34645.8415
    6580.000      -34811.9306
    6590.000      -34770.7076
    6600.000      -34531.6913
    6610.000      -34831.9079
    6620.000      -34677.9303
    6630.000      -34693.2059
    6640.000      -34648.2674
    6650.000      -34650.4673
    6660.000      -34564.0257
    6670.000      -34616.5914
    6680.000      -34601.8110
    6690.000      -34964.7454
    6700.000      -34631.3213
    6710.000      -34430.5698
    6720.000      -34828.8210
    6730.000      -34611.8312
    6740.000      -34658.0258
    6750.000      -34699.1313
    6760.000      -34617.5451
    6770.000      -34466.1000
    6780.000      -34756.7380
    6790.000      -34831.5476
    6800.000      -34624.3693
    6810.000      -34494.7899
    6820.000      -34615.5483
    6830.000      -34641.6970
    6840.000      -34892.7829
    6850.000      -35046.9018
    6860.000      -34863.9587
    6870.000      -34604.4983
    6880.000      -34652.2659
    6890.000      -34731.6609
    6900.000      -34716.7628
    6910.000      -34817.7279
    6920.000      -34885.9228
    6930.000      -34654.1097
    6940.000      -34877.9755
    6950.000      -34397.0865
    6960.000      -34703.5555
    6970.000      -34733.0196
    6980.000      -34625.8452
    6990.000      -34773.3110
    7000.000      -34609.4686
    7010.000      -34586.4672
    7020.000      -34585.9109
    7030.000      -34681.8569
    7040.000      -34727.8709
    7050.000      -34670.9452
    7060.000      -34680.1702
    7070.000      -34731.6991
    7080.000      -34736.3964
    7090.000      -34753.2217
    7100.000      -34570.3602
    7110.000      -34517.3307
    7120.000      -34653.8310
    7130.000      -34797.8960
    7140.000      -34814.6034
    7150.000      -34728.4185
    7160.000      -34780.2996
    7170.000      -34674.1560
    7180.000      -34541.9220
    7190.000      -34632.6530
    7200.000      -35069.5361
    7210.000      -34739.4746
    7220.000      -34700.1809
    7230.000      -34601.3761
    7240.000      -34649.5012
    7250.000      -34514.8038
    7260.000      -34993.1503
    7270.000      -34616.5723
    7280.000      -34726.3987
    7290.000      -35023.1434
    7300.000      -34735.2100
    7310.000      -34647.5606
    7320.000      -34536.1704
    7330.000      -34949.6826
    7340.000      -34781.5880
    7350.000      -34561.7416
    7360.000      -34796.1150
    7370.000      -34855.5792
    7380.000      -34521.7660
    7390.000      -34731.6263
    7400.000      -34794.9324
    7410.000      -34738.7567
    7420.000      -34773.6434
    7430.000      -34767.2550
    7440.000      -34717.7080
    7450.000      -34782.0821
    7460.000      -34579.9094
    7470.000      -34590.2409
    7480.000      -34336.6815
    7490.000      -34493.4262
    7500.000      -34592.0563
    7510.000      -34760.7032
    7520.000      -34673.3824
    7530.000      -34719.0757
    7540.000      -34731.0411
    7550.000      -34442.4397
    7560.000      -34477.7806
    7570.000      -34865.7388
    7580.000      -34579.6857
    7590.000      -34447.6522
    7600.000      -34574.0919
    7610.000      -34702.6971
    7620.000      -34752.8625
    7630.000      -34807.8149
    7640.000      -34843.8598
    7650.000      -34602.4394
    7660.000      -34583.1908
    7670.000      -34814.0606
    7680.000      -34536.1334
    7690.000      -34751.9188
    7700.000      -34890.7058
    7710.000      -34589.5224
    7720.000      -34739.6986
    7730.000      -34700.2961
    7740.000      -34528.9095
    7750.000      -34861.0966
    7760.000      -34695.2589
    7770.000      -34467.8245
    7780.000      -34561.3237
    7790.000      -34657.5200
    7800.000      -34716.3286
    7810.000      -34714.0488
    7820.000      -34730.2555
    7830.000      -34463.9574
    7840.000      -34802.0638
    7850.000      -34710.7982
    7860.000      -34631.1846
    7870.000      -34949.2823
    7880.000      -34817.9179
    7890.000      -34560.5708
    7900.000      -34770.9435
    7910.000      -34711.8335
    7920.000      -34757.3050
    7930.000      -34740.0891
    7940.000      -34612.7989
    7950.000      -34583.8325
    7960.000      -34650.0085
    7970.000      -34574.4952
    7980.000      -34550.2493
    7990.000      -34565.5118
    8000.000      -34689.5197
    8010.000      -34835.9569
    8020.000      -34422.4501
    8030.000      -34404.2072
    8040.000      -34665.4133
    8050.000      -34972.5948
    8060.000      -34695.0768
    8070.000      -34617.5772
    8080.000      -34701.7949
    8090.000      -34803.7628
    8100.000      -34687.3260
    8110.000      -34642.3681
    8120.000      -34748.8384
    8130.000      -34841.6775
    8140.000      -34641.6850
    8150.000      -34734.0863
    8160.000      -34587.0902
    8170.000      -34743.8642
    8180.000      -34555.6596
    8190.000      -34708.3012
    8200.000      -34768.1677
    8210.000      -34723.6705
    8220.000      -34850.9283
    8230.000      -34511.1520
    8240.000      -34688.5820
    8250.000      -34539.1583
    8260.000      -34639.7287
    8270.000      -34826.3460
    8280.000      -34708.2494
    8290.000      -34559.8251
    8300.000      -34645.1566
    8310.000      -34838.7455
    8320.000      -34629.6683
    8330.000      -34617.6851
    8340.000      -34563.4411
    8350.000      -34372.7669
    8360.000      -34836.6254
    8370.000      -34573.3447
    8380.000      -34608.7622
    8390.000      -34817.6696
    8400.000      -34546.5159
    8410.000      -34588.1977
    8420.000      -34874.6623
    8430.000      -34534.6142
    8440.000      -34569.8718
    8450.000      -34509.3241
    8460.000      -34869.1395
    8470.000      -34801.2370
    8480.000      -34577.5741
    8490.000      -34886.9056
    8500.000      -34642.8692
    8510.000      -34756.6415
    8520.000      -34639.0148
    8530.000      -34392.3692
    8540.000      -34604.0324
    8550.000      -34599.0821
    8560.000      -34453.2712
    8570.000      -34741.3238
    8580.000      -34812.0335
    8590.000      -34460.5275
    8600.000      -34754.9270
    8610.000      -34818.6627
    8620.000      -34665.2251
    8630.000      -34671.0056
    8640.000      -34940.1630
    8650.000      -34706.0213
    8660.000      -34582.3591
    8670.000      -34880.5884
    8680.000      -34832.7831
    8690.000      -34807.5063
    8700.000      -34510.6214
    8710.000      -34592.3811
    8720.000      -34615.2393
    8730.000      -34586.0491
    8740.000      -34801.8218
    8750.000      -34850.8964
    8760.000      -34662.9672
    8770.000      -34724.8058
    8780.000      -34711.4937
    8790.000      -34843.0444
    8800.000      -34885.2985
    8810.000      -34485.1564
    8820.000      -34496.3598
    8830.000      -34831.3988
    8840.000      -34655.0638
    8850.000      -34745.2016
    8860.000      -34692.5183
    8870.000      -34863.7126
    8880.000      -34680.2554
    8890.000      -34561.7626
    8900.000      -34602.9493
    8910.000      -34638.6036
    8920.000      -34753.5101
    8930.000      -34771.6427
    8940.000      -34722.2907
    8950.000      -34368.2502
    8960.000      -34542.3125
    8970.000      -34773.1286
    8980.000      -34747.1866
    8990.000      -34883.6359
    9000.000      -34841.6358
    9010.000      -34798.1910
    9020.000      -34593.5492
    9030.000      -34850.0060
    9040.000      -34690.8455
    9050.000      -34636.8842
    9060.000      -34479.0695
    9070.000      -34788.6392
    9080.000      -34804.9086
    9090.000      -34546.2261
    9100.000      -34579.4192
    9110.000      -34721.1044
    9120.000      -34807.6769
    9130.000      -34908.7027
    9140.000      -34803.3048
    9150.000      -34672.5775
    9160.000      -34629.1657
    9170.000      -34613.9397
    9180.000      -34518.2937
    9190.000      -34646.9356
    9200.000      -34954.2391
    9210.000      -34656.7079
    9220.000      -34874.4169
    9230.000      -34809.8448
    9240.000      -34694.8092
    9250.000      -34733.7561
    9260.000      -34655.7990
    9270.000      -34751.8711
    9280.000      -34979.9252
    9290.000      -34634.6567
    9300.000      -34718.5718
    9310.000      -34678.3513
    9320.000      -34517.2149
    9330.000      -34524.7558
    9340.000      -35016.5841
    9350.000      -34677.0306
    9360.000      -34873.2010
    9370.000      -34771.8080
    9380.000      -34819.0951
    9390.000      -34599.1820
    9400.000      -34739.6973
    9410.000      -34893.5466
    9420.000      -35043.5373
    9430.000      -34671.8779
    9440.000      -34764.1955
    9450.000      -34651.8515
    9460.000      -34668.8044
    9470.000      -34624.3883
    9480.000      -34680.6476
    9490.000      -34733.0684
    9500.000      -34861.4117
    9510.000      -34666.5247
    9520.000      -34676.7119
    9530.000      -34691.6953
    9540.000      -34723.8830
    9550.000      -34962.4546
    9560.000      -34777.8078
    9570.000      -34560.2797
    9580.000      -34709.7407
    9590.000      -34532.5870
    9600.000      -34512.0088
    9610.000      -34711.8103
    9620.000      -35021.6380
    9630.000      -34620.0612
    9640.000      -34740.5301
    9650.000      -34559.7537
    9660.000      -34941.8701
    9670.000      -34851.3668
    9680.000      -34870.9329
    9690.000      -34815.2702
    9700.000      -34653.1916
    9710.000      -34666.0383
    9720.000      -34745.2666
    9730.000      -34781.5590
    9740.000      -34676.0371
    9750.000      -34981.3321
    9760.000      -34640.5244
    9770.000      -34995.7326
    9780.000      -34569.1892
    9790.000      -34597.4011
    9800.000      -34699.2837
    9810.000      -34771.1728
    9820.000      -34402.3983
    9830.000      -34720.8055
    9840.000      -34652.4462
    9850.000      -34835.7387
    9860.000      -34937.0498
    9870.000      -34806.3608
    9880.000      -34820.5937
    9890.000      -34562.8576
    9900.000      -34662.0007
    9910.000      -34689.3424
    9920.000      -34649.6911
    9930.000      -34917.2124
    9940.000      -34575.3591
    9950.000      -34762.9663
    9960.000      -34838.5752
    9970.000      -34762.7139
    9980.000      -34749.2576
    9990.000      -34625.0032
   10000.000      -34642.9317
   10010.000      -34810.5975
   10020.000      -34693.5276
   10030.000      -34864.6566
   10040.000      -34681.1082
   10050.000      -34390.9566
   10060.000      -34598.4360
   10070.000      -34773.2130
   10080.000      -34543.2662
   10090.000      -34960.1537
   10100.000      -34641.6558
   10110.000      -34555.5914
   10120.000      -34720.0158
   10130.000      -34658.3219
   10140.000      -34557.9303
   10150.000      -34654.7460
   10160.000      -34634.3989
   10170.000      -34704.4745
   10180.000      -34694.9117
   10190.000      -34472.5962
   10200.000      -34729.9125
   10210.000      -34809.8140
   10220.000      -34715.7977
   10230.000      -34745.4059
   10240.000      -34705.6631
   10250.000      -34539.8524
   10260.000      -34919.2869
   10270.000      -34470.3691
   10280.000      -34732.9742
   10290.000      -34735.5691
   10300.000      -35043.9418
   10310.000      -34816.7387
   10320.000      -34741.4261
   10330.000      -34652.7645
   10340.000      -34835.2622
   10350.000      -34544.2089
   10360.000      -34768.5836
   10370.000      -34510.4565
   10380.000      -34770.9804
   10390.000      -34835.5661
   10400.000      -34881.1381
   10410.000      -34675.4587
   10420.000      -34405.5450
   10430.000      -34667.8868
   10440.000      -34613.0848
   10450.000      -34767.4793
   10460.000      -34770.5758
   10470.000      -34853.6353
   10480.000      -34724.8866
   10490.000      -34852.0358
   10500.000      -34674.0659
   10510.000      -34768.8320
   10520.000      -34827.5120
   10530.000      -34416.0362
   10540.000      -34693.1076
   10550.000      -34761.9232
   10560.000      -34453.5261
   10570.000      -34605.7138
   10580.000      -34665.6369
   10590.000      -34612.5682
   10600.000      -34609.5913
   10610.000      -34731.6126
   10620.000      -34777.8378
   10630.000      -34543.8032
   10640.000      -34613.9692
   10650.000      -34826.1564
   10660.000      -34753.6125
   10670.000      -34516.9458
   10680.000      -34519.8455
   10690.000      -34818.2048
   10700.000      -34618.5485
   10710.000      -34752.9911
   10720.000      -34551.0466
   10730.000      -35100.3993
   10740.000      -34873.5327
   10750.000      -34836.9543
   10760.000      -34351.2422
   10770.000      -35066.6509
   10780.000      -34569.0237
   10790.000      -34603.5868
   10800.000      -34752.8995
   10810.000      -34962.2221
   10820.000      -34832.7165
   10830.000      -34630.5192
   10840.000      -34769.6955
   10850.000      -34495.5597
   10860.000      -34776.2907
   10870.000      -34761.0026
   10880.000      -34699.1620
   10890.000      -34830.9825
   10900.000      -34876.4678
   10910.000      -34752.1294
   10920.000      -34504.3474
   10930.000      -34639.2253
   10940.000      -34823.1588
   10950.000      -34812.0307
   10960.000      -34976.6682
   10970.000      -34670.2506
   10980.000      -34776.9980
   10990.000      -34983.9204
   11000.000      -34816.3588
   11010.000      -34650.2674
   11020.000      -34730.3835
   11030.000      -34513.4708
   11040.000      -34862.8788
   11050.000      -34808.3501
   11060.000      -34822.3638
   11070.000      -34664.9509
   11080.000      -34954.7387
   11090.000      -34857.3614
   11100.000      -34955.6380
   11110.000      -34509.1522
   11120.000      -34957.7853
   11130.000      -34729.5048
   11140.000      -34644.4151
   11150.000      -34658.2791
   11160.000      -34742.6969
   11170.000      -34801.0362
   11180.000      -34502.6677
   11190.000      -34704.1885
   11200.000      -34831.4779
   11210.000      -34677.8582
   11220.000      -35042.2380
   11230.000      -34747.5733
   11240.000      -34731.5563
   11250.000      -34655.8343
   11260.000      -34761.3574
   11270.000      -34706.3132
   11280.000      -34728.3142
   11290.000      -34658.2329
   11300.000      -34583.3614
   11310.000      -34697.5796
   11320.000      -34688.6376
   11330.000      -34788.0416
   11340.000      -34607.1365
   11350.000      -34815.4117
   11360.000      -34765.6012
   11370.000      -34857.6449
   11380.000      -34636.0014
   11390.000      -34829.4221
   11400.000      -34551.0975
   11410.000      -34671.8438
   11420.000      -34504.5025
   11430.000      -34499.4587
   11440.000      -34843.0209
   11450.000      -34496.6065
   11460.000      -34614.4610
   11470.000      -34757.0399
   11480.000      -34695.0738
   11490.000      -34784.8877
   11500.000      -34776.3711
   11510.000      -34811.8180
   11520.000      -34771.5780
   11530.000      -34886.1239
   11540.000      -34584.9883
   11550.000      -34476.6786
   11560.000      -34868.1817
   11570.000      -34860.1208
   11580.000      -34865.7004
   11590.000      -34614.2320
   11600.000      -34706.8915
   11610.000      -34570.2879
   11620.000      -34662.9860
   11630.000      -34639.7422
   11640.000      -34606.5008
   11650.000      -34710.2705
   11660.000      -34896.6780
   11670.000      -34605.9474
   11680.000      -34715.1123
   11690.000      -34844.2532
   11700.000      -34500.7165
   11710.000      -35082.7132
   11720.000      -34710.5844
   11730.000      -34754.9896
   11740.000      -34677.2099
   11750.000      -34490.4569
   11760.000      -34739.7298
   11770.000      -34587.3050
   11780.000      -34631.2044
   11790.000      -34869.7242
   11800.000      -34643.1092
   11810.000      -34896.2885
   11820.000      -34961.2670
   11830.000      -34717.8759
   11840.000      -34793.4059
   11850.000      -34804.0999
   11860.000      -34624.2180
   11870.000      -34510.5832
   11880.000      -34925.9861
   11890.000      -34673.5806
   11900.000      -34390.9332
   11910.000      -34711.1190
   11920.000      -34651.4283
   11930.000      -34671.0950
   11940.000      -34747.7023
   11950.000      -34651.0956
   11960.000      -34701.4174
   11970.000      -34867.8395
   11980.000      -34757.3836
   11990.000      -34843.5433
   12000.000      -34891.6199
   12010.000      -34769.9225
   12020.000      -34714.9368
   12030.000      -34699.1612
   12040.000      -34767.6442
   12050.000      -34793.3695
   12060.000      -34851.9267
   12070.000      -34710.9973
   12080.000      -34660.8099
   12090.000      -34906.6205
   12100.000      -34431.2886
   12110.000      -34599.3024
   12120.000      -34606.2110
   12130.000      -34668.2944
   12140.000      -34712.1681
   12150.000      -34525.9112
   12160.000      -34679.6631
   12170.000      -34809.2650
   12180.000      -34713.8142
   12190.000      -34807.7857
   12200.000      -34716.5017
   12210.000      -34977.6675
   12220.000      -35011.7703
   12230.000      -34880.8642
   12240.000      -34530.4745
   12250.000      -34618.2590
   12260.000      -34807.1894
   12270.000      -34840.5581
   12280.000      -34783.5217
   12290.000      -34602.6031
   12300.000      -34786.6355
   12310.000      -34858.2494
   12320.000      -34852.4143
   12330.000      -34569.7149
   12340.000      -34715.1239
   12350.000      -34710.9864
   12360.000      -34580.6631
   12370.000      -34723.7162
   12380.000      -34941.3564
   12390.000      -34648.5441
   12400.000      -34711.5713
   12410.000      -34727.7607
   12420.000      -34690.5489
   12430.000      -34601.8391
   12440.000      -34741.9560
   12450.000      -34669.1637
   12460.000      -34509.5638
   12470.000      -34562.9077
   12480.000      -34749.9843
   12490.000      -34817.2565
   12500.000      -34695.1245
   12510.000      -34630.8766
   12520.000      -34559.0064
   12530.000      -34792.7279
   12540.000      -34741.4208
   12550.000      -34745.9740
   12560.000      -34800.3391
   12570.000      -34604.1533
   12580.000      -34604.3894
   12590.000      -34920.3360
   12600.000      -34905.7943
   12610.000      -34669.0238
   12620.000      -34757.0051
   12630.000      -34792.0910
   12640.000      -34455.2387
   12650.000      -34553.5067
   12660.000      -34640.2013
   12670.000      -34750.8339
   12680.000      -34751.0700
   12690.000      -34784.4223
   12700.000      -34542.7460
   12710.000      -34791.3521
   12720.000      -34774.7511
   12730.000      -34697.0252
   12740.000      -34884.7159
   12750.000      -34946.1287
   12760.000      -34774.5237
   12770.000      -34713.8579
   12780.000      -34628.6156
   12790.000      -34709.3624
   12800.000      -34587.3258
   12810.000      -34833.9146
   12820.000      -34709.7925
   12830.000      -34783.7617
   12840.000      -34659.0875
   12850.000      -34728.4407
   12860.000      -34615.7866
   12870.000      -34632.2869
   12880.000      -34596.6547
   12890.000      -34483.5923
   12900.000      -34788.4934
   12910.000      -34707.2886
   12920.000      -34795.0100
   12930.000      -34834.0062
   12940.000      -34813.4150
   12950.000      -34892.5939
   12960.000      -34607.1145
   12970.000      -34697.9468
   12980.000      -34646.8479
   12990.000      -34986.1632
   13000.000      -34772.6196
   13010.000      -34843.1973
   13020.000      -34733.8322
   13030.000      -34816.0009
   13040.000      -34578.4099
   13050.000      -34789.1869
   13060.000      -34572.0537
   13070.000      -34366.4472
   13080.000      -34743.4413
   13090.000      -34755.3472
   13100.000      -34979.3708
   13110.000      -34588.9196
   13120.000      -34939.2096
   13130.000      -34533.8740
   13140.000      -34551.9520
   13150.000      -34707.5515
   13160.000      -34725.9113
   13170.000      -34595.5787
   13180.000      -34773.6085
   13190.000      -34794.3636
   13200.000      -34487.8140
   13210.000      -34804.8851
   13220.000      -34892.9850
   13230.000      -34765.9355
   13240.000      -34608.7728
   13250.000      -34668.3857
   13260.000      -34827.9797
   13270.000      -34709.4054
   13280.000      -34511.4204
   13290.000      -34698.5460
   13300.000      -34614.7212
   13310.000      -34818.8107
   13320.000      -34634.4693
   13330.000      -34857.9183
   13340.000      -34693.9657
   13350.000      -34528.4992
   13360.000      -34809.3725
   13370.000      -34709.4671
   13380.000      -34740.5881
   13390.000      -34818.5472
   13400.000      -34672.3352
   13410.000      -34614.0898
   13420.000      -34572.6131
   13430.000      -34670.7079
   13440.000      -34819.6284
   13450.000      -34965.1004
   13460.000      -34909.2614
   13470.000      -34702.1316
   13480.000      -34621.5653
   13490.000      -34592.9453
   13500.000      -34593.8154
   13510.000      -34738.5500
   13520.000      -34782.5523
   13530.000      -34719.6419
   13540.000      -34642.6712
   13550.000      -34719.8822
   13560.000      -34580.2801
   13570.000      -34591.8230
   13580.000      -34857.1001
   13590.000      -34793.8415
   13600.000      -34551.1049
   13610.000      -34761.0546
   13620.000      -34786.9872
   13630.000      -34773.4007
   13640.000      -34528.0174
   13650.000      -34763.0420
   13660.000      -34828.1159
   13670.000      -34751.7524
   13680.000      -34910.8682
   13690.000      -34923.5531
   13700.000      -34782.7944
   13710.000      -34608.2665
   13720.000      -34753.5876
   13730.000      -34776.1022
   13740.000      -34805.4644
   13750.000      -34730.8700
   13760.000      -34815.2227
   13770.000      -34772.1248
   13780.000      -34635.4175
   13790.000      -34681.6414
   13800.000      -34676.5781
   13810.000      -34874.9561
   13820.000      -34958.8591
   13830.000      -34652.4069
   13840.000      -35004.7249
   13850.000      -34706.8430
   13860.000      -34684.9890
   13870.000      -34694.4811
   13880.000      -34854.9241
   13890.000      -34754.9605
   13900.000      -34701.7067
   13910.000      -34924.0421
   13920.000      -34727.2776
   13930.000      -34490.6883
   13940.000      -34743.7779
   13950.000      -34848.7250
   13960.000      -34720.4637
   13970.000      -35033.6156
   13980.000      -34847.7239
   13990.000      -34775.0594
   14000.000      -34767.0426
   14010.000      -34737.9441
   14020.000      -34986.1961
   14030.000      -34628.3173
   14040.000      -34558.9059
   14050.000      -34735.7292
   14060.000      -34817.3791
   14070.000      -34660.6495
   14080.000      -34730.0848
   14090.000      -34729.0717
   14100.000      -34667.8319
   14110.000      -34779.3037
   14120.000      -34693.5290
   14130.000      -34587.5804
   14140.000      -34522.0453
   14150.000      -34434.4671
   14160.000      -34863.1215
   14170.000      -34699.4229
   14180.000      -34788.3913
   14190.000      -34689.9517
   14200.000      -34560.9910
   14210.000      -34625.9814
   14220.000      -34712.3275
   14230.000      -34453.6670
   14240.000      -34718.4491
   14250.000      -34590.8845
   14260.000      -34923.1871
   14270.000      -34592.9343
   14280.000      -34852.4113
   14290.000      -34851.4102
   14300.000      -34724.4506
   14310.000      -34714.0117
   14320.000      -34842.5896
   14330.000      -34855.8934
   14340.000      -34665.2743
   14350.000      -34588.2209
   14360.000      -34787.1480
   14370.000      -34761.9045
   14380.000      -34667.0565
   14390.000      -34886.5553
   14400.000      -34835.8034
   14410.000      -34869.0129
   14420.000      -34764.5349
   14430.000      -34686.2873
   14440.000      -34908.2984
   14450.000      -34826.8328
   14460.000      -34904.5912
   14470.000      -34651.7151
   14480.000      -34596.9790
   14490.000      -34595.1596
   14500.000      -34725.7026
   14510.000      -34434.0673
   14520.000      -34422.7433
   14530.000      -34665.8865
   14540.000      -34960.6502
   14550.000      -34687.7626
   14560.000      -34769.9236
   14570.000      -34616.8068
   14580.000      -34660.9364
   14590.000      -34695.3592
   14600.000      -34584.6900
   14610.000      -34776.4377
   14620.000      -34667.6043
   14630.000      -34801.3264
   14640.000      -34571.8635
   14650.000      -34664.9463
   14660.000      -34903.2431
   14670.000      -34798.3675
   14680.000      -34653.2811
   14690.000      -34794.0033
   14700.000      -34745.4077
   14710.000      -34862.5277
   14720.000      -34807.4750
   14730.000      -34659.2653
   14740.000      -34743.8135
   14750.000      -34682.0121
   14760.000      -34537.8544
   14770.000      -34758.1270
   14780.000      -34439.7330
   14790.000      -34593.0936
   14800.000      -34649.6274
   14810.000      -34750.0247
   14820.000      -34718.2703
   14830.000      -34702.1598
   14840.000      -34816.2841
   14850.000      -34828.8557
   14860.000      -34707.4526
   14870.000      -34492.9495
   14880.000      -34666.7861
   14890.000      -34872.2227
   14900.000      -34850.6814
   14910.000      -34755.8182
   14920.000      -34912.8713
   14930.000      -34560.6028
   14940.000      -34559.3773
   14950.000      -34835.3545
   14960.000      -34751.7884
   14970.000      -34994.0168
   14980.000      -34709.7102
   14990.000      -34689.5928
   15000.000      -35116.6024
   15010.000      -34786.5873
   15020.000      -35007.8940
   15030.000      -34412.4801
   15040.000      -34830.9699
   15050.000      -34663.5904
   15060.000      -34586.7610
   15070.000      -34622.8017
   15080.000      -34880.0697
   15090.000      -34482.1206
   15100.000      -34838.5226
   15110.000      -34933.4456
   15120.000      -34517.3457
   15130.000      -34535.8878
   15140.000      -34648.5936
   15150.000      -34561.1128
   15160.000      -34860.7811
   15170.000      -34540.4449
   15180.000      -35070.0581
   15190.000      -34784.8319
   15200.000      -34874.3265
   15210.000      -34712.8505
   15220.000      -34661.0704
   15230.000      -34824.2670
   15240.000      -34844.9487
   15250.000      -34788.2228
   15260.000      -34743.6330
   15270.000      -34698.3953
   15280.000      -34768.6298
   15290.000      -34770.1714
   15300.000      -34649.6806
   15310.000      -34706.7210
   15320.000      -34740.6647
   15330.000      -34689.9313
   15340.000      -34648.1449
   15350.000      -34731.7245
   15360.000      -34987.6690
   15370.000      -34694.4916
   15380.000      -34729.4197
   15390.000      -34990.7299
   15400.000      -34753.8485
   15410.000      -34872.9559
   15420.000      -34916.4307
   15430.000      -34775.3738
   15440.000      -34889.3334
   15450.000      -34710.5554
   15460.000      -34771.4100
   15470.000      -34708.2890
   15480.000      -34598.2085
   15490.000      -34633.0296
   15500.000      -34868.9809
   15510.000      -34839.8590
   15520.000      -34835.4428
   15530.000      -34687.0118
   15540.000      -34644.5442
   15550.000      -34664.2511
   15560.000      -34773.1817
   15570.000      -34752.2850
   15580.000      -34824.4028
   15590.000      -34805.7281
   15600.000      -34596.4024
   15610.000      -34685.7579
   15620.000      -34487.9175
   15630.000      -34797.9900
   15640.000      -34695.4674
   15650.000      -34824.1168
   15660.000      -34658.8513
   15670.000      -34724.4157
   15680.000      -34750.8381
   15690.000      -34728.3181
   15700.000      -34634.8748
   15710.000      -34595.0034
   15720.000      -34844.7972
   15730.000      -34404.3459
   15740.000      -34705.5070
   15750.000      -34889.7849
   15760.000      -34770.5722
   15770.000      -34783.4187
   15780.000      -34594.9565
   15790.000      -34781.8383
   15800.000      -34858.4084
   15810.000      -35012.7721
   15820.000      -34635.5943
   15830.000      -34707.1437
   15840.000      -34796.8485
   15850.000      -34787.8204
   15860.000      -34694.5686
   15870.000      -34685.9637
   15880.000      -34690.2532
   15890.000      -34394.9935
   15900.000      -34748.4512
   15910.000      -34615.8463
   15920.000      -34776.3933
   15930.000      -34903.3640
   15940.000      -34786.9571
   15950.000      -34840.6711
   15960.000      -34974.7704
   15970.000      -34904.2464
   15980.000      -34915.6320
   15990.000      -34421.1898
   16000.000      -34644.0403
   16010.000      -34828.4959
   16020.000      -34907.2647
   16030.000      -34554.3606
   16040.000      -34654.2770
   16050.000      -34788.1281
   16060.000      -34565.7846
   16070.000      -34748.9354
   16080.000      -34984.7088
   16090.000      -34793.4538
   16100.000      -34654.9964
   16110.000      -34727.1239
   16120.000      -34742.9580
   16130.000      -34720.4630
   16140.000      -34948.9364
   16150.000      -34778.7014
   16160.000      -34621.4207
   16170.000      -34835.6105
   16180.000      -34599.9272
   16190.000      -34713.5166
   16200.000      -34683.0097
   16210.000      -34651.3124
   16220.000      -34821.1156
   16230.000      -34757.6589
   16240.000      -34736.5871
   16250.000      -34646.2930
   16260.000      -34844.5463
   16270.000      -35015.0226
   16280.000      -34589.9834
   16290.000      -34776.6282
   16300.000      -34426.3911
   16310.000      -34522.2557
   16320.000      -34781.4880
   16330.000      -34603.3904
   16340.000      -34656.8039
   16350.000      -34806.1855
   16360.000      -34521.2141
   16370.000      -34995.4625
   16380.000      -34802.0188
   16390.000      -34528.2096
   16400.000      -34804.9851
   16410.000      -34675.6283
   16420.000      -34673.5199
   16430.000      -34530.0595
   16440.000      -34869.2024
   16450.000      -34617.4612
   16460.000      -34493.0786
   16470.000      -34705.0416
   16480.000      -34809.7776
   16490.000      -34642.0426
   16500.000      -34549.0814
   16510.000      -34806.7642
   16520.000      -34805.5991
   16530.000      -34770.8031
   16540.000      -35070.3159
   16550.000      -34461.4920
   16560.000      -34570.0872
   16570.000      -34737.9562
   16580.000      -34656.0079
   16590.000      -34798.1690
   16600.000      -34801.5254
   16610.000      -34637.9107
   16620.000      -34747.3341
   16630.000      -34559.9894
   16640.000      -34529.4301
   16650.000      -34871.9740
   16660.000      -34698.2734
   16670.000      -34795.4032
   16680.000      -34802.1225
   16690.000      -34751.9256
   16700.000      -34907.4704
   16710.000      -34744.1444
   16720.000      -34546.7898
   16730.000      -34728.2563
   16740.000      -34689.9280
   16750.000      -34590.8527
   16760.000      -34483.9542
   16770.000      -34894.2064
   16780.000      -34568.0382
   16790.000      -34616.3730
   16800.000      -34747.7350
   16810.000      -34662.3973
   16820.000      -34788.6816
   16830.000      -34677.2245
   16840.000      -34846.5915
   16850.000      -34740.4002
   16860.000      -34783.7275
   16870.000      -34748.7768
   16880.000      -34945.8621
   16890.000      -34691.4167
   16900.000      -34876.9454
   16910.000      -34673.3543
   16920.000      -34751.6623
   16930.000      -34439.5193
   16940.000      -34561.5227
   16950.000      -34787.5435
   16960.000      -34668.2349
   16970.000      -34721.8189
   16980.000      -34646.8646
   16990.000      -34430.2231
   17000.000      -34573.6528
   17010.000      -34755.2180
   17020.000      -34667.9886
   17030.000      -34645.4912
   17040.000      -34652.5740
   17050.000      -34577.1877
   17060.000      -34698.8338
   17070.000      -34712.7801
   17080.000      -34724.9603
   17090.000      -34726.7205
   17100.000      -34797.9016
   17110.000      -34702.4346
   17120.000      -34890.6944
   17130.000      -34603.1305
   17140.000      -34717.4637
   17150.000      -34567.6033
   17160.000      -34697.0909
   17170.000      -34607.6022
   17180.000      -34817.5080
   17190.000      -34856.7358
   17200.000      -34632.5938
   17210.000      -34834.3250
   17220.000      -34802.7713
   17230.000      -35000.1742
   17240.000      -34798.0214
   17250.000      -34807.6916
   17260.000      -34744.7320
   17270.000      -34755.1418
   17280.000      -34594.5228
   17290.000      -34616.3096
   17300.000      -34765.1783
   17310.000      -34717.1955
   17320.000      -34734.2370
   17330.000      -34656.5319
   17340.000      -34708.8421
   17350.000      -34917.6078
   17360.000      -34459.2625
   17370.000      -34710.8414
   17380.000      -34692.8951
   17390.000      -34516.7528
   17400.000      -34847.8674
   17410.000      -34631.8140
   17420.000      -34527.8227
   17430.000      -34388.0861
   17440.000      -34728.3830
   17450.000      -34756.4041
   17460.000      -34840.4502
   17470.000      -34972.8052
   17480.000      -34737.4529
   17490.000      -34479.9146
   17500.000      -34771.8041
   17510.000      -34780.7699
   17520.000      -34592.1529
   17530.000      -34680.7770
   17540.000      -34654.2666
   17550.000      -34725.7971
   17560.000      -34531.0762
   17570.000      -34811.8394
   17580.000      -34738.0907
   17590.000      -34616.0016
   17600.000      -34762.4387
   17610.000      -34789.1491
   17620.000      -34846.4477
   17630.000      -34885.2476
   17640.000      -34761.0143
   17650.000      -34861.1220
   17660.000      -34744.5951
   17670.000      -34787.2755
   17680.000      -34783.2692
   17690.000      -34821.9457
   17700.000      -34927.9626
   17710.000      -34772.6526
   17720.000      -34722.0839
   17730.000      -34915.1753
   17740.000      -34575.2746
   17750.000      -34989.2452
   17760.000      -34723.6192
   17770.000      -34854.9333
   17780.000      -34492.3957
   17790.000      -34789.3183
   17800.000      -34622.0189
   17810.000      -34698.4537
   17820.000      -34826.0205
   17830.000      -34758.6189
   17840.000      -34801.2843
   17850.000      -34657.9801
   17860.000      -34840.1547
   17870.000      -34830.1266
   17880.000      -34669.1812
   17890.000      -34764.4828
   17900.000      -34802.6550
   17910.000      -34628.4894
   17920.000      -34805.2248
   17930.000      -34796.7647
   17940.000      -34674.7129
   17950.000      -34580.8839
   17960.000      -34505.0731
   17970.000      -34757.0801
   17980.000      -34695.6693
   17990.000      -34675.6032
   18000.000      -34754.2451
   18010.000      -34590.7444
   18020.000      -34636.5176
   18030.000      -34663.1905
   18040.000      -34648.1226
   18050.000      -34863.5888
   18060.000      -34694.8673
   18070.000      -34532.1504
   18080.000      -34672.7901
   18090.000      -34633.5707
   18100.000      -34632.9389
   18110.000      -34482.7581
   18120.000      -34608.8002
   18130.000      -34929.7167
   18140.000      -34589.6963
   18150.000      -34656.3192
   18160.000      -34772.3135
   18170.000      -34726.6457
   18180.000      -34742.7676
   18190.000      -34850.2351
   18200.000      -34664.5638
   18210.000      -34946.4499
   18220.000      -34803.3067
   18230.000      -34468.6148
   18240.000      -34783.1785
   18250.000      -34771.0616
   18260.000      -34471.9285
   18270.000      -34708.2048
   18280.000      -34678.1333
   18290.000      -34860.7263
   18300.000      -34593.7884
   18310.000      -34847.8561
   18320.000      -34643.4311
   18330.000      -34844.3885
   18340.000      -34672.0225
   18350.000      -34610.2711
   18360.000      -34575.9681
   18370.000      -34696.5515
   18380.000      -34750.9279
   18390.000      -34646.1690
   18400.000      -34700.0903
   18410.000      -34693.9487
   18420.000      -34826.4630
   18430.000      -34702.6383
   18440.000      -34824.2489
   18450.000      -34640.5841
   18460.000      -34709.6964
   18470.000      -34717.9977
   18480.000      -34751.2962
   18490.000      -34480.7309
   18500.000      -34615.0800
   18510.000      -34616.4789
   18520.000      -34302.2068
   18530.000      -34888.5249
   18540.000      -34748.9096
   18550.000      -34524.9014
   18560.000      -34695.6325
   18570.000      -34546.7004
   18580.000      -34507.6793
   18590.000      -34934.8206
   18600.000      -34627.2235
   18610.000      -34892.1111
   18620.000      -34784.9602
   18630.000      -34908.1940
   18640.000      -34544.7585
   18650.000      -34326.1342
   18660.000      -34607.3698
   18670.000      -34718.4424
   18680.000      -34850.0558
   18690.000      -34722.7570
   18700.000      -34877.6119
   18710.000      -34918.8866
   18720.000      -34486.0172
   18730.000      -34815.7288
   18740.000      -34856.4345
   18750.000      -34753.1887
   18760.000      -34643.1772
   18770.000      -34721.2091
   18780.000      -34671.9876
   18790.000      -34973.8193
   18800.000      -34929.7187
   18810.000      -34793.8004
   18820.000      -34511.0869
   18830.000      -34707.8293
   18840.000      -34863.7500
   18850.000      -34718.7714
   18860.000      -34737.9035
   18870.000      -34630.2632
   18880.000      -34674.3548
   18890.000      -34895.7996
   18900.000      -34882.4344
   18910.000      -34594.0272
   18920.000      -34570.9091
   18930.000      -34774.6287
   18940.000      -34498.8847
   18950.000      -34570.7678
   18960.000      -34737.8776
   18970.000      -34727.4090
   18980.000      -34436.2372
   18990.000      -34620.7891
   19000.000      -34604.1086
   19010.000      -34725.9561
   19020.000      -34687.9847
   19030.000      -34609.2758
   19040.000      -34683.4935
   19050.000      -34553.6458
   19060.000      -34814.0938
   19070.000      -34803.3749
   19080.000      -34772.9498
   19090.000      -34410.9723
   19100.000      -34760.7709
   19110.000      -34833.3127
   19120.000      -34505.4318
   19130.000      -34757.4255
   19140.000      -34752.2736
   19150.000      -34760.4544
   19160.000      -34834.4780
   19170.000      -34727.3177
   19180.000      -34644.3641
   19190.000      -34713.4532
   19200.000      -34669.1073
   19210.000      -34741.9099
   19220.000      -34793.7081
   19230.000      -34752.1130
   19240.000      -34813.5857
   19250.000      -34676.5049
   19260.000      -34789.1213
   19270.000      -34644.1846
   19280.000      -34827.3729
   19290.000      -34686.0263
   19300.000      -34764.6752
   19310.000      -34699.6696
   19320.000      -35085.5838
   19330.000      -34638.7636
   19340.000      -34723.7068
   19350.000      -34662.2658
   19360.000      -34709.2985
   19370.000      -34620.9633
   19380.000      -34663.0802
   19390.000      -34847.3983
   19400.000      -34735.2540
   19410.000      -34712.7449
   19420.000      -34884.1435
   19430.000      -34602.7844
   19440.000      -34716.5108
   19450.000      -34775.4299
   19460.000      -34730.7132
   19470.000      -34669.5567
   19480.000      -34842.4286
   19490.000      -34914.6110
   19500.000      -34740.0084
   19510.000      -34654.4045
   19520.000      -34833.2265
   19530.000      -34675.7915
   19540.000      -34672.0542
   19550.000      -34886.5033
   19560.000      -34842.6125
   19570.000      -34679.8040
   19580.000      -34744.5469
   19590.000      -34744.0898
   19600.000      -34903.1997
   19610.000      -34906.8163
   19620.000      -34686.6652
   19630.000      -34517.3367
   19640.000      -34761.5401
   19650.000      -34806.1596
   19660.000      -34663.5261
   19670.000      -34441.6622
   19680.000      -35045.3990
   19690.000      -35006.7004
   19700.000      -34838.0410
   19710.000      -34696.3338
   19720.000      -34884.9853
   19730.000      -34683.4277
   19740.000      -34635.1431
   19750.000      -34532.9411
   19760.000      -34768.9424
   19770.000      -34923.0844
   19780.000      -34682.2939
   19790.000      -34903.8659
   19800.000      -34507.3369
   19810.000      -34604.3299
   19820.000      -34827.9180
   19830.000      -34725.5995
   19840.000      -34664.1631
   19850.000      -34954.0299
   19860.000      -34604.0650
   19870.000      -34702.5298
   19880.000      -34776.0492
   19890.000      -34749.0951
   19900.000      -34717.1377
   19910.000      -34534.8335
   19920.000      -34570.4537
   19930.000      -34939.4931
   19940.000      -34792.3766
   19950.000      -34690.9913
   19960.000      -34715.9689
   19970.000      -34830.5742
   19980.000      -34556.2002
   19990.000      -34539.2000
   20000.000      -34728.8630
   20010.000      -34984.1210
   20020.000      -34646.9408
   20030.000      -34787.6306
   20040.000      -34677.5790
   20050.000      -35159.6288
   20060.000      -34912.3519
   20070.000      -34731.0434
   20080.000      -34643.7210
   20090.000      -34769.8423
   20100.000      -34495.3522
   20110.000      -34514.3499
   20120.000      -34804.9866
   20130.000      -34822.2888
   20140.000      -34533.8799
   20150.000      -34930.5105
   20160.000      -34645.9491
   20170.000      -34634.0226
   20180.000      -34729.0903
   20190.000      -34848.7352
   20200.000      -34625.8747
   20210.000      -34964.4701
   20220.000      -34723.4356
   20230.000      -34608.8648
   20240.000      -34700.7192
   20250.000      -34660.5752
   20260.000      -34780.6336
   20270.000      -34837.6463
   20280.000      -34807.1625
   20290.000      -34738.2196
   20300.000      -34768.6540
   20310.000      -34723.0778
   20320.000      -34617.5158
   20330.000      -34690.0381
   20340.000      -34708.8769
   20350.000      -34755.7512
   20360.000      -34752.1504
   20370.000      -34927.1499
   20380.000      -34773.7654
   20390.000      -34676.6796
   20400.000      -34782.5088
   20410.000      -34679.7702
   20420.000      -34776.5361
   20430.000      -34744.6039
   20440.000      -34518.5163
   20450.000      -35035.2378
   20460.000      -34564.1623
   20470.000      -34490.7101
   20480.000      -34826.1692
   20490.000      -34613.3314
   20500.000      -35034.3271
   20510.000      -34790.9199
   20520.000      -34874.6142
   20530.000      -34712.5008
   20540.000      -34579.7559
   20550.000      -34845.7079
   20560.000      -34994.0197
   20570.000      -34829.1538
   20580.000      -34880.2420
   20590.000      -35006.4890
   20600.000      -34867.4845
   20610.000      -34601.1159
   20620.000      -34917.7193
   20630.000      -34679.5290
   20640.000      -34692.3195
   20650.000      -34721.2184
   20660.000      -34744.6025
   20670.000      -34589.0195
   20680.000      -34720.7351
   20690.000      -34767.7116
   20700.000      -34839.2737
   20710.000      -34817.0134
   20720.000      -34720.4725
   20730.000      -34369.0772
   20740.000      -34803.3577
   20750.000      -34803.7546
   20760.000      -34813.2504
   20770.000      -34779.2666
   20780.000      -34788.9315
   20790.000      -34713.1296
   20800.000      -34822.3884
   20810.000      -34331.5790
   20820.000      -34683.5605
   20830.000      -34753.5574
   20840.000      -34720.3695
   20850.000      -34867.7550
   20860.000      -34763.8020
   20870.000      -34788.3601
   20880.000      -34634.4879
   20890.000      -34674.7566
   20900.000      -34961.9110
   20910.000      -34783.2914
   20920.000      -34658.4092
   20930.000      -34421.6312
   20940.000      -34861.5564
   20950.000      -34961.5493
   20960.000      -34410.0583
   20970.000      -34599.5665
   20980.000      -35048.1418
   20990.000      -34890.3427
   21000.000      -34641.7893
   21010.000      -34426.4951
   21020.000      -34484.5748
   21030.000      -34880.6078
   21040.000      -34697.5316
   21050.000      -34881.1815
   21060.000      -34687.5222
   21070.000      -34379.5665
   21080.000      -34902.8106
   21090.000      -34603.0304
   21100.000      -34918.3098
   21110.000      -34614.8034
   21120.000      -34671.2881
   21130.000      -34846.0555
   21140.000      -34846.7842
   21150.000      -34634.3134
   21160.000      -34681.6351
   21170.000      -34673.7430
   21180.000      -34567.0575
   21190.000      -35050.1175
   21200.000      -34579.3819
   21210.000      -34809.2896
   21220.000      -34602.6396
   21230.000      -34673.4985
   21240.000      -34683.4792
   21250.000      -34630.8574
   21260.000      -34600.9889
   21270.000      -34764.0238
   21280.000      -34819.1003
   21290.000      -34916.0994
   21300.000      -34554.5524
   21310.000      -34624.2967
   21320.000      -34552.7390
   21330.000      -34887.7703
   21340.000      -34706.8568
   21350.000      -34753.6387
   21360.000      -34648.1969
   21370.000      -34827.0410
   21380.000      -34373.7925
   21390.000      -34722.2464
   21400.000      -34800.8922
   21410.000      -34777.3451
   21420.000      -34991.0696
   21430.000      -35004.2921
   21440.000      -34716.1598
   21450.000      -34885.2826
   21460.000      -34769.2553
   21470.000      -34594.8184
   21480.000      -34730.7846
   21490.000      -34952.4291
   21500.000      -34877.1184
   21510.000      -34502.0573
   21520.000      -34950.3814
   21530.000      -34822.9182
   21540.000      -34632.0553
   21550.000      -34607.2036
   21560.000      -34539.3604
   21570.000      -34766.5619
   21580.000      -34818.6296
   21590.000      -34673.5832
   21600.000      -34755.5057
   21610.000      -34783.8400
   21620.000      -34852.5725
   21630.000      -34950.1162
   21640.000      -34899.5835
   21650.000      -34753.2774
   21660.000      -34687.8058
   21670.000      -34823.5541
   21680.000      -34605.5173
   21690.000      -34746.8111
   21700.000      -34863.3425
   21710.000      -34797.6311
   21720.000      -34675.5616
   21730.000      -34621.6504
   21740.000      -34641.0805
   21750.000      -34724.1766
   21760.000      -34709.6438
   21770.000      -34799.1927
   21780.000      -34851.0129
   21790.000      -34811.5674
   21800.000      -34690.1701
   21810.000      -34885.6690
   21820.000      -34775.7665
   21830.000      -34643.7072
   21840.000      -34860.8918
   21850.000      -34868.8630
   21860.000      -34850.0253
   21870.000      -34615.2725
   21880.000      -34566.4220
   21890.000      -34672.5050
   21900.000      -34560.5269
   21910.000      -34812.9038
   21920.000      -34670.5395
   21930.000      -34710.8741
   21940.000      -34567.0167
   21950.000      -34709.5417
   21960.000      -34842.3365
   21970.000      -34685.9644
   21980.000      -34949.4417
   21990.000      -34837.8483
   22000.000      -34829.2633
   22010.000      -34828.6299
   22020.000      -34561.4047
   22030.000      -34608.7011
   22040.000      -34698.5558
   22050.000      -34734.2179
   22060.000      -34731.7169
   22070.000      -34832.3964
   22080.000      -34958.2089
   22090.000      -34491.2783
   22100.000      -34484.2216
   22110.000      -34597.5359
   22120.000      -34672.3584
   22130.000      -34796.3311
   22140.000      -34680.2523
   22150.000      -34900.5737
   22160.000      -34654.3297
   22170.000      -34572.2024
   22180.000      -34744.1830
   22190.000      -34691.1289
   22200.000      -34905.3887
   22210.000      -34738.4205
   22220.000      -34864.5969
   22230.000      -34762.3374
   22240.000      -34820.1687
   22250.000      -34723.6789
   22260.000      -34621.9485
   22270.000      -34911.0113
   22280.000      -34784.8353
   22290.000      -34677.0348
   22300.000      -34757.4553
   22310.000      -34616.9519
   22320.000      -34616.2192
   22330.000      -34946.1663
   22340.000      -34994.9440
   22350.000      -34795.3387
   22360.000      -34867.1369
   22370.000      -34791.5525
   22380.000      -34576.2119
   22390.000      -34915.9943
   22400.000      -34711.7551
   22410.000      -34547.8319
   22420.000      -34809.6035
   22430.000      -34896.7122
   22440.000      -34821.2632
   22450.000      -34674.3617
   22460.000      -34622.7441
   22470.000      -34416.5744
   22480.000      -34855.1648
   22490.000      -34651.0060
   22500.000      -34788.6069
   22510.000      -34722.5527
   22520.000      -34379.8600
   22530.000      -34672.0649
   22540.000      -34574.2239
   22550.000      -34722.8341
   22560.000      -34927.7413
   22570.000      -34638.2832
   22580.000      -34432.5724
   22590.000      -34749.6355
   22600.000      -34848.9461
   22610.000      -34789.7140
   22620.000      -34881.3290
   22630.000      -34656.0370
   22640.000      -34621.4016
   22650.000      -34695.2211
   22660.000      -34846.7244
   22670.000      -34668.4944
   22680.000      -34659.9057
   22690.000      -34577.4359
   22700.000      -34747.7059
   22710.000      -34646.3230
   22720.000      -34618.8634
   22730.000      -34553.6020
   22740.000      -34881.8447
   22750.000      -34816.3284
   22760.000      -34802.1251
   22770.000      -34630.9199
   22780.000      -34680.1946
   22790.000      -34726.1477
   22800.000      -34665.3526
   22810.000      -34774.2173
   22820.000      -34920.9234
   22830.000      -34600.6729
   22840.000      -34829.1795
   22850.000      -34866.5677
   22860.000      -34862.2792
   22870.000      -34708.1989
   22880.000      -34871.1512
   22890.000      -34657.9246
   22900.000      -34626.9751
   22910.000      -34600.3212
   22920.000      -34574.9425
   22930.000      -34709.5236
   22940.000      -35138.4836
   22950.000      -34574.2849
   22960.000      -34799.8578
   22970.000      -34701.1737
   22980.000      -34648.4533
   22990.000      -34743.9613
   23000.000      -34741.2433
   23010.000      -34749.7666
   23020.000      -34803.7149
   23030.000      -34638.7674
   23040.000      -34782.7153
   23050.000      -34912.3317
   23060.000      -34715.2729
   23070.000      -34431.8919
   23080.000      -35004.8317
   23090.000      -34637.4750
   23100.000      -34820.7022
   23110.000      -34989.3156
   23120.000      -34786.8450
   23130.000      -34297.3130
   23140.000      -34825.3186
   23150.000      -35015.0630
   23160.000      -34739.1509
   23170.000      -34592.9882
   23180.000      -34792.2736
   23190.000      -34700.2493
   23200.000      -34809.1244
   23210.000      -34695.8076
   23220.000      -34530.1661
   23230.000      -34799.1550
   23240.000      -34721.3198
   23250.000      -34594.9976
   23260.000      -34813.8066
   23270.000      -34733.1724
   23280.000      -34870.6797
   23290.000      -34345.8310
   23300.000      -34899.8568
   23310.000      -34725.6830
   23320.000      -34711.0175
   23330.000      -34699.7625
   23340.000      -34789.7819
   23350.000      -34780.0995
   23360.000      -34392.4422
   23370.000      -34667.6423
   23380.000      -34671.5680
   23390.000      -34616.1109
   23400.000      -34737.7905
   23410.000      -34551.9320
   23420.000      -34712.9770
   23430.000      -34766.2435
   23440.000      -34696.2528
   23450.000      -34738.6677
   23460.000      -34536.3521
   23470.000      -34998.7396
   23480.000      -34821.8838
   23490.000      -34719.5508
   23500.000      -34913.5035
   23510.000      -34458.3652
   23520.000      -34366.0730
   23530.000      -34511.4329
   23540.000      -34683.5009
   23550.000      -34816.3506
   23560.000      -34698.4658
   23570.000      -34495.7401
   23580.000      -34826.8665
   23590.000      -35061.6104
   23600.000      -34840.2100
   23610.000      -34578.6167
   23620.000      -34809.8993
   23630.000      -34705.4510
   23640.000      -34458.8086
   23650.000      -34680.8484
   23660.000      -34649.1218
   23670.000      -34649.3785
   23680.000      -34729.7321
   23690.000      -34912.7882
   23700.000      -34463.0955
   23710.000      -34439.2145
   23720.000      -34789.6906
   23730.000      -34973.2656
   23740.000      -34801.0261
   23750.000      -34962.5257
   23760.000      -34694.5297
   23770.000      -34648.7689
   23780.000      -34747.5840
   23790.000      -34828.8879
   23800.000      -34838.1282
   23810.000      -34709.5044
   23820.000      -34922.3204
   23830.000      -34668.0882
   23840.000      -34786.8271
   23850.000      -34767.2442
   23860.000      -34502.9837
   23870.000      -34735.3143
   23880.000      -34675.5676
   23890.000      -34703.3458
   23900.000      -34650.8661
   23910.000      -34735.9480
   23920.000      -34804.5437
   23930.000      -34666.2592
   23940.000      -34771.7549
   23950.000      -34759.9126
   23960.000      -34686.9877
   23970.000      -34658.4951
   23980.000      -34808.7068
   23990.000      -34812.5166
   24000.000      -34612.3587
   24010.000      -34586.5013
   24020.000      -34765.8441
   24030.000      -34681.0418
   24040.000      -34788.9185
   24050.000      -34709.4851
   24060.000      -34682.2282
   24070.000      -34777.8873
   24080.000      -34462.7932
   24090.000      -34768.6481
   24100.000      -34685.8357
   24110.000      -34532.0986
   24120.000      -34606.2081
   24130.000      -34743.8755
   24140.000      -34611.2567
   24150.000      -34783.0889
   24160.000      -34997.3455
   24170.000      -34723.2783
   24180.000      -34619.2353
   24190.000      -34762.9525
   24200.000      -34731.0522
   24210.000      -34785.0091
   24220.000      -34743.8510
   24230.000      -34747.3694
   24240.000      -34362.9189
   24250.000      -34718.5292
   24260.000      -34741.1675
   24270.000      -34754.8228
   24280.000      -34836.2339
   24290.000      -34659.0946
   24300.000      -34529.0271
   24310.000      -34832.5019
   24320.000      -34672.7736
   24330.000      -34693.4852
   24340.000      -34684.2999
   24350.000      -34491.2799
   24360.000      -34708.6130
   24370.000      -34603.7023
   24380.000      -34580.0406
   24390.000      -34798.4736
   24400.000      -34789.2044
   24410.000      -34642.7219
   24420.000      -34992.8465
   24430.000      -34665.1258
   24440.000      -34539.6123
   24450.000      -34688.5119
   24460.000      -34724.9005
   24470.000      -34507.9836
   24480.000      -34869.9164
   24490.000      -34884.5138
   24500.000      -34719.9779
   24510.000      -34546.3577
   24520.000      -34855.4403
   24530.000      -34882.3105
   24540.000      -34668.3447
   24550.000      -34695.7048
   24560.000      -34658.4935
   24570.000      -34795.5106
   24580.000      -34845.9360
   24590.000      -34652.0166
   24600.000      -34859.1560
   24610.000      -34514.9096
   24620.000      -34572.5627
   24630.000      -34730.4380
   24640.000      -34772.3919
   24650.000      -34819.3538
   24660.000      -34488.9504
   24670.000      -34527.0912
   24680.000      -34660.8786
   24690.000      -34585.2176
   24700.000      -34757.7240
   24710.000      -34540.4712
   24720.000      -34710.7164
   24730.000      -34576.5787
   24740.000      -34901.5663
   24750.000      -34760.4356
   24760.000      -34887.4935
   24770.000      -34593.3690
   24780.000      -34866.8473
   24790.000      -34494.7907
   24800.000      -34644.2147
   24810.000      -34757.4608
   24820.000      -34617.9602
   24830.000      -34914.3769
   24840.000      -34660.6801
   24850.000      -34686.7487
   24860.000      -34573.8628
   24870.000      -34503.0060
   24880.000      -34697.0369
   24890.000      -34657.8075
   24900.000      -34813.8089
   24910.000      -34770.9019
   24920.000      -34626.7940
   24930.000      -34680.3075
   24940.000      -34600.5597
   24950.000      -34695.4990
   24960.000      -34863.2843
   24970.000      -34553.6558
   24980.000      -34461.4928
   24990.000      -34775.5495
   25000.000      -34842.8208
   25010.000      -34714.9392
   25020.000      -34552.5479
   25030.000      -34625.3561
   25040.000      -34879.7193
   25050.000      -34641.0528
   25060.000      -34759.3820
   25070.000      -34504.6323
   25080.000      -34649.7766
   25090.000      -34505.7348
   25100.000      -34731.0382
   25110.000      -34674.6167
   25120.000      -34824.0945
   25130.000      -34736.1869
   25140.000      -34715.7469
   25150.000      -34806.2924
   25160.000      -34734.9194
   25170.000      -34741.3366
   25180.000      -34783.9700
   25190.000      -34666.5619
   25200.000      -34827.7187
   25210.000      -34601.7418
   25220.000      -34806.2946
   25230.000      -34606.0036
   25240.000      -34902.9891
   25250.000      -34831.7640
   25260.000      -34640.9532
   25270.000      -34483.8381
   25280.000      -34837.9718
   25290.000      -34418.8949
   25300.000      -34675.8541
   25310.000      -34716.5645
   25320.000      -34742.3917
   25330.000      -34663.7223
   25340.000      -34638.2828
   25350.000      -34660.3333
   25360.000      -34784.8101
   25370.000      -34698.0824
   25380.000      -34868.6876
   25390.000      -34721.2392
   25400.000      -34490.6378
   25410.000      -34586.6455
   25420.000      -34675.2203
   25430.000      -34821.1128
   25440.000      -34717.2691
   25450.000      -34579.1093
   25460.000      -34752.2940
   25470.000      -34675.4345
   25480.000      -34650.0084
   25490.000      -34844.1575
   25500.000      -34700.1096
   25510.000      -34807.7842
   25520.000      -34716.4820
   25530.000      -34676.9577
   25540.000      -34761.7222
   25550.000      -34720.7810
   25560.000      -34521.9524
   25570.000      -34769.2956
   25580.000      -34734.0527
   25590.000      -34735.2045
   25600.000      -34639.0436
   25610.000      -34802.3524
   25620.000      -34708.8581
   25630.000      -34694.7252
   25640.000      -34792.0449
   25650.000      -34650.3431
   25660.000      -34485.7418
   25670.000      -34605.4512
   25680.000      -34583.8609
   25690.000      -34655.7545
   25700.000      -34642.3319
   25710.000      -34694.4819
   25720.000      -34550.7770
   25730.000      -34689.6149
   25740.000      -34806.6495
   25750.000      -34744.8491
   25760.000      -34795.6501
   25770.000      -34940.7180
   25780.000      -34812.1897
   25790.000      -34898.2654
   25800.000      -34807.4615
   25810.000      -34587.3711
   25820.000      -34883.7165
   25830.000      -34549.3965
   25840.000      -34628.5742
   25850.000      -34903.7846
   25860.000      -34800.3478
   25870.000      -34763.1987
   25880.000      -34494.7818
   25890.000      -34790.9235
   25900.000      -34623.3784
   25910.000      -34664.9278
   25920.000      -34812.2454
   25930.000      -34831.9511
   25940.000      -34696.8688
   25950.000      -34767.8483
   25960.000      -34783.2312
   25970.000      -34775.2408
   25980.000      -34787.2264
   25990.000      -34700.8736
   26000.000      -34797.6125
   26010.000      -34762.3947
   26020.000      -34763.2671
   26030.000      -34549.1596
   26040.000      -34898.5884
   26050.000      -34712.5723
   26060.000      -34673.5371
   26070.000      -34805.4698
   26080.000      -34901.0520
   26090.000      -34774.1361
   26100.000      -34826.2147
   26110.000      -34833.8440
   26120.000      -34748.1583
   26130.000      -34854.7236
   26140.000      -34878.8985
   26150.000      -35062.3586
   26160.000      -34783.7188
   26170.000      -34552.5096
   26180.000      -34840.1119
   26190.000      -34897.8832
   26200.000      -34627.5375
   26210.000      -34713.8294
   26220.000      -34581.6500
   26230.000      -34674.9164
   26240.000      -34744.1685
   26250.000      -34905.7035
   26260.000      -34695.4627
   26270.000      -34769.9849
   26280.000      -34595.1876
   26290.000      -34625.5976
   26300.000      -34747.3259
   26310.000      -34610.4314
   26320.000      -34626.9728
   26330.000      -34675.6323
   26340.000      -34682.5714
   26350.000      -34547.8843
   26360.000      -34639.4942
   26370.000      -34686.1540
   26380.000      -34695.8521
   26390.000      -34694.3320
   26400.000      -34798.9041
   26410.000      -34533.7867
   26420.000      -34566.4431
   26430.000      -34628.7040
   26440.000      -34621.1035
   26450.000      -34632.2334
   26460.000      -34830.4537
   26470.000      -34648.2269
   26480.000      -34645.7466
   26490.000      -34602.8788
   26500.000      -34777.9495
   26510.000      -34890.6303
   26520.000      -34737.8431
   26530.000      -34722.0589
   26540.000      -34493.1711
   26550.000      -34809.2844
   26560.000      -34756.3438
   26570.000      -34745.6718
   26580.000      -34705.2902
   26590.000      -34663.3283
   26600.000      -34665.7708
   26610.000      -34481.0446
   26620.000      -34615.9935
   26630.000      -34996.4038
   26640.000      -34896.7007
   26650.000      -34622.4174
   26660.000      -34526.6565
   26670.000      -34730.1772
   26680.000      -34846.7204
   26690.000      -34913.0637
   26700.000      -34791.3097
   26710.000      -34588.9320
   26720.000      -34764.3064
   26730.000      -34829.1949
   26740.000      -34766.6496
   26750.000      -34666.4935
   26760.000      -34832.1484
   26770.000      -34548.1323
   26780.000      -34720.7554
   26790.000      -34752.7027
   26800.000      -34854.8426
   26810.000      -34738.1199
   26820.000      -34652.0243
   26830.000      -34848.0210
   26840.000      -34842.4659
   26850.000      -34765.2418
   26860.000      -34768.3303
   26870.000      -34608.7695
   26880.000      -34941.0377
   26890.000      -34727.8096
   26900.000      -34874.0039
   26910.000      -34586.9758
   26920.000      -34744.8968
   26930.000      -34841.3310
   26940.000      -34703.8543
   26950.000      -34670.7197
   26960.000      -34526.5477
   26970.000      -34621.5305
   26980.000      -34490.7896
   26990.000      -34636.6335
   27000.000      -34763.5066
   27010.000      -34712.3819
   27020.000      -34861.9150
   27030.000      -34759.7049
   27040.000      -34842.1755
   27050.000      -34836.9826
   27060.000      -34512.8096
   27070.000      -34705.2022
   27080.000      -34640.5697
   27090.000      -34719.3310
   27100.000      -34638.1732
   27110.000      -34657.9795
   27120.000      -34802.8848
   27130.000      -34598.3287
   27140.000      -34607.3654
   27150.000      -34561.9105
   27160.000      -34648.3849
   27170.000      -34590.4787
   27180.000      -34579.8329
   27190.000      -34623.4967
   27200.000      -34863.2839
   27210.000      -34854.8415
   27220.000      -34672.8941
   27230.000      -34733.5535
   27240.000      -34818.8662
   27250.000      -34845.3137
   27260.000      -34858.5200
   27270.000      -34458.9253
   27280.000      -34896.0576
   27290.000      -34678.7224
   27300.000      -34905.1624
   27310.000      -34551.2745
   27320.000      -34683.9079
   27330.000      -34745.8936
   27340.000      -34376.1433
   27350.000      -34821.2767
   27360.000      -34637.4802
   27370.000      -34757.1516
   27380.000      -34715.9663
   27390.000      -34715.6975
   27400.000      -34933.4640
   27410.000      -34611.2620
   27420.000      -34493.2578
   27430.000      -34799.5313
   27440.000      -34772.9638
   27450.000      -34682.5983
   27460.000      -34925.6178
   27470.000      -34736.9232
   27480.000      -34723.3403
   27490.000      -34774.8850
   27500.000      -34859.6692
   27510.000      -34761.6972
   27520.000      -34947.3924
   27530.000      -34857.6540
   27540.000      -34552.7738
   27550.000      -34587.7040
   27560.000      -34654.8915
   27570.000      -34754.5358
   27580.000      -34466.4564
   27590.000      -34705.1008
   27600.000      -34875.3563
   27610.000      -34463.9088
   27620.000      -34775.9153
   27630.000      -34575.5185
   27640.000      -34641.3382
   27650.000      -35106.6496
   27660.000      -34847.2406
   27670.000      -34739.9623
   27680.000      -34611.1095
   27690.000      -34781.5534
   27700.000      -34680.2553
   27710.000      -34603.0116
   27720.000      -34658.0339
   27730.000      -34634.9993
   27740.000      -34810.6267
   27750.000      -34446.4651
   27760.000      -34746.1857
   27770.000      -34739.6835
   27780.000      -34799.2387
   27790.000      -34559.7815
   27800.000      -34726.5376
   27810.000      -34686.2550
   27820.000      -34683.0365
   27830.000      -34498.4695
   27840.000      -34634.8491
   27850.000      -34647.8121
   27860.000      -34610.0390
   27870.000      -34657.2073
   27880.000      -34684.2655
   27890.000      -34921.9436
   27900.000      -34755.0064
   27910.000      -34760.3999
   27920.000      -34634.8599
   27930.000      -34692.4306
   27940.000      -34961.0952
   27950.000      -34765.0559
   27960.000      -34755.2698
   27970.000      -34655.6866
   27980.000      -34668.5341
   27990.000      -34652.0771
   28000.000      -34767.3738
   28010.000      -34749.6116
   28020.000      -34670.9393
   28030.000      -34550.5077
   28040.000      -34581.4042
   28050.000      -34906.3871
   28060.000      -34925.5584
   28070.000      -34820.8953
   28080.000      -34696.1827
   28090.000      -34759.7350
   28100.000      -34618.2507
   28110.000      -34665.2551
   28120.000      -34850.6276
   28130.000      -35100.5853
   28140.000      -34874.7407
   28150.000      -34851.8525
   28160.000      -34754.0991
   28170.000      -34786.8393
   28180.000      -34610.8026
   28190.000      -34799.7247
   28200.000      -34895.5345
   28210.000      -34834.9743
   28220.000      -34924.1059
   28230.000      -34789.6725
   28240.000      -34619.4168
   28250.000      -34769.3539
   28260.000      -34606.3961
   28270.000      -34941.7205
   28280.000      -34578.0709
   28290.000      -34581.0147
   28300.000      -34766.2801
   28310.000      -34608.8221
   28320.000      -34818.8685
   28330.000      -34775.4086
   28340.000      -34774.3076
   28350.000      -34773.3193
   28360.000      -34618.0198
   28370.000      -34644.6573
   28380.000      -34938.1227
   28390.000      -34768.3504
   28400.000      -34719.6281
   28410.000      -34754.3212
   28420.000      -34795.3116
   28430.000      -34727.0274
   28440.000      -34721.3026
   28450.000      -34951.6856
   28460.000      -34771.1777
   28470.000      -34743.6800
   28480.000      -34655.3010
   28490.000      -34855.4615
   28500.000      -34840.9817
   28510.000      -34849.2289
   28520.000      -34814.4607
   28530.000      -34590.4015
   28540.000      -34762.2929
   28550.000      -34570.7699
   28560.000      -34627.2235
   28570.000      -34710.9844
   28580.000      -34838.5623
   28590.000      -34670.7109
   28600.000      -34874.9525
   28610.000      -34596.5783
   28620.000      -34731.1115
   28630.000      -34689.8980
   28640.000      -34541.9491
   28650.000      -34751.6794
   28660.000      -34767.1238
   28670.000      -34663.0587
   28680.000      -34639.8825
   28690.000      -34746.7743
   28700.000      -34857.4459
   28710.000      -34581.2790
   28720.000      -34499.4831
   28730.000      -34748.3285
   28740.000      -34673.6342
   28750.000      -34475.7807
   28760.000      -34658.1790
   28770.000      -34618.1418
   28780.000      -34674.0242
   28790.000      -34851.2036
   28800.000      -34617.5934
   28810.000      -34942.1154
   28820.000      -34841.7797
   28830.000      -34735.1942
   28840.000      -34713.1074
   28850.000      -34629.8658
   28860.000      -34713.4655
   28870.000      -34623.4441
   28880.000      -34705.7108
   28890.000      -34921.7440
   28900.000      -34736.7164
   28910.000      -34918.8385
   28920.000      -34583.6200
   28930.000      -34883.3592
   28940.000      -34755.9757
   28950.000      -34626.6047
   28960.000      -34650.8365
   28970.000      -34576.1310
   28980.000      -34665.3940
   28990.000      -34872.6565
   29000.000      -34700.9892
   29010.000      -34775.7642
   29020.000      -34624.9113
   29030.000      -34516.6832
   29040.000      -34627.9390
   29050.000      -34840.6109
   29060.000      -34466.7128
   29070.000      -34654.5626
   29080.000      -34772.0628
   29090.000      -34853.4855
   29100.000      -34656.4374
   29110.000      -34481.5114
   29120.000      -34809.9042
   29130.000      -34755.6810
   29140.000      -34695.2766
   29150.000      -34496.1229
   29160.000      -34723.8949
   29170.000      -34552.8520
   29180.000      -34736.3119
   29190.000      -34886.5272
   29200.000      -34590.1412
   29210.000      -34689.8770
   29220.000      -34639.6202
   29230.000      -34691.8577
