  
       0.000       13171.1750
      10.000        9113.0459
      20.000        9124.9727
      30.000        9073.1855
      40.000        9080.0957
      50.000        9074.7295
      60.000        9167.3945
      70.000        9141.0869
      80.000        9216.6611
      90.000        9064.0596
     100.000        9162.0273
     110.000        9061.6816
     120.000        9101.8115
     130.000        9149.9512
     140.000        9203.3018
     150.000        9168.7119
     160.000        8997.1475
     170.000        9159.0947
     180.000        9055.4287
     190.000        9139.0889
     200.000        9097.6260
     210.000        9049.7197
     220.000        9081.5762
     230.000        9043.7324
     240.000        9093.4473
     250.000        9043.8711
     260.000        9192.3369
     270.000        9306.4092
     280.000        9093.2500
     290.000        9093.4346
     300.000        9244.5586
     310.000        9203.6621
     320.000        9120.6006
     330.000        8961.6963
     340.000        9087.4844
     350.000        9124.9883
     360.000        9251.3398
     370.000        9075.3379
     380.000        9200.0645
     390.000        9237.6689
     400.000        9152.9531
     410.000        9001.6250
     420.000        9058.1465
     430.000        9215.1377
     440.000        9211.1982
     450.000        9092.8350
     460.000        9190.1611
     470.000        8960.5986
     480.000        9077.9062
     490.000        9173.6709
     500.000        8985.7109
     510.000        9086.3975
     520.000        9070.8203
     530.000        9159.6328
     540.000        9160.4453
     550.000        9014.3555
     560.000        9168.6650
     570.000        9137.2910
     580.000        9115.6602
     590.000        9215.9863
     600.000        8978.6689
     610.000        9123.5420
     620.000        9024.6582
     630.000        9153.4297
     640.000        9189.9863
     650.000        9096.3154
     660.000        9226.7900
     670.000        9150.8008
     680.000        9122.7637
     690.000        9091.7637
     700.000        9115.9932
     710.000        9152.8125
     720.000        9147.6768
     730.000        9209.0000
     740.000        9125.1914
     750.000        9200.7490
     760.000        9166.4922
     770.000        9201.1904
     780.000        9227.1602
     790.000        9280.1768
     800.000        9173.6777
     810.000        9140.5635
     820.000        9065.3779
     830.000        9073.6855
     840.000        9113.6152
     850.000        9204.5117
     860.000        9187.6533
     870.000        9150.3027
     880.000        9202.5225
     890.000        9192.1826
     900.000        8962.2148
     910.000        9076.2285
     920.000        9010.4463
     930.000        9206.9639
     940.000        9064.4307
     950.000        9063.1016
     960.000        8951.4795
     970.000        9116.4033
     980.000        9112.8027
     990.000        9150.0498
    1000.000        9002.9541
    1010.000        9106.2285
    1020.000        9001.7295
    1030.000        9038.2451
    1040.000        9231.8955
    1050.000        9199.6240
    1060.000        9016.4551
    1070.000        9140.8359
    1080.000        9172.2539
    1090.000        9097.2461
    1100.000        9028.7783
    1110.000        9060.2891
    1120.000        9122.2773
    1130.000        9076.7324
    1140.000        9245.2461
    1150.000        9086.7637
    1160.000        9028.6943
    1170.000        9026.8906
    1180.000        9120.6816
    1190.000        9080.8105
    1200.000        8946.2236
    1210.000        9179.4580
    1220.000        9031.2686
    1230.000        9056.7812
    1240.000        8981.1514
    1250.000        9109.8779
    1260.000        9090.3369
    1270.000        8946.7930
    1280.000        9144.0615
    1290.000        9065.3096
    1300.000        9201.6494
    1310.000        9108.7441
    1320.000        9154.1270
    1330.000        9068.3613
    1340.000        9187.0635
    1350.000        9211.5166
    1360.000        9034.5898
    1370.000        9158.5557
    1380.000        9197.2930
    1390.000        9083.7207
    1400.000        9103.5195
    1410.000        8998.9062
    1420.000        9042.2051
    1430.000        9212.7744
    1440.000        9029.5723
    1450.000        9135.0879
    1460.000        9188.4561
    1470.000        9164.0273
    1480.000        9169.3154
    1490.000        9084.8428
    1500.000        9079.7148
    1510.000        9038.7441
    1520.000        9229.0537
    1530.000        9036.6494
    1540.000        9166.4326
    1550.000        9122.7559
    1560.000        9054.0068
    1570.000        9114.9717
    1580.000        9219.6445
    1590.000        8974.2246
    1600.000        9162.8906
    1610.000        8947.8506
    1620.000        9221.4141
    1630.000        9119.3506
    1640.000        9198.5488
    1650.000        9073.9307
    1660.000        9096.8623
    1670.000        9159.6885
    1680.000        9173.9590
    1690.000        9159.7422
    1700.000        9203.8350
    1710.000        9044.5918
    1720.000        9105.4102
    1730.000        9086.6816
    1740.000        9260.8916
    1750.000        9156.2168
    1760.000        9148.1123
    1770.000        9075.8262
    1780.000        9130.2188
    1790.000        9043.3535
    1800.000        9175.8701
    1810.000        9277.9512
    1820.000        9145.6709
    1830.000        9071.4785
    1840.000        9168.9727
    1850.000        9165.9658
    1860.000        9004.6621
    1870.000        9077.9316
    1880.000        9038.4521
    1890.000        9025.1035
    1900.000        9051.4746
    1910.000        9207.8848
    1920.000        9038.6074
    1930.000        9142.1729
    1940.000        9085.0059
    1950.000        9013.1113
    1960.000        9008.9355
    1970.000        9141.5557
    1980.000        9152.9170
    1990.000        9068.5791
    2000.000        9085.7471
    2010.000        9102.5625
    2020.000        9110.9668
    2030.000        9070.6104
    2040.000        9042.9717
    2050.000        9052.7158
    2060.000        8992.3906
    2070.000        9115.3545
    2080.000        9075.9834
    2090.000        9006.9717
    2100.000        9117.7129
    2110.000        8991.5361
    2120.000        9176.8398
    2130.000        9203.5225
    2140.000        9173.2275
    2150.000        9046.9883
    2160.000        9084.6748
    2170.000        9173.7129
    2180.000        9181.9941
    2190.000        9032.1895
    2200.000        9105.9258
    2210.000        9125.7598
    2220.000        9232.7598
    2230.000        9179.6045
    2240.000        9152.0430
    2250.000        9005.3945
    2260.000        9189.0996
    2270.000        9037.4648
    2280.000        9159.5938
    2290.000        8959.4209
    2300.000        9066.0615
    2310.000        8942.8184
    2320.000        9085.6250
    2330.000        9150.8281
    2340.000        9062.4541
    2350.000        9146.2881
    2360.000        9248.3867
    2370.000        9074.7607
    2380.000        9068.3750
    2390.000        8993.3711
    2400.000        9119.8457
    2410.000        9055.9551
    2420.000        9111.1494
    2430.000        9170.2480
    2440.000        9104.9092
    2450.000        9132.3428
    2460.000        9095.0654
    2470.000        9155.5723
    2480.000        9128.3887
    2490.000        9175.1865
    2500.000        9049.8564
    2510.000        9065.0625
    2520.000        9224.9258
    2530.000        9110.4473
    2540.000        8974.4502
    2550.000        9046.4756
    2560.000        9041.4219
    2570.000        9092.5928
    2580.000        9217.2598
    2590.000        9095.6055
    2600.000        9108.4736
    2610.000        9150.8613
    2620.000        9051.9053
    2630.000        9158.0557
    2640.000        9041.2422
    2650.000        8996.3721
    2660.000        9066.0557
    2670.000        9225.1514
    2680.000        8998.2637
    2690.000        9073.2803
    2700.000        9087.8857
    2710.000        9132.6279
    2720.000        9255.9521
    2730.000        9086.2100
    2740.000        8999.0762
    2750.000        9148.5820
    2760.000        9208.0645
    2770.000        9060.7207
    2780.000        9092.9434
    2790.000        9017.9355
    2800.000        9229.7686
    2810.000        9121.4844
    2820.000        9215.0264
    2830.000        9246.7100
    2840.000        9086.3770
    2850.000        9171.5723
    2860.000        9124.7637
    2870.000        9082.6572
    2880.000        9090.2910
    2890.000        9130.0908
    2900.000        9162.8848
    2910.000        9078.9717
    2920.000        9079.1699
    2930.000        9178.3350
    2940.000        9208.7373
    2950.000        9298.7109
    2960.000        9152.0557
    2970.000        9154.9131
    2980.000        9062.2979
    2990.000        9249.9912
    3000.000        9020.3438
    3010.000        9120.8682
    3020.000        9060.6514
    3030.000        9126.4316
    3040.000        9091.6992
    3050.000        9088.1758
    3060.000        9123.3115
    3070.000        9170.5918
    3080.000        9080.3701
    3090.000        9172.6582
    3100.000        9241.3535
    3110.000        9043.7910
    3120.000        9188.2490
    3130.000        9035.4189
    3140.000        9086.9512
    3150.000        9216.0967
    3160.000        9330.4668
    3170.000        9117.1152
    3180.000        9080.6445
    3190.000        9146.9355
    3200.000        8979.4102
    3210.000        9163.8770
    3220.000        9111.0713
    3230.000        9146.6426
    3240.000        8970.1406
    3250.000        9112.1777
    3260.000        9272.2852
    3270.000        9033.3369
    3280.000        9169.1953
    3290.000        9118.2451
    3300.000        9218.8945
    3310.000        9206.1348
    3320.000        9238.3672
    3330.000        9159.7422
    3340.000        9094.0039
    3350.000        9257.1689
    3360.000        9106.9248
    3370.000        9084.9150
    3380.000        9116.4111
    3390.000        9206.0811
    3400.000        9191.1357
    3410.000        9084.9766
    3420.000        9080.7803
    3430.000        9095.4473
    3440.000        9070.9580
    3450.000        9058.6113
    3460.000        9229.5088
    3470.000        9147.1973
    3480.000        9117.0957
    3490.000        9078.0801
    3500.000        9288.6504
    3510.000        9108.5752
    3520.000        9198.9590
    3530.000        9151.5625
    3540.000        9131.7002
    3550.000        9179.5967
    3560.000        9225.8545
    3570.000        9075.5078
    3580.000        9039.4160
    3590.000        9024.2539
    3600.000        9028.9990
    3610.000        9105.3877
    3620.000        9101.7295
    3630.000        9188.8242
    3640.000        9081.7852
    3650.000        8996.3145
    3660.000        9129.8965
    3670.000        9163.3242
    3680.000        9150.9473
    3690.000        9199.9092
    3700.000        9176.1035
    3710.000        9105.3926
    3720.000        9239.8809
    3730.000        9108.5938
    3740.000        9088.5977
    3750.000        9271.9824
    3760.000        9142.2627
    3770.000        9199.4551
    3780.000        9157.4971
    3790.000        9256.5615
    3800.000        9219.4990
    3810.000        9299.8457
    3820.000        9014.0830
    3830.000        9092.4365
    3840.000        8995.9189
    3850.000        9095.2549
    3860.000        9034.7842
    3870.000        9139.5225
    3880.000        9083.6406
    3890.000        9217.9717
    3900.000        9151.4834
    3910.000        9106.7568
    3920.000        9116.9912
    3930.000        9038.3242
    3940.000        9050.0693
    3950.000        9011.6484
    3960.000        9075.4482
    3970.000        9087.4238
    3980.000        9162.9766
    3990.000        9149.2158
    4000.000        9021.3193
    4010.000        9131.7295
    4020.000        9165.9092
    4030.000        9212.2881
    4040.000        9172.8154
    4050.000        9033.9199
    4060.000        9138.3105
    4070.000        9084.3682
    4080.000        8956.3545
    4090.000        9073.0791
    4100.000        9125.7949
    4110.000        9168.3135
    4120.000        9014.9785
    4130.000        9225.3721
    4140.000        9112.5430
    4150.000        9079.3555
    4160.000        9025.7441
    4170.000        9256.8242
    4180.000        9084.6523
    4190.000        9039.2051
    4200.000        9138.9697
    4210.000        9149.1953
    4220.000        9056.4316
    4230.000        9101.8203
    4240.000        9108.5693
    4250.000        8958.6475
    4260.000        9044.6514
    4270.000        9115.8730
    4280.000        9083.5820
    4290.000        9133.3008
    4300.000        9212.4121
    4310.000        9048.5938
    4320.000        9014.4404
    4330.000        9269.7090
    4340.000        9117.1016
    4350.000        9109.2021
    4360.000        8999.5332
    4370.000        9128.9727
    4380.000        9066.4990
    4390.000        9011.0518
    4400.000        9038.9121
    4410.000        9099.3262
    4420.000        9221.9375
    4430.000        9029.3389
    4440.000        9011.3447
    4450.000        9036.9922
    4460.000        9227.3887
    4470.000        9205.5127
    4480.000        9188.1934
    4490.000        9079.6768
    4500.000        9127.2744
    4510.000        9172.3643
    4520.000        9186.6670
    4530.000        9312.8691
    4540.000        9224.1631
    4550.000        9190.8301
    4560.000        9064.8262
    4570.000        9232.3232
    4580.000        8989.7402
    4590.000        9116.8848
    4600.000        9038.2734
    4610.000        9045.8135
    4620.000        9109.0664
    4630.000        9213.0117
    4640.000        9120.8096
    4650.000        9223.6074
    4660.000        9157.1963
    4670.000        8991.6104
    4680.000        9191.8691
    4690.000        9103.6963
    4700.000        9193.0107
    4710.000        9105.3018
    4720.000        9207.3340
    4730.000        9182.8740
    4740.000        9199.5654
    4750.000        9098.6582
    4760.000        9017.2129
    4770.000        9150.6592
    4780.000        9256.5459
    4790.000        9116.4219
    4800.000        9186.8262
    4810.000        9149.7705
    4820.000        9125.2314
    4830.000        9046.4043
    4840.000        9192.8457
    4850.000        9218.1924
    4860.000        9137.2471
    4870.000        9124.3496
    4880.000        8960.7988
    4890.000        9149.5059
    4900.000        9142.3799
    4910.000        9005.0605
    4920.000        9048.6211
    4930.000        9023.1885
    4940.000        9042.9629
    4950.000        9115.7236
    4960.000        9183.6943
    4970.000        9044.1855
    4980.000        9126.7031
    4990.000        9200.3496
    5000.000        9087.9639
    5010.000        8934.7754
    5020.000        9196.4727
    5030.000        9133.1338
    5040.000        9224.5137
    5050.000        9053.3623
    5060.000        9126.2217
    5070.000        9207.4414
    5080.000        9098.0527
    5090.000        9191.6865
    5100.000        9166.7744
    5110.000        9141.0537
    5120.000        8993.3594
    5130.000        8969.6367
    5140.000        9087.5352
    5150.000        9184.2227
    5160.000        9083.3340
    5170.000        9044.7168
    5180.000        9051.0205
    5190.000        9127.1709
    5200.000        9092.3076
    5210.000        9079.0811
    5220.000        9145.8984
    5230.000        9078.0107
    5240.000        9119.8730
    5250.000        9155.7275
    5260.000        9112.3057
    5270.000        9126.0400
    5280.000        9107.1055
    5290.000        9163.2354
    5300.000        9149.4395
    5310.000        9118.9932
    5320.000        8959.8262
    5330.000        9205.2500
    5340.000        9175.5107
    5350.000        9034.0898
    5360.000        9165.5176
    5370.000        9221.0176
    5380.000        9207.2529
    5390.000        9107.1328
    5400.000        9071.5723
    5410.000        9124.2070
    5420.000        9099.6729
    5430.000        9073.4785
    5440.000        9105.8809
    5450.000        9023.5400
    5460.000        9137.2256
    5470.000        9125.8057
    5480.000        9161.3613
    5490.000        9035.6660
    5500.000        9213.0117
    5510.000        9097.9863
    5520.000        9070.2930
    5530.000        9075.3828
    5540.000        9204.0186
    5550.000        9030.4307
    5560.000        9060.8760
    5570.000        9149.4482
    5580.000        9200.0615
    5590.000        9189.1748
    5600.000        9114.3613
    5610.000        9135.6553
    5620.000        9143.4688
    5630.000        9199.5352
    5640.000        9268.8438
    5650.000        9179.4814
    5660.000        9069.7285
    5670.000        9079.3721
    5680.000        9123.7051
    5690.000        9193.1553
    5700.000        9045.0332
    5710.000        9133.8359
    5720.000        9102.4844
    5730.000        9224.0195
    5740.000        9011.6475
    5750.000        9136.2871
    5760.000        9184.4492
    5770.000        9077.2832
    5780.000        9098.1084
    5790.000        9122.6797
    5800.000        9080.3887
    5810.000        9022.7539
    5820.000        9093.0928
    5830.000        9100.0615
    5840.000        9093.4268
    5850.000        9230.7266
    5860.000        9107.5703
    5870.000        9143.7920
    5880.000        9086.0342
    5890.000        9164.7773
    5900.000        9158.4482
    5910.000        9020.6064
    5920.000        9205.6240
    5930.000        9146.4385
    5940.000        9158.6670
    5950.000        9015.7441
    5960.000        9097.5742
    5970.000        9037.5527
    5980.000        9266.0039
    5990.000        9111.3848
    6000.000        9052.1055
    6010.000        9094.1982
    6020.000        9132.1133
    6030.000        9181.6367
    6040.000        9214.1465
    6050.000        9115.3135
    6060.000        9042.6562
    6070.000        9155.9336
    6080.000        8933.0312
    6090.000        9060.2949
    6100.000        9202.7246
    6110.000        9060.2715
    6120.000        9165.8701
    6130.000        9013.3408
    6140.000        9153.6826
    6150.000        9207.0146
    6160.000        9185.7490
    6170.000        9096.3926
    6180.000        9133.4824
    6190.000        9192.6768
    6200.000        9022.3066
    6210.000        9125.2607
    6220.000        9026.6621
    6230.000        9209.2002
    6240.000        8981.7061
    6250.000        8982.9014
    6260.000        9129.5264
    6270.000        9093.5547
    6280.000        9175.3271
    6290.000        9122.8584
    6300.000        9129.0430
    6310.000        9008.4795
    6320.000        9228.9600
    6330.000        9111.2842
    6340.000        9085.4668
    6350.000        8995.1143
    6360.000        9215.7168
    6370.000        9101.7461
    6380.000        9195.0244
    6390.000        9173.6104
    6400.000        9225.9072
    6410.000        9179.9268
    6420.000        9154.5293
    6430.000        9075.7607
    6440.000        9128.3086
    6450.000        9226.9688
    6460.000        9125.4092
    6470.000        9142.9434
    6480.000        9094.8018
    6490.000        9132.7471
    6500.000        9126.0205
    6510.000        9198.0410
    6520.000        9063.9912
    6530.000        9076.1143
    6540.000        9127.4502
    6550.000        9193.6660
    6560.000        9083.8242
    6570.000        9168.9844
    6580.000        9089.2617
    6590.000        9134.9453
    6600.000        9292.3691
    6610.000        9121.6328
    6620.000        9226.9492
    6630.000        9113.7461
    6640.000        9166.8877
    6650.000        9187.1338
    6660.000        9035.8115
    6670.000        9152.9873
    6680.000        9152.1035
    6690.000        9120.0166
    6700.000        9113.0088
    6710.000        9171.7402
    6720.000        9043.6807
    6730.000        9100.2822
    6740.000        9150.0781
    6750.000        8997.6484
    6760.000        9019.4697
    6770.000        9223.2285
    6780.000        9048.3730
    6790.000        9012.8428
    6800.000        9119.7764
    6810.000        9189.2520
    6820.000        9183.7959
    6830.000        9136.6494
    6840.000        9063.6182
    6850.000        8972.7881
    6860.000        9083.6387
    6870.000        9082.6758
    6880.000        9083.3994
    6890.000        9155.4297
    6900.000        9119.1094
    6910.000        9051.5352
    6920.000        8999.5986
    6930.000        9190.4365
    6940.000        9094.0791
    6950.000        9155.1904
    6960.000        9242.8193
    6970.000        9067.7334
    6980.000        9128.9531
    6990.000        9119.9160
    7000.000        9154.7061
    7010.000        9196.7461
    7020.000        9188.4268
    7030.000        9073.2715
    7040.000        9110.9629
    7050.000        9156.8057
    7060.000        9108.4512
    7070.000        9143.3301
    7080.000        9137.1377
    7090.000        9026.1475
    7100.000        9234.8008
    7110.000        9210.8486
    7120.000        9183.6055
    7130.000        9028.9766
    7140.000        9061.3711
    7150.000        9200.0371
    7160.000        9038.6973
    7170.000        9134.4180
    7180.000        9144.8701
    7190.000        9238.4766
    7200.000        8984.1777
    7210.000        9097.5264
    7220.000        9058.2432
    7230.000        9126.9248
    7240.000        9111.8320
    7250.000        9226.6592
    7260.000        9051.7393
    7270.000        9180.5693
    7280.000        9023.6934
    7290.000        8930.4277
    7300.000        9011.7998
    7310.000        9200.3330
    7320.000        9307.2705
    7330.000        8988.2002
    7340.000        9088.5420
    7350.000        9143.6719
    7360.000        9164.1055
    7370.000        9128.2275
    7380.000        9128.7275
    7390.000        9159.4062
    7400.000        9125.8740
    7410.000        9062.8096
    7420.000        9114.0469
    7430.000        9225.7852
    7440.000        9164.4717
    7450.000        9245.5000
    7460.000        9245.5869
    7470.000        9168.9102
    7480.000        9271.3477
    7490.000        9033.8770
    7500.000        9130.2979
    7510.000        9197.2920
    7520.000        9149.6035
    7530.000        9204.1289
    7540.000        9098.4980
    7550.000        9249.9648
    7560.000        9185.9766
    7570.000        9035.1777
    7580.000        9227.2891
    7590.000        9144.5205
    7600.000        9094.5869
    7610.000        9108.0176
    7620.000        9095.3076
    7630.000        9043.6494
    7640.000        9115.7598
    7650.000        9152.2939
    7660.000        9128.0254
    7670.000        9006.8770
    7680.000        9236.8418
    7690.000        9138.0674
    7700.000        9127.9512
    7710.000        9173.9111
    7720.000        9094.3145
    7730.000        9158.4512
    7740.000        9359.1387
    7750.000        9083.1602
    7760.000        9104.9512
    7770.000        9205.3867
    7780.000        9150.7227
    7790.000        9055.3096
    7800.000        9053.9590
    7810.000        9146.4277
    7820.000        9101.5410
    7830.000        9141.2227
    7840.000        9040.1104
    7850.000        9000.8965
    7860.000        9162.0957
    7870.000        9064.8379
    7880.000        9044.6426
    7890.000        9187.3066
    7900.000        9107.2119
    7910.000        9190.3320
    7920.000        9133.7783
    7930.000        9147.0479
    7940.000        9026.0645
    7950.000        9179.8750
    7960.000        9199.8760
    7970.000        9164.0146
    7980.000        9125.7754
    7990.000        9172.3203
    8000.000        9065.5527
    8010.000        9053.5977
    8020.000        9316.1904
    8030.000        9287.9844
    8040.000        9217.4316
    8050.000        8982.3105
    8060.000        9101.0801
    8070.000        9295.3477
    8080.000        9073.7373
    8090.000        9070.5107
    8100.000        9131.1377
    8110.000        9027.3613
    8120.000        9108.5020
    8130.000        8991.4258
    8140.000        9130.3564
    8150.000        9175.8613
    8160.000        9197.0068
    8170.000        9117.9912
    8180.000        9148.4287
    8190.000        9047.2549
    8200.000        9126.5527
    8210.000        9183.2041
    8220.000        9120.9463
    8230.000        9187.7197
    8240.000        9188.8174
    8250.000        9217.3301
    8260.000        9150.3486
    8270.000        9215.9658
    8280.000        9056.8037
    8290.000        9120.1172
    8300.000        9225.1328
    8310.000        9181.7168
    8320.000        9143.8838
    8330.000        9244.7402
    8340.000        9215.4033
    8350.000        9307.4648
    8360.000        9098.9609
    8370.000        9310.7061
    8380.000        9102.7412
    8390.000        9142.5752
    8400.000        9125.6865
    8410.000        9222.9512
    8420.000        9069.2861
    8430.000        9198.2705
    8440.000        9145.6230
    8450.000        9201.8154
    8460.000        9107.1992
    8470.000        9100.6885
    8480.000        9116.2012
    8490.000        9079.9033
    8500.000        9245.6846
    8510.000        9126.5791
    8520.000        9218.7617
    8530.000        9239.0166
    8540.000        9043.7812
    8550.000        9066.2686
    8560.000        9220.3398
    8570.000        9143.1904
    8580.000        9196.2402
    8590.000        9215.6025
    8600.000        9125.8447
    8610.000        9156.7012
    8620.000        9093.4463
    8630.000        9055.4268
    8640.000        8992.9004
    8650.000        9022.6895
    8660.000        9223.3350
    8670.000        9046.3301
    8680.000        9060.5391
    8690.000        9092.1797
    8700.000        9258.9082
    8710.000        9198.6904
    8720.000        9101.4463
    8730.000        9201.4727
    8740.000        9081.7891
    8750.000        9115.2656
    8760.000        9172.1914
    8770.000        9183.4053
    8780.000        9157.8652
    8790.000        9134.6973
    8800.000        9058.4570
    8810.000        9243.6396
    8820.000        9079.3408
    8830.000        9163.7656
    8840.000        9189.6914
    8850.000        9059.8594
    8860.000        9148.1475
    8870.000        9160.4053
    8880.000        9134.8848
    8890.000        9236.4268
    8900.000        9094.7236
    8910.000        9098.2861
    8920.000        9048.4932
    8930.000        9061.4678
    8940.000        9124.4258
    8950.000        9230.6396
    8960.000        9208.8369
    8970.000        9091.6562
    8980.000        9054.7617
    8990.000        9074.5645
    9000.000        9039.7217
    9010.000        9094.3477
    9020.000        9191.0820
    9030.000        9054.7939
    9040.000        9201.5215
    9050.000        9184.3857
    9060.000        9237.0088
    9070.000        9063.7031
    9080.000        9025.2119
    9090.000        9172.2305
    9100.000        9208.3164
    9110.000        9099.3262
    9120.000        9175.6865
    9130.000        9140.6299
    9140.000        9049.6309
    9150.000        9155.4717
    9160.000        9182.6543
    9170.000        9092.3594
    9180.000        9160.5654
    9190.000        9150.0762
    9200.000        9046.2412
    9210.000        9189.7197
    9220.000        9141.2715
    9230.000        9066.1260
    9240.000        9108.0879
    9250.000        9057.6885
    9260.000        9162.8096
    9270.000        9157.0625
    9280.000        8973.4375
    9290.000        9208.0391
    9300.000        9195.8320
    9310.000        9113.4434
    9320.000        9304.0830
    9330.000        9122.9033
    9340.000        9035.3320
    9350.000        9064.0156
    9360.000        9188.8789
    9370.000        9132.1768
    9380.000        9166.4014
    9390.000        9260.7959
    9400.000        9127.7168
    9410.000        9098.9102
    9420.000        9024.4375
    9430.000        9105.2910
    9440.000        9086.6514
    9450.000        9219.2412
    9460.000        9270.3105
    9470.000        9095.3643
    9480.000        9170.9355
    9490.000        9146.4609
    9500.000        9184.1572
    9510.000        9191.9512
    9520.000        9228.6221
    9530.000        9090.9541
    9540.000        9159.9707
    9550.000        9095.0420
    9560.000        9109.7598
    9570.000        9150.2051
    9580.000        9031.6895
    9590.000        9275.1562
    9600.000        9184.8623
    9610.000        9146.4316
    9620.000        9057.7031
    9630.000        9118.5371
    9640.000        9136.7900
    9650.000        9244.3877
    9660.000        8998.6865
    9670.000        9047.7676
    9680.000        9047.5078
    9690.000        9003.0889
    9700.000        9179.2393
    9710.000        9145.3486
    9720.000        9175.0635
    9730.000        9113.8047
    9740.000        9123.9502
    9750.000        9087.2842
    9760.000        9164.4189
    9770.000        9007.6309
    9780.000        9167.0488
    9790.000        9164.1387
    9800.000        9016.5449
    9810.000        9155.1553
    9820.000        9252.8848
    9830.000        9148.0215
    9840.000        9236.9043
    9850.000        9122.9561
    9860.000        9135.2422
    9870.000        9126.8330
    9880.000        9069.1924
    9890.000        9199.2842
    9900.000        9045.8496
    9910.000        9242.7012
    9920.000        9138.8584
    9930.000        9077.9824
    9940.000        9157.4678
    9950.000        9147.2314
    9960.000        9175.0762
    9970.000        9180.0957
    9980.000        9140.4355
    9990.000        9203.7695
   10000.000        9222.8457
   10010.000        9158.9033
   10020.000        8942.0605
   10030.000        8973.6514
   10040.000        9181.8594
   10050.000        9242.3828
   10060.000        9152.2031
   10070.000        9132.1035
   10080.000        9164.2637
   10090.000        9046.4834
   10100.000        9120.2393
   10110.000        9245.9365
   10120.000        9162.3408
   10130.000        9166.6621
   10140.000        9182.4590
   10150.000        9127.0068
   10160.000        9237.1318
   10170.000        9091.2051
   10180.000        9125.0762
   10190.000        9144.3779
   10200.000        9073.1436
   10210.000        9151.7705
   10220.000        9166.1172
   10230.000        9059.6885
   10240.000        9120.7920
   10250.000        9226.8242
   10260.000        9066.0527
   10270.000        9173.1396
   10280.000        9133.4561
   10290.000        9213.1973
   10300.000        9031.5146
   10310.000        9072.7783
   10320.000        9098.8105
   10330.000        9084.9346
   10340.000        9032.1924
   10350.000        9273.6094
   10360.000        9124.3564
   10370.000        9159.0273
   10380.000        9118.6191
   10390.000        9081.2031
   10400.000        9029.6748
   10410.000        9064.4150
   10420.000        9194.4326
   10430.000        9203.2295
   10440.000        9112.5869
   10450.000        8903.4346
   10460.000        9121.6768
   10470.000        9110.2627
   10480.000        9171.7207
   10490.000        9145.2109
   10500.000        9103.4561
   10510.000        9213.9268
   10520.000        9149.4170
   10530.000        9269.4502
   10540.000        9088.3057
   10550.000        9141.5312
   10560.000        9166.5703
   10570.000        9122.3672
   10580.000        9119.2988
   10590.000        9160.0771
   10600.000        9177.6797
   10610.000        9141.4678
   10620.000        9092.1777
   10630.000        9235.2783
   10640.000        9218.2568
   10650.000        9056.2461
   10660.000        9043.4121
   10670.000        9114.7129
   10680.000        9168.9443
   10690.000        9181.1396
   10700.000        9174.0771
   10710.000        9073.7559
   10720.000        9133.2480
   10730.000        9009.3730
   10740.000        9036.6230
   10750.000        9132.7080
   10760.000        9220.0684
   10770.000        8968.1348
   10780.000        9223.8252
   10790.000        9081.2578
   10800.000        9082.1748
   10810.000        9033.5352
   10820.000        9136.5264
   10830.000        9132.4551
   10840.000        8988.0664
   10850.000        9135.3623
   10860.000        9223.6074
   10870.000        9119.5781
   10880.000        9133.0947
   10890.000        9050.7461
   10900.000        9121.5039
   10910.000        9141.6973
   10920.000        9201.8301
   10930.000        9090.5127
   10940.000        9022.0986
   10950.000        9151.5488
   10960.000        9018.3096
   10970.000        9193.4150
   10980.000        9201.1172
   10990.000        9014.8320
   11000.000        9049.3086
   11010.000        9151.6318
   11020.000        9058.1738
   11030.000        9135.9102
   11040.000        9005.0586
   11050.000        9047.0098
   11060.000        8997.4600
   11070.000        9206.0273
   11080.000        9100.8711
   11090.000        9089.9404
   11100.000        9025.7031
   11110.000        9184.1211
   11120.000        9121.8643
   11130.000        9062.6504
   11140.000        9141.7734
   11150.000        9099.5098
   11160.000        9107.3389
   11170.000        9188.3672
   11180.000        9183.3320
   11190.000        9136.2236
   11200.000        9007.3213
   11210.000        9219.3564
   11220.000        9005.7021
   11230.000        9161.7920
   11240.000        9064.2461
   11250.000        9195.8438
   11260.000        9103.8838
   11270.000        9151.4258
   11280.000        9140.5088
   11290.000        9160.0352
   11300.000        9180.2490
   11310.000        9064.8984
   11320.000        9048.5713
   11330.000        9173.9805
   11340.000        9253.2422
   11350.000        9087.0869
   11360.000        9115.5684
   11370.000        9095.8877
   11380.000        9120.0889
   11390.000        9013.4814
   11400.000        9112.6582
   11410.000        9107.7256
   11420.000        9186.0010
   11430.000        9392.5791
   11440.000        9049.1396
   11450.000        9188.2695
   11460.000        9210.8320
   11470.000        9126.7070
   11480.000        9078.6123
   11490.000        9129.6973
   11500.000        9102.6406
   11510.000        9031.4863
   11520.000        9080.5898
   11530.000        9065.5479
   11540.000        9106.4473
   11550.000        9222.6738
   11560.000        9104.3945
   11570.000        9015.1455
   11580.000        9105.9424
   11590.000        9196.3906
   11600.000        9151.3086
   11610.000        9119.3145
   11620.000        9105.1943
   11630.000        9069.1719
   11640.000        9121.8701
   11650.000        9193.8164
   11660.000        9091.9639
   11670.000        9149.0439
   11680.000        9117.5996
   11690.000        9105.7168
   11700.000        9134.8203
   11710.000        9009.9434
   11720.000        9154.9893
   11730.000        9122.9980
   11740.000        9257.6729
   11750.000        9150.0264
   11760.000        9062.2910
   11770.000        9265.7930
   11780.000        9077.0938
   11790.000        9053.3320
   11800.000        9158.8818
   11810.000        9077.6064
   11820.000        8999.5098
   11830.000        9052.0098
   11840.000        9102.5869
   11850.000        9057.8086
   11860.000        9238.3984
   11870.000        9280.1875
   11880.000        9034.5342
   11890.000        9056.3613
   11900.000        9157.3477
   11910.000        9095.9541
   11920.000        9102.4268
   11930.000        9176.1201
   11940.000        9158.5117
   11950.000        9023.7305
   11960.000        9207.2305
   11970.000        9054.4316
   11980.000        9104.4824
   11990.000        9065.7646
   12000.000        9137.6611
   12010.000        9139.6133
   12020.000        9006.4150
   12030.000        9108.3652
   12040.000        9143.5059
   12050.000        9069.7529
   12060.000        9089.5420
   12070.000        9204.8564
   12080.000        9073.7188
   12090.000        9028.4902
   12100.000        9302.6016
   12110.000        9246.0312
   12120.000        9066.6035
   12130.000        9179.7480
   12140.000        9154.3750
   12150.000        9310.1797
   12160.000        9088.5186
   12170.000        8930.9834
   12180.000        9056.3965
   12190.000        9133.6406
   12200.000        9160.8535
   12210.000        9151.7793
   12220.000        8990.8906
   12230.000        9048.8086
   12240.000        9186.5381
   12250.000        9233.4697
   12260.000        9124.0635
   12270.000        8973.6719
   12280.000        9151.1367
   12290.000        9189.2871
   12300.000        9130.3359
   12310.000        9073.4443
   12320.000        9125.0371
   12330.000        9112.5107
   12340.000        9172.3838
   12350.000        9080.1670
   12360.000        9295.5674
   12370.000        9184.3604
   12380.000        9000.0332
   12390.000        9194.3662
   12400.000        9084.6455
   12410.000        9147.7812
   12420.000        9225.2998
   12430.000        9236.0410
   12440.000        9042.9648
   12450.000        9070.7217
   12460.000        9248.7812
   12470.000        9131.3428
   12480.000        9164.3779
   12490.000        9193.0400
   12500.000        9151.1826
   12510.000        9168.0664
   12520.000        9259.9863
   12530.000        9001.5586
   12540.000        9050.1680
   12550.000        9031.5850
   12560.000        9046.5508
   12570.000        9094.7412
   12580.000        9092.6426
   12590.000        8918.5254
   12600.000        9016.9238
   12610.000        9092.8633
   12620.000        9134.2080
   12630.000        9059.2656
   12640.000        9255.4668
   12650.000        9277.7061
   12660.000        9226.8701
   12670.000        9198.0107
   12680.000        9185.2139
   12690.000        9084.6904
   12700.000        9233.3252
   12710.000        9021.3896
   12720.000        9106.4932
   12730.000        9134.9053
   12740.000        9045.5566
   12750.000        8997.8418
   12760.000        9123.9766
   12770.000        9187.6328
   12780.000        9129.0068
   12790.000        8955.8477
   12800.000        9219.1523
   12810.000        8977.8291
   12820.000        9169.1055
   12830.000        9142.8135
   12840.000        9165.3848
   12850.000        9124.2812
   12860.000        9211.6045
   12870.000        9118.3291
   12880.000        9151.2979
   12890.000        9250.0410
   12900.000        9098.7822
   12910.000        9118.1670
   12920.000        9042.0674
   12930.000        9114.3643
   12940.000        9081.5176
   12950.000        9049.8330
   12960.000        9197.2949
   12970.000        9091.1904
   12980.000        9105.6816
   12990.000        8951.4297
   13000.000        9086.2051
   13010.000        9129.3740
   13020.000        9119.6299
   13030.000        8987.2588
   13040.000        9139.7021
   13050.000        9064.6377
   13060.000        9200.5918
   13070.000        9288.2939
   13080.000        8998.2979
   13090.000        9118.7217
   13100.000        8988.3672
   13110.000        9191.2041
   13120.000        9004.2549
   13130.000        9162.3926
   13140.000        9234.8438
   13150.000        9035.6162
   13160.000        9119.8740
   13170.000        9208.7549
   13180.000        9074.8135
   13190.000        9204.8076
   13200.000        9146.4297
   13210.000        9072.6348
   13220.000        9172.6270
   13230.000        9265.5742
   13240.000        9153.9170
   13250.000        9157.9893
   13260.000        9068.1035
   13270.000        9222.2510
   13280.000        9175.2070
   13290.000        9183.9893
   13300.000        9153.0596
   13310.000        9074.6416
   13320.000        9202.5117
   13330.000        9109.9199
   13340.000        9154.6924
   13350.000        9309.9316
   13360.000        9165.3037
   13370.000        9126.5186
   13380.000        9242.0420
   13390.000        9063.9502
   13400.000        9196.1719
   13410.000        9185.0068
   13420.000        9226.4082
   13430.000        9149.9160
   13440.000        9125.4473
   13450.000        9044.9209
   13460.000        9053.0771
   13470.000        9139.2520
   13480.000        9203.2939
   13490.000        9199.8730
   13500.000        9189.8115
   13510.000        8980.9355
   13520.000        9130.7949
   13530.000        9137.0156
   13540.000        9040.3145
   13550.000        9038.7129
   13560.000        9177.3252
   13570.000        9073.6064
   13580.000        9036.0908
   13590.000        9139.7148
   13600.000        9179.7598
   13610.000        9026.4082
   13620.000        9158.7930
   13630.000        9131.2578
   13640.000        9173.0449
   13650.000        9207.9619
   13660.000        9011.4434
   13670.000        9012.2188
   13680.000        9138.4541
   13690.000        9034.8467
   13700.000        9051.2363
   13710.000        9213.2090
   13720.000        9045.1904
   13730.000        9110.4707
   13740.000        9144.1455
   13750.000        9166.9062
   13760.000        8999.3848
   13770.000        9197.9678
   13780.000        9124.2773
   13790.000        9123.3691
   13800.000        9099.5225
   13810.000        9101.8262
   13820.000        9063.2842
   13830.000        9064.3867
   13840.000        9003.2197
   13850.000        9135.0820
   13860.000        9184.8809
   13870.000        9095.6016
   13880.000        9054.1855
   13890.000        9051.4189
   13900.000        9156.9971
   13910.000        9014.3721
   13920.000        9105.3594
   13930.000        9143.1826
   13940.000        9166.8770
   13950.000        9077.0195
   13960.000        9052.6016
   13970.000        9050.0029
   13980.000        9057.7627
   13990.000        9049.0098
   14000.000        9095.7451
   14010.000        9092.6436
   14020.000        9123.1221
   14030.000        9192.4854
   14040.000        9251.4219
   14050.000        9143.2949
   14060.000        9073.8252
   14070.000        9157.9922
   14080.000        9155.9297
   14090.000        9249.8672
   14100.000        9133.6914
   14110.000        9107.7695
   14120.000        9124.7334
   14130.000        9119.9834
   14140.000        9263.3584
   14150.000        9204.4590
   14160.000        9101.8838
   14170.000        9055.8604
   14180.000        9087.2188
   14190.000        9018.4639
   14200.000        9323.3789
   14210.000        9150.1465
   14220.000        9195.7480
   14230.000        9231.0752
   14240.000        9229.5107
   14250.000        9238.8799
   14260.000        9072.1445
   14270.000        9146.1367
   14280.000        9159.2441
   14290.000        9137.4980
   14300.000        9106.2363
   14310.000        9149.7490
   14320.000        9014.8770
   14330.000        9147.7129
   14340.000        9185.8418
   14350.000        9138.4121
   14360.000        9088.7090
   14370.000        9162.7432
   14380.000        9168.2041
   14390.000        8995.5205
   14400.000        9051.6992
   14410.000        9036.4502
   14420.000        9063.4385
   14430.000        9151.5664
   14440.000        9090.8320
   14450.000        9032.1650
   14460.000        9050.1787
   14470.000        9143.9736
   14480.000        9188.7500
   14490.000        9142.3184
   14500.000        9126.5293
   14510.000        9208.8984
   14520.000        9261.5557
   14530.000        9020.5078
   14540.000        9077.6514
   14550.000        9034.1270
   14560.000        9114.2539
   14570.000        9103.5264
   14580.000        9221.0781
   14590.000        9181.0430
   14600.000        9204.1299
   14610.000        8931.9092
   14620.000        9156.6924
   14630.000        9201.7119
   14640.000        9290.5459
   14650.000        9212.2832
   14660.000        8937.6973
   14670.000        9044.5029
   14680.000        9131.2334
   14690.000        9116.9551
   14700.000        9164.8135
   14710.000        8957.7588
   14720.000        9186.3281
   14730.000        9145.6777
   14740.000        9099.2861
   14750.000        9106.5410
   14760.000        9149.1611
   14770.000        9075.4727
   14780.000        9167.5039
   14790.000        9179.5352
   14800.000        9052.2227
   14810.000        9088.4248
   14820.000        9041.8057
   14830.000        9201.2461
   14840.000        9087.0986
   14850.000        9015.2617
   14860.000        9139.8418
   14870.000        9294.7500
   14880.000        9098.1914
   14890.000        9058.9863
   14900.000        9098.6006
   14910.000        9055.6113
   14920.000        9115.4717
   14930.000        9113.5596
   14940.000        9155.3486
   14950.000        9130.7461
   14960.000        9056.1123
   14970.000        8959.8789
   14980.000        9097.2236
   14990.000        9159.6230
   15000.000        8961.2979
   15010.000        9077.3105
   15020.000        8958.2949
   15030.000        9287.9785
   15040.000        9075.1387
   15050.000        9167.9482
   15060.000        9092.1230
   15070.000        9138.8213
   15080.000        9120.8926
   15090.000        9166.7578
   15100.000        9089.3936
   15110.000        9117.5801
   15120.000        9142.4531
   15130.000        9176.3848
   15140.000        9105.1758
   15150.000        9280.6611
   15160.000        9196.7402
   15170.000        9175.1475
   15180.000        8970.7656
   15190.000        9133.3066
   15200.000        9071.0498
   15210.000        9144.0889
   15220.000        9198.9727
   15230.000        9027.9805
   15240.000        8975.0459
   15250.000        9025.3242
   15260.000        9105.3311
   15270.000        9133.9365
   15280.000        9043.7158
   15290.000        9013.1221
   15300.000        9066.2686
   15310.000        9140.2676
   15320.000        9210.7969
   15330.000        9152.4824
   15340.000        9151.9658
   15350.000        9087.1250
   15360.000        9021.7461
   15370.000        9139.5693
   15380.000        9135.1885
   15390.000        8993.7646
   15400.000        9036.8467
   15410.000        9075.2939
   15420.000        9201.1631
   15430.000        9067.0039
   15440.000        9082.0264
   15450.000        9234.0410
   15460.000        9111.1094
   15470.000        9081.3447
   15480.000        9293.9639
   15490.000        9176.0557
   15500.000        9156.8389
   15510.000        9103.6348
   15520.000        9140.1787
   15530.000        9234.4980
   15540.000        9129.2090
   15550.000        9117.1973
   15560.000        9115.5117
   15570.000        9124.2725
   15580.000        9045.1504
   15590.000        9063.7754
   15600.000        9210.4482
   15610.000        9183.0654
   15620.000        9258.8613
   15630.000        9116.4561
   15640.000        9034.7861
   15650.000        8982.9199
   15660.000        9068.0908
   15670.000        9196.2139
   15680.000        9093.4697
   15690.000        9053.8779
   15700.000        9137.3096
   15710.000        9236.9766
   15720.000        8981.4902
   15730.000        9216.9805
   15740.000        9174.4980
   15750.000        9092.9160
   15760.000        9103.1357
   15770.000        9035.2324
   15780.000        9139.2207
   15790.000        9184.7061
   15800.000        9086.5840
   15810.000        9112.6748
   15820.000        9111.2383
   15830.000        9035.1553
   15840.000        9082.2676
   15850.000        9061.7852
   15860.000        9027.6172
   15870.000        9061.6719
   15880.000        9243.9688
   15890.000        9260.7412
   15900.000        9186.1475
   15910.000        9086.6416
   15920.000        9077.6270
   15930.000        8975.9902
   15940.000        9069.7305
   15950.000        9060.5488
   15960.000        8930.9346
   15970.000        9123.0850
   15980.000        9082.0225
   15990.000        9233.3516
   16000.000        9101.5508
   16010.000        9082.7207
   16020.000        9155.5625
   16030.000        9160.5459
   16040.000        9151.9736
   16050.000        9203.8984
   16060.000        9112.4941
   16070.000        9069.8867
   16080.000        9080.4199
   16090.000        9054.8887
   16100.000        9142.8682
   16110.000        9138.6250
   16120.000        9129.4805
   16130.000        9129.6416
   16140.000        9043.7549
   16150.000        9210.1064
   16160.000        9222.7090
   16170.000        9073.1172
   16180.000        9136.2061
   16190.000        9152.9873
   16200.000        9202.5918
   16210.000        9115.9570
   16220.000        9118.4209
   16230.000        9104.2832
   16240.000        9076.0967
   16250.000        9108.3877
   16260.000        9122.8213
   16270.000        9067.6514
   16280.000        9288.4990
   16290.000        9113.2373
   16300.000        9273.9199
   16310.000        9326.2295
   16320.000        9123.0801
   16330.000        9190.3154
   16340.000        9145.1758
   16350.000        9117.1807
   16360.000        9242.5430
   16370.000        9077.5684
   16380.000        9068.2539
   16390.000        9197.8193
   16400.000        9147.0293
   16410.000        9164.3535
   16420.000        9214.9561
   16430.000        9247.8057
   16440.000        8904.5947
   16450.000        9120.7627
   16460.000        9062.5732
   16470.000        9082.2246
   16480.000        9196.6396
   16490.000        9120.0156
   16500.000        9191.9082
   16510.000        9132.4111
   16520.000        9055.5400
   16530.000        9032.0332
   16540.000        8975.2695
   16550.000        9218.1719
   16560.000        9279.4785
   16570.000        9163.9873
   16580.000        9142.7168
   16590.000        9189.7051
   16600.000        9080.0391
   16610.000        9130.3066
   16620.000        9121.2207
   16630.000        9197.5244
   16640.000        9191.4951
   16650.000        9075.5508
   16660.000        9059.9580
   16670.000        9177.9893
   16680.000        9082.6104
   16690.000        9219.5664
   16700.000        9066.0977
   16710.000        9036.2051
   16720.000        9096.8232
   16730.000        9076.6758
   16740.000        9190.4609
   16750.000        9208.0605
   16760.000        9344.5332
   16770.000        9106.8672
   16780.000        9150.9590
   16790.000        9109.3564
   16800.000        9166.1367
   16810.000        9106.7354
   16820.000        9151.2959
   16830.000        9117.0137
   16840.000        8987.8633
   16850.000        9201.3301
   16860.000        9049.3203
   16870.000        9131.5879
   16880.000        9065.9082
   16890.000        9196.6738
   16900.000        9084.6133
   16910.000        9192.6279
   16920.000        9112.5479
   16930.000        9223.1855
   16940.000        9220.3623
   16950.000        9051.7480
   16960.000        9171.7070
   16970.000        9151.8828
   16980.000        9169.7412
   16990.000        9285.1318
   17000.000        9181.0557
   17010.000        9118.2959
   17020.000        9116.4561
   17030.000        9279.9980
   17040.000        9142.5869
   17050.000        9197.3135
   17060.000        9119.4502
   17070.000        9252.0342
   17080.000        9112.8672
   17090.000        9121.5996
   17100.000        9028.2686
   17110.000        9160.5908
   17120.000        8940.8271
   17130.000        9107.6025
   17140.000        9101.4775
   17150.000        9220.8262
   17160.000        9151.4268
   17170.000        9338.0469
   17180.000        9115.4785
   17190.000        9108.3477
   17200.000        9020.9238
   17210.000        9124.7920
   17220.000        9097.5381
   17230.000        9011.9551
   17240.000        9142.5742
   17250.000        9068.8242
   17260.000        9061.5547
   17270.000        9184.6162
   17280.000        9130.8418
   17290.000        9233.7432
   17300.000        9124.8652
   17310.000        9099.2773
   17320.000        9122.2578
   17330.000        9121.0088
   17340.000        9113.0215
   17350.000        9146.0918
   17360.000        9265.1309
   17370.000        9145.5000
   17380.000        9202.2822
   17390.000        9223.3359
   17400.000        9145.6396
   17410.000        9225.7324
   17420.000        9158.1357
   17430.000        9295.4229
   17440.000        9178.0410
   17450.000        9112.3018
   17460.000        9067.8516
   17470.000        9084.4697
   17480.000        9082.6807
   17490.000        9233.7148
   17500.000        9118.5117
   17510.000        9101.1104
   17520.000        9068.8691
   17530.000        9102.1279
   17540.000        9084.5068
   17550.000        9091.9238
   17560.000        9097.4434
   17570.000        9136.6006
   17580.000        9129.2832
   17590.000        9207.7002
   17600.000        9203.7520
   17610.000        9085.5977
   17620.000        9151.2256
   17630.000        8996.9688
   17640.000        9144.3750
   17650.000        9141.5381
   17660.000        9105.1484
   17670.000        9051.5938
   17680.000        9113.5996
   17690.000        9119.3633
   17700.000        9014.4600
   17710.000        9209.8623
   17720.000        9095.8506
   17730.000        9000.7207
   17740.000        9300.1777
   17750.000        9159.4717
   17760.000        9113.4170
   17770.000        9093.4385
   17780.000        9173.6924
   17790.000        9126.1758
   17800.000        9241.3965
   17810.000        9169.2207
   17820.000        9098.7432
   17830.000        9149.4697
   17840.000        9045.3408
   17850.000        9240.6602
   17860.000        9096.8398
   17870.000        9132.1797
   17880.000        9155.0029
   17890.000        9078.2803
   17900.000        9089.6104
   17910.000        9171.1631
   17920.000        9090.2119
   17930.000        9111.9277
   17940.000        9119.0195
   17950.000        8983.1240
   17960.000        9124.2598
   17970.000        9196.5059
   17980.000        9145.1787
   17990.000        9104.4873
   18000.000        9182.2275
   18010.000        9205.5625
   18020.000        9182.2461
   18030.000        9256.0723
   18040.000        9138.7568
   18050.000        9069.5000
   18060.000        9174.0967
   18070.000        9209.3721
   18080.000        9155.9209
   18090.000        9198.1377
   18100.000        9169.6768
   18110.000        9152.7920
   18120.000        9070.9863
   18130.000        9108.4277
   18140.000        9119.2549
   18150.000        9066.0264
   18160.000        9032.2910
   18170.000        9113.7598
   18180.000        9126.6104
   18190.000        9086.4385
   18200.000        8980.2549
   18210.000        8992.8164
   18220.000        9055.3926
   18230.000        9251.0322
   18240.000        9088.5801
   18250.000        9003.8955
   18260.000        9140.7666
   18270.000        9046.9795
   18280.000        9120.4473
   18290.000        9030.2500
   18300.000        9232.2002
   18310.000        9019.2588
   18320.000        9045.9941
   18330.000        9026.9375
   18340.000        9147.6094
   18350.000        9169.3105
   18360.000        9190.2441
   18370.000        9087.5049
   18380.000        9032.6104
   18390.000        9091.2891
   18400.000        9103.5732
   18410.000        9104.4912
   18420.000        9007.3662
   18430.000        9114.8525
   18440.000        9076.3076
   18450.000        9125.4258
   18460.000        9086.9102
   18470.000        9107.8994
   18480.000        9180.5615
   18490.000        9179.2344
   18500.000        9158.8584
   18510.000        9179.0508
   18520.000        9233.4893
   18530.000        9013.5273
   18540.000        9260.4590
   18550.000        9164.1621
   18560.000        9102.2725
   18570.000        9246.3975
   18580.000        9235.2959
   18590.000        9079.4707
   18600.000        9177.3398
   18610.000        9100.6582
   18620.000        9079.9092
   18630.000        9099.1025
   18640.000        9154.6475
   18650.000        9247.3418
   18660.000        9140.2041
   18670.000        9093.4512
   18680.000        9129.2793
   18690.000        9186.6680
   18700.000        9072.1084
   18710.000        9144.0430
   18720.000        9201.6055
   18730.000        9120.0596
   18740.000        9203.2422
   18750.000        9111.6191
   18760.000        9045.9580
   18770.000        9091.8896
   18780.000        9140.7490
   18790.000        9073.4014
   18800.000        8982.8809
   18810.000        9048.6768
   18820.000        9176.7100
   18830.000        9165.6260
   18840.000        9072.6826
   18850.000        9045.3916
   18860.000        8933.1328
   18870.000        9215.9551
   18880.000        9208.7627
   18890.000        9053.1855
   18900.000        9216.7383
   18910.000        9260.8271
   18920.000        9129.2852
   18930.000        9102.7139
   18940.000        9184.1680
   18950.000        9198.7715
   18960.000        9121.3760
   18970.000        9132.0703
   18980.000        9257.8623
   18990.000        9126.9883
   19000.000        9104.0732
   19010.000        9134.8457
   19020.000        9067.3594
   19030.000        9124.4785
   19040.000        9186.8867
   19050.000        9200.0059
   19060.000        9143.2061
   19070.000        9091.6201
   19080.000        9188.5020
   19090.000        9207.4756
   19100.000        9067.0146
   19110.000        9079.1650
   19120.000        9143.7568
   19130.000        9115.1143
   19140.000        9112.8945
   19150.000        9124.7764
   19160.000        9153.1348
   19170.000        9146.3213
   19180.000        9161.4775
   19190.000        9111.1426
   19200.000        9178.3584
   19210.000        9044.4375
   19220.000        9139.5654
   19230.000        9101.4531
   19240.000        9123.0928
   19250.000        9101.4463
   19260.000        9056.1914
   19270.000        9164.5879
   19280.000        8985.2295
   19290.000        9226.9346
   19300.000        9176.7490
   19310.000        9086.4971
   19320.000        8988.6553
   19330.000        9216.3643
   19340.000        9132.6074
   19350.000        9156.2637
   19360.000        9061.7041
   19370.000        9256.4717
   19380.000        9046.5430
   19390.000        9092.0879
   19400.000        9083.7256
   19410.000        9091.3711
   19420.000        8971.0332
   19430.000        9101.1113
   19440.000        9119.3887
   19450.000        9117.5215
   19460.000        9148.2305
   19470.000        9112.6396
   19480.000        9036.8691
   19490.000        9073.7607
   19500.000        9223.0605
   19510.000        9290.4775
   19520.000        9178.0186
   19530.000        9100.7822
   19540.000        9169.9180
   19550.000        9079.9961
   19560.000        9041.3057
   19570.000        9208.3760
   19580.000        9073.8877
   19590.000        9041.4238
   19600.000        9077.7314
   19610.000        9056.1260
   19620.000        9180.9561
   19630.000        9209.0322
   19640.000        9108.9971
   19650.000        9075.8496
   19660.000        9110.0801
   19670.000        9212.1836
   19680.000        8915.0059
   19690.000        9060.3613
   19700.000        9129.6309
   19710.000        9121.3008
   19720.000        9111.2217
   19730.000        9168.4600
   19740.000        9080.9619
   19750.000        9157.3896
   19760.000        9095.9932
   19770.000        9065.9268
   19780.000        9251.6611
   19790.000        9078.7783
   19800.000        9253.5703
   19810.000        9104.4834
   19820.000        9086.4814
   19830.000        9099.4004
   19840.000        9217.6309
   19850.000        9015.8887
   19860.000        9152.0869
   19870.000        9144.3477
   19880.000        9042.1172
   19890.000        9096.0732
   19900.000        9143.3242
   19910.000        9248.4688
   19920.000        9185.1631
   19930.000        9019.9492
   19940.000        9103.1768
   19950.000        9217.6914
   19960.000        9130.6846
   19970.000        9190.6357
   19980.000        9140.0742
   19990.000        9223.9385
   20000.000        9278.4980
   20010.000        9045.8789
   20020.000        9172.3730
   20030.000        9205.7031
   20040.000        9064.1035
   20050.000        9044.5342
   20060.000        9146.8105
   20070.000        9186.9473
   20080.000        9145.7139
   20090.000        9093.9512
   20100.000        9215.2607
   20110.000        9255.1992
   20120.000        9020.2627
   20130.000        9084.5225
   20140.000        9175.9561
   20150.000        9033.0693
   20160.000        9231.3730
   20170.000        9102.4229
   20180.000        9111.6865
   20190.000        9125.0664
   20200.000        9124.0527
   20210.000        9106.5801
   20220.000        9064.7773
   20230.000        9143.5010
   20240.000        9169.5557
   20250.000        9170.1641
   20260.000        9062.9521
   20270.000        8966.0430
   20280.000        9128.2676
   20290.000        9157.3887
   20300.000        9117.4014
   20310.000        9133.0381
   20320.000        9229.9766
   20330.000        9136.1797
   20340.000        9166.8525
   20350.000        9174.6611
   20360.000        9132.5479
   20370.000        9147.2969
   20380.000        9080.9395
   20390.000        9140.8145
   20400.000        9167.9785
   20410.000        9206.2979
   20420.000        9162.0947
   20430.000        9132.2012
   20440.000        9209.5205
   20450.000        9048.1680
   20460.000        9183.1895
   20470.000        9278.9824
   20480.000        9089.1289
   20490.000        9135.6152
   20500.000        9019.7969
   20510.000        9104.7988
   20520.000        9095.1963
   20530.000        9191.0420
   20540.000        9151.5068
   20550.000        9028.8545
   20560.000        9127.4521
   20570.000        9059.5127
   20580.000        9180.7412
   20590.000        9056.2334
   20600.000        9007.8896
   20610.000        9121.0352
   20620.000        8970.7783
   20630.000        9044.9150
   20640.000        9174.6562
   20650.000        9063.8496
   20660.000        9154.8867
   20670.000        9228.7158
   20680.000        9131.7617
   20690.000        8951.8486
   20700.000        9250.6533
   20710.000        9136.5254
   20720.000        9119.0322
   20730.000        9310.0928
   20740.000        9060.1465
   20750.000        9191.8838
   20760.000        9295.6387
   20770.000        9126.3115
   20780.000        9143.5127
   20790.000        9115.5840
   20800.000        9082.9297
   20810.000        9294.7959
   20820.000        9103.9346
   20830.000        9266.3379
   20840.000        9150.6963
   20850.000        9130.4414
   20860.000        9178.1885
   20870.000        9237.4355
   20880.000        9135.0830
   20890.000        9147.6387
   20900.000        9108.3506
   20910.000        9171.4229
   20920.000        9226.5859
   20930.000        9275.3076
   20940.000        9194.1934
   20950.000        9077.2578
   20960.000        9206.1416
   20970.000        9088.4092
   20980.000        9110.9736
   20990.000        9086.9785
   21000.000        9257.7324
   21010.000        9218.6738
   21020.000        9310.4570
   21030.000        9046.5605
   21040.000        9149.4014
   21050.000        9051.7158
   21060.000        9191.8955
   21070.000        9241.1953
   21080.000        9071.5049
   21090.000        9137.5312
   21100.000        9238.0645
   21110.000        9092.6074
   21120.000        9191.0645
   21130.000        9079.8115
   21140.000        9108.9160
   21150.000        9136.9482
   21160.000        9153.5488
   21170.000        9192.1787
   21180.000        9186.2910
   21190.000        9093.2412
   21200.000        9219.2197
   21210.000        9210.2002
   21220.000        9283.5986
   21230.000        9262.2061
   21240.000        9131.8750
   21250.000        9091.3535
   21260.000        9169.2090
   21270.000        9076.6553
   21280.000        9015.8672
   21290.000        9080.1084
   21300.000        9227.8115
   21310.000        9137.6758
   21320.000        9164.4746
   21330.000        9162.0928
   21340.000        9106.2314
   21350.000        9184.9912
   21360.000        9213.1465
   21370.000        9109.0850
   21380.000        9199.0664
   21390.000        9065.9355
   21400.000        9127.1260
   21410.000        9092.6494
   21420.000        9079.8760
   21430.000        8962.6270
   21440.000        9199.8750
   21450.000        9097.0391
   21460.000        9083.7676
   21470.000        9357.0596
   21480.000        9161.9609
   21490.000        9058.1904
   21500.000        9040.3477
   21510.000        9225.4004
   21520.000        8995.8730
   21530.000        9118.0781
   21540.000        9144.7451
   21550.000        9045.5215
   21560.000        9283.0391
   21570.000        9193.6543
   21580.000        9000.8174
   21590.000        9102.9883
   21600.000        9193.9463
   21610.000        9219.7373
   21620.000        9138.1855
   21630.000        8983.1875
   21640.000        9119.7266
   21650.000        9159.3320
   21660.000        9175.7109
   21670.000        9079.8594
   21680.000        9038.3262
   21690.000        9186.5811
   21700.000        9022.9258
   21710.000        9050.8779
   21720.000        9197.1914
   21730.000        9234.4414
   21740.000        9216.6406
   21750.000        9164.5000
   21760.000        9103.7520
   21770.000        9093.0869
   21780.000        9097.9932
   21790.000        9049.5264
   21800.000        9067.3389
   21810.000        9136.2266
   21820.000        9228.5576
   21830.000        9083.3301
   21840.000        9103.7510
   21850.000        9039.9443
   21860.000        9173.4385
   21870.000        9219.7529
   21880.000        9219.5215
   21890.000        9146.6357
   21900.000        9138.2578
   21910.000        9015.7012
   21920.000        9222.4766
   21930.000        9077.4238
   21940.000        9123.0957
   21950.000        9099.2793
   21960.000        9013.2588
   21970.000        9186.6758
   21980.000        9044.8730
   21990.000        9053.6895
   22000.000        9150.2285
   22010.000        9110.8838
   22020.000        9144.9941
   22030.000        9145.8047
   22040.000        9176.9189
   22050.000        9131.0859
   22060.000        9138.2842
   22070.000        9035.9736
   22080.000        9016.2402
   22090.000        9146.2744
   22100.000        9267.4072
   22110.000        9196.8330
   22120.000        9113.3311
   22130.000        9125.8389
   22140.000        9071.2744
   22150.000        9012.6191
   22160.000        9162.8271
   22170.000        9076.3457
   22180.000        9200.0908
   22190.000        9117.5791
   22200.000        9139.9033
   22210.000        9195.2402
   22220.000        9074.3633
   22230.000        9218.2959
   22240.000        9168.7031
   22250.000        9133.5791
   22260.000        9030.7725
   22270.000        9046.7646
   22280.000        9049.2822
   22290.000        9159.0127
   22300.000        9178.0615
   22310.000        9205.5586
   22320.000        9075.2559
   22330.000        8999.8330
   22340.000        9074.9072
   22350.000        9008.7754
   22360.000        9104.2100
   22370.000        9100.9951
   22380.000        9296.9697
   22390.000        9070.1973
   22400.000        9151.3779
   22410.000        9227.2939
   22420.000        9208.3535
   22430.000        9078.0557
   22440.000        9021.3604
   22450.000        9259.9268
   22460.000        9190.6143
   22470.000        9245.3184
   22480.000        9164.0332
   22490.000        9213.8809
   22500.000        9155.5518
   22510.000        9209.1260
   22520.000        9120.2861
   22530.000        9110.5342
   22540.000        9088.4932
   22550.000        9294.5625
   22560.000        9137.3564
   22570.000        9197.2178
   22580.000        9222.8545
   22590.000        9197.5371
   22600.000        9105.5615
   22610.000        9027.0137
   22620.000        9017.8672
   22630.000        9057.7178
   22640.000        9219.3818
   22650.000        9167.3584
   22660.000        9107.5781
   22670.000        9211.7031
   22680.000        9076.8994
   22690.000        9185.6406
   22700.000        9101.7627
   22710.000        9163.2734
   22720.000        9216.6699
   22730.000        9188.5752
   22740.000        9111.6807
   22750.000        9064.2529
   22760.000        9109.0176
   22770.000        9218.5381
   22780.000        9147.1777
   22790.000        9150.2822
   22800.000        9194.8467
   22810.000        9133.7520
   22820.000        9014.9277
   22830.000        9274.4775
   22840.000        9187.9512
   22850.000        9104.7803
   22860.000        9032.6074
   22870.000        9194.7119
   22880.000        9097.0703
   22890.000        9372.1895
   22900.000        9238.5010
   22910.000        9074.4053
   22920.000        9259.1953
   22930.000        9167.0820
   22940.000        9045.3418
   22950.000        9124.5098
   22960.000        9083.7041
   22970.000        9260.6035
   22980.000        9135.6572
   22990.000        9098.6348
   23000.000        9155.3232
   23010.000        9149.1406
   23020.000        9160.9795
   23030.000        9206.0381
   23040.000        9184.2754
   23050.000        9082.7910
   23060.000        9143.8916
   23070.000        9191.6162
   23080.000        9008.1328
   23090.000        9120.1221
   23100.000        9053.5713
   23110.000        8996.8896
   23120.000        8986.3545
   23130.000        9205.7871
   23140.000        8994.9023
   23150.000        8957.4209
   23160.000        9017.8848
   23170.000        9197.5674
   23180.000        9104.0566
   23190.000        9116.5459
   23200.000        9040.7695
   23210.000        9133.3066
   23220.000        9130.5049
   23230.000        9004.6494
   23240.000        9235.5166
   23250.000        9177.9561
   23260.000        9098.6240
   23270.000        9088.9072
   23280.000        9023.1846
   23290.000        9245.2354
   23300.000        9139.4004
   23310.000        9094.0674
   23320.000        9120.6543
   23330.000        9125.8555
   23340.000        9099.3779
   23350.000        9207.5176
   23360.000        9320.9463
   23370.000        9176.2852
   23380.000        9155.5752
   23390.000        9089.1074
   23400.000        9148.6650
   23410.000        9292.2070
   23420.000        9152.7363
   23430.000        9034.0303
   23440.000        9142.9385
   23450.000        9075.1699
   23460.000        9200.6914
   23470.000        9099.2188
   23480.000        9086.0400
   23490.000        9065.2979
   23500.000        8994.5615
   23510.000        9228.2598
   23520.000        9308.2080
   23530.000        9122.5557
   23540.000        9221.2656
   23550.000        9078.0850
   23560.000        9113.9277
   23570.000        9209.8721
   23580.000        8968.9561
   23590.000        9022.6826
   23600.000        9107.6514
   23610.000        9115.5820
   23620.000        9067.0322
   23630.000        9154.3398
   23640.000        9200.0186
   23650.000        9214.5400
   23660.000        9188.7900
   23670.000        9249.6982
   23680.000        9025.6475
   23690.000        9044.6025
   23700.000        9225.4531
   23710.000        9250.0625
   23720.000        9127.3604
   23730.000        9064.8057
   23740.000        9097.1523
   23750.000        9088.3145
   23760.000        9211.1338
   23770.000        9144.0957
   23780.000        9091.9365
   23790.000        9097.0820
   23800.000        9086.6797
   23810.000        9191.3379
   23820.000        9077.6963
   23830.000        9219.3672
   23840.000        9183.8652
   23850.000        9182.7178
   23860.000        9266.5576
   23870.000        9118.0459
   23880.000        9054.7207
   23890.000        9159.5830
   23900.000        9190.1885
   23910.000        9267.2178
   23920.000        9102.5127
   23930.000        9173.2793
   23940.000        9098.6973
   23950.000        9199.7666
   23960.000        9071.4814
   23970.000        9041.7998
   23980.000        8993.6230
   23990.000        9110.2832
   24000.000        9203.6865
   24010.000        9216.0547
   24020.000        9054.0693
   24030.000        9165.4766
   24040.000        9104.2549
   24050.000        9153.1074
   24060.000        9121.9521
   24070.000        9105.7334
   24080.000        9302.0635
   24090.000        9229.0127
   24100.000        9215.3408
   24110.000        9239.2744
   24120.000        9105.6045
   24130.000        9069.5557
   24140.000        9219.9785
   24150.000        9081.0342
   24160.000        8988.9395
   24170.000        9144.6768
   24180.000        9168.9316
   24190.000        9160.2568
   24200.000        9084.7998
   24210.000        9090.4375
   24220.000        9160.5234
   24230.000        9016.9199
   24240.000        9136.7061
   24250.000        9077.9629
   24260.000        9136.6523
   24270.000        9165.1885
   24280.000        8997.2412
   24290.000        9225.1914
   24300.000        9117.5488
   24310.000        9054.9990
   24320.000        9145.7363
   24330.000        9164.7529
   24340.000        9088.5381
   24350.000        9189.4053
   24360.000        9272.7510
   24370.000        9312.6416
   24380.000        9111.3320
   24390.000        9132.8340
   24400.000        9171.1016
   24410.000        9160.8672
   24420.000        9065.0518
   24430.000        9178.7988
   24440.000        9129.6631
   24450.000        9260.2100
   24460.000        9131.9531
   24470.000        9108.1689
   24480.000        9044.1133
   24490.000        9091.4014
   24500.000        9111.8906
   24510.000        9227.1289
   24520.000        9024.8516
   24530.000        9025.7471
   24540.000        9186.6377
   24550.000        9254.7900
   24560.000        9119.7432
   24570.000        8917.7598
   24580.000        9078.3525
   24590.000        9118.9238
   24600.000        9066.4043
   24610.000        9145.4150
   24620.000        9159.3105
   24630.000        9055.4277
   24640.000        9114.1689
   24650.000        8995.8711
   24660.000        9136.0820
   24670.000        9264.5986
   24680.000        9228.6318
   24690.000        9296.0146
   24700.000        9037.2949
   24710.000        9192.8916
   24720.000        9087.8262
   24730.000        9169.4561
   24740.000        8955.2100
   24750.000        9045.6514
   24760.000        9008.8867
   24770.000        9117.3770
   24780.000        9090.5840
   24790.000        9201.8203
   24800.000        9138.2725
   24810.000        9149.9180
   24820.000        9160.0059
   24830.000        8896.0527
   24840.000        9091.4502
   24850.000        9088.0635
   24860.000        9108.3643
   24870.000        9068.5254
   24880.000        9211.3906
   24890.000        9079.7236
   24900.000        9106.6436
   24910.000        9134.7383
   24920.000        9147.4736
   24930.000        9127.3916
   24940.000        9184.0391
   24950.000        9148.7051
   24960.000        9107.6504
   24970.000        9141.4229
   24980.000        9263.1865
   24990.000        9187.0811
   25000.000        9130.1992
   25010.000        9162.3984
   25020.000        9254.1396
   25030.000        9126.1377
   25040.000        9098.3096
   25050.000        9201.0264
   25060.000        9155.7822
   25070.000        9243.3604
   25080.000        9208.0215
   25090.000        9160.3447
   25100.000        9138.7344
   25110.000        9225.1494
   25120.000        9090.8203
   25130.000        9117.5391
   25140.000        9132.2500
   25150.000        9224.8350
   25160.000        9090.2617
   25170.000        9020.6689
   25180.000        9176.6201
   25190.000        9215.9473
   25200.000        9140.1719
   25210.000        9204.7695
   25220.000        9093.9297
   25230.000        9245.1172
   25240.000        9042.8936
   25250.000        9117.0742
   25260.000        9127.3379
   25270.000        9125.0996
   25280.000        9057.6221
   25290.000        9353.4502
   25300.000        9197.0752
   25310.000        9219.6045
   25320.000        9045.0928
   25330.000        9199.6543
   25340.000        9062.7119
   25350.000        9185.9307
   25360.000        9113.8867
   25370.000        9176.8291
   25380.000        9141.3613
   25390.000        9088.4004
   25400.000        9275.1885
   25410.000        9127.0391
   25420.000        9113.1748
   25430.000        9091.1641
   25440.000        9140.2910
   25450.000        9234.5723
   25460.000        9174.8252
   25470.000        9161.4512
   25480.000        9180.4209
   25490.000        9066.2607
   25500.000        9106.9482
   25510.000        9086.7139
   25520.000        9107.3936
   25530.000        9084.1484
   25540.000        9064.4131
   25550.000        9214.1973
   25560.000        9239.5059
   25570.000        9129.2031
   25580.000        9119.7939
   25590.000        9114.1436
   25600.000        9224.7969
   25610.000        9133.6748
   25620.000        9176.2402
   25630.000        9176.2217
   25640.000        9132.1943
   25650.000        9073.3174
   25660.000        9295.6797
   25670.000        9244.5186
   25680.000        9131.9414
   25690.000        9163.1113
   25700.000        9139.9336
   25710.000        9197.3682
   25720.000        9200.1748
   25730.000        9073.6436
   25740.000        9202.8672
   25750.000        9187.8066
   25760.000        9120.6367
   25770.000        9047.7412
   25780.000        9247.2109
   25790.000        9088.2207
   25800.000        9132.6396
   25810.000        9248.8027
   25820.000        9105.0186
   25830.000        9259.3271
   25840.000        9099.1602
   25850.000        9191.0664
   25860.000        9062.3984
   25870.000        9110.8633
   25880.000        9176.4688
   25890.000        9124.3770
   25900.000        9130.8662
   25910.000        9094.3818
   25920.000        9088.8027
   25930.000        9218.3398
   25940.000        9031.4023
   25950.000        9214.1250
   25960.000        9047.2305
   25970.000        8988.7129
   25980.000        9219.7783
   25990.000        9086.1865
   26000.000        9055.9443
   26010.000        8912.3955
   26020.000        9152.9229
   26030.000        9103.8857
   26040.000        9072.6650
   26050.000        9047.8789
   26060.000        9130.2451
   26070.000        9213.2939
   26080.000        9020.8936
   26090.000        9226.0352
   26100.000        9029.4180
   26110.000        9079.0723
   26120.000        9126.1709
   26130.000        9026.4160
   26140.000        9127.2520
   26150.000        9060.1992
   26160.000        9175.8965
   26170.000        9184.8994
   26180.000        9170.9922
   26190.000        8996.4795
   26200.000        9052.3438
   26210.000        9133.3018
   26220.000        9180.3301
   26230.000        9149.5781
   26240.000        9102.5234
   26250.000        9039.5781
   26260.000        9213.3535
   26270.000        9150.4004
   26280.000        9133.5742
   26290.000        9167.8525
   26300.000        9064.9844
   26310.000        9208.9502
   26320.000        9152.8799
   26330.000        9069.5732
   26340.000        9121.3857
   26350.000        9129.6094
   26360.000        9284.3057
   26370.000        9198.1914
   26380.000        9085.8564
   26390.000        9096.2432
   26400.000        9102.0098
   26410.000        9223.3340
   26420.000        9164.8477
   26430.000        9209.6436
   26440.000        9237.8525
   26450.000        9194.6152
   26460.000        9066.4199
   26470.000        9284.9658
   26480.000        9208.9922
   26490.000        9077.7578
   26500.000        9201.0625
   26510.000        8949.8633
   26520.000        9014.1924
   26530.000        9187.1191
   26540.000        9251.6289
   26550.000        9131.5254
   26560.000        9163.0469
   26570.000        9204.1055
   26580.000        9062.3115
   26590.000        9213.6465
   26600.000        9150.8291
   26610.000        9160.4434
   26620.000        9232.6836
   26630.000        9123.5508
   26640.000        9157.8477
   26650.000        9197.2529
   26660.000        9259.7383
   26670.000        9130.9707
   26680.000        8995.7148
   26690.000        9032.4893
   26700.000        9158.5723
   26710.000        9112.8447
   26720.000        9138.5312
   26730.000        9103.3633
   26740.000        9087.7617
   26750.000        9194.2949
   26760.000        9122.0645
   26770.000        9245.9854
   26780.000        9167.4434
   26790.000        9156.4150
   26800.000        9005.4453
   26810.000        9089.7207
   26820.000        9100.6533
   26830.000        9175.9307
   26840.000        9036.8555
   26850.000        9156.6084
   26860.000        9071.4922
   26870.000        9191.4922
   26880.000        9132.5586
   26890.000        9174.2773
   26900.000        9039.4521
   26910.000        9232.6895
   26920.000        9136.2471
   26930.000        9114.9150
   26940.000        9282.4941
   26950.000        9266.3105
   26960.000        9090.5244
   26970.000        9243.7842
   26980.000        9179.2373
   26990.000        9326.2656
   27000.000        9266.8145
   27010.000        9171.1592
   27020.000        9096.0645
   27030.000        9149.9150
   27040.000        9056.4980
   27050.000        9069.1562
   27060.000        9136.9736
   27070.000        9143.3818
   27080.000        9218.1875
   27090.000        9168.0381
   27100.000        9182.1367
   27110.000        9180.6748
   27120.000        9074.7275
   27130.000        9185.5332
   27140.000        9117.9102
   27150.000        9111.6807
   27160.000        9074.9590
   27170.000        9148.2041
   27180.000        9171.0459
   27190.000        9189.7949
   27200.000        9039.5371
   27210.000        9096.9756
   27220.000        9261.0127
   27230.000        9081.6299
   27240.000        9082.7100
   27250.000        9169.3047
   27260.000        9112.2080
   27270.000        9269.9141
   27280.000        9061.9590
   27290.000        9152.5391
   27300.000        8940.7354
   27310.000        9293.7744
   27320.000        9092.5498
   27330.000        9206.6719
   27340.000        9195.5762
   27350.000        9077.6602
   27360.000        9100.3027
   27370.000        9089.7412
   27380.000        9225.0742
   27390.000        9097.7988
   27400.000        9105.6699
   27410.000        9184.0928
   27420.000        9267.0752
   27430.000        9005.6367
   27440.000        9174.6895
   27450.000        9242.3135
   27460.000        9047.9443
   27470.000        9097.3994
   27480.000        9067.6699
   27490.000        9011.7148
   27500.000        8982.8555
   27510.000        9197.1748
   27520.000        9106.5215
   27530.000        9137.5059
   27540.000        9174.5811
   27550.000        9133.7051
   27560.000        9066.8057
   27570.000        9105.5010
   27580.000        9199.1670
   27590.000        9119.9043
   27600.000        9107.4912
   27610.000        9217.3096
   27620.000        9110.9326
   27630.000        9303.7568
   27640.000        9122.2227
   27650.000        9047.8066
   27660.000        9083.6953
   27670.000        9146.6895
   27680.000        9185.7275
   27690.000        9165.9277
   27700.000        9162.3623
   27710.000        9085.2168
   27720.000        9147.0117
   27730.000        9200.1113
   27740.000        9143.9658
   27750.000        9277.5605
   27760.000        9053.3379
   27770.000        9101.2295
   27780.000        9062.9082
   27790.000        9115.2139
   27800.000        9069.3535
   27810.000        9161.5918
   27820.000        9123.6328
   27830.000        9176.2939
   27840.000        9167.1758
   27850.000        9141.5527
   27860.000        9150.8232
   27870.000        9064.3379
   27880.000        9249.9150
   27890.000        9247.1123
   27900.000        9150.0361
   27910.000        9138.4297
   27920.000        9201.8623
   27930.000        9192.1885
   27940.000        8982.1064
   27950.000        9062.2529
   27960.000        9111.0410
   27970.000        9062.6270
   27980.000        9061.0859
   27990.000        9171.6152
   28000.000        9119.4160
   28010.000        9120.9639
   28020.000        9080.3682
   28030.000        9142.1826
   28040.000        9234.0293
   28050.000        9140.6396
   28060.000        9015.3223
   28070.000        9129.7852
   28080.000        9199.4648
   28090.000        9063.6611
   28100.000        9050.7559
   28110.000        9118.9854
   28120.000        9083.1768
   28130.000        9044.8398
   28140.000        9125.9697
   28150.000        9100.3340
   28160.000        9106.5859
   28170.000        9012.3770
   28180.000        9167.8047
   28190.000        9192.3936
   28200.000        9042.2227
   28210.000        9090.6504
   28220.000        9082.4287
   28230.000        9181.4482
   28240.000        9237.2715
   28250.000        9096.8301
   28260.000        9171.8359
   28270.000        9074.8682
   28280.000        9187.5186
   28290.000        9125.7529
   28300.000        9117.0029
   28310.000        9267.4951
   28320.000        9161.9971
   28330.000        9096.6123
   28340.000        9056.5723
   28350.000        9143.7646
   28360.000        9184.7891
   28370.000        9178.2451
   28380.000        9055.8809
   28390.000        9076.0205
   28400.000        9049.4736
   28410.000        9102.0801
   28420.000        9053.1455
   28430.000        9167.9746
   28440.000        9265.5459
   28450.000        9037.3613
   28460.000        9149.7871
   28470.000        9175.0615
   28480.000        9226.6299
   28490.000        9114.5059
   28500.000        9127.1270
   28510.000        9060.0977
   28520.000        9076.9717
   28530.000        9152.4023
   28540.000        9142.7148
   28550.000        9143.3418
   28560.000        9139.2920
   28570.000        9154.1436
   28580.000        9101.1064
   28590.000        9075.6279
   28600.000        9141.9160
   28610.000        9176.5859
   28620.000        9165.4355
   28630.000        9161.6885
   28640.000        9205.8096
   28650.000        9052.5342
   28660.000        9214.5576
   28670.000        9153.7051
   28680.000        9171.6914
   28690.000        9057.9277
   28700.000        9190.8857
   28710.000        9200.0732
   28720.000        9185.3105
   28730.000        9142.1855
   28740.000        9151.3516
   28750.000        9213.7354
   28760.000        9196.9229
   28770.000        9159.7832
   28780.000        9066.6328
   28790.000        9172.8047
   28800.000        9246.9961
   28810.000        9129.3867
   28820.000        9134.5957
   28830.000        9153.1230
   28840.000        9097.7803
   28850.000        9164.0244
   28860.000        9156.6328
   28870.000        9191.9756
   28880.000        9123.0654
   28890.000        9016.8447
   28900.000        9141.1426
   28910.000        9047.8447
   28920.000        9188.1064
   28930.000        9050.0879
   28940.000        9042.8066
   28950.000        9073.6836
   28960.000        9094.3154
   28970.000        9269.9775
   28980.000        9210.7715
   28990.000        9044.1367
   29000.000        9192.5654
   29010.000        9016.7705
   29020.000        9246.4404
   29030.000        9203.4961
   29040.000        9136.8945
   29050.000        9140.2109
   29060.000        9178.8428
   29070.000        9185.0967
   29080.000        9215.5244
   29090.000        9037.5732
   29100.000        9235.0000
   29110.000        9251.0518
   29120.000        9025.2783
   29130.000        9187.4023
   29140.000        9169.9316
   29150.000        9191.8477
   29160.000        9127.6943
   29170.000        9145.2910
   29180.000        8949.2217
   29190.000        9063.1748
   29200.000        9125.4268
   29210.000        9215.7158
   29220.000        9113.7969
   29230.000        9221.9727
