  
       0.000      -44331.5210
      10.000      -43714.6673
      20.000      -43660.7079
      30.000      -43699.0504
      40.000      -43970.9625
      50.000      -43776.4055
      60.000      -43897.3176
      70.000      -43853.9769
      80.000      -43848.1629
      90.000      -43896.9994
     100.000      -43694.7826
     110.000      -43875.4251
     120.000      -43837.7359
     130.000      -43741.3738
     140.000      -43721.9104
     150.000      -43854.3277
     160.000      -43676.4987
     170.000      -43858.3306
     180.000      -43967.0124
     190.000      -43865.6121
     200.000      -43923.7612
     210.000      -44008.0235
     220.000      -43865.1005
     230.000      -43697.9016
     240.000      -43771.4837
     250.000      -43824.8323
     260.000      -43717.0497
     270.000      -43831.9993
     280.000      -43907.5180
     290.000      -43900.3443
     300.000      -43823.9099
     310.000      -43879.2767
     320.000      -43792.0798
     330.000      -43705.8767
     340.000      -43989.2503
     350.000      -43801.4620
     360.000      -43851.4557
     370.000      -43766.4376
     380.000      -43922.3179
     390.000      -43993.1455
     400.000      -43953.5931
     410.000      -43926.5819
     420.000      -43859.4533
     430.000      -43717.9968
     440.000      -43932.3699
     450.000      -43823.2164
     460.000      -43839.1465
     470.000      -43893.1813
     480.000      -43767.1536
     490.000      -43881.7556
     500.000      -43681.7913
     510.000      -43766.8596
     520.000      -43889.3026
     530.000      -43859.3460
     540.000      -43831.1205
     550.000      -43668.8817
     560.000      -43697.8835
     570.000      -43979.9831
     580.000      -43727.7939
     590.000      -43838.4325
     600.000      -43894.9258
     610.000      -43843.4500
     620.000      -43709.7348
     630.000      -43743.9036
     640.000      -43891.2293
     650.000      -43848.2734
     660.000      -43874.6400
     670.000      -43749.5962
     680.000      -43827.4431
     690.000      -43798.0573
     700.000      -43919.9527
     710.000      -43746.9629
     720.000      -43715.0293
     730.000      -43801.0422
     740.000      -43852.2208
     750.000      -43931.0044
     760.000      -43678.0285
     770.000      -43837.6123
     780.000      -44043.2892
     790.000      -43857.6073
     800.000      -43659.5060
     810.000      -43833.5190
     820.000      -43762.0593
     830.000      -43848.4958
     840.000      -43647.0280
     850.000      -43949.6354
     860.000      -43805.6041
     870.000      -43878.0888
     880.000      -43783.4970
     890.000      -43812.1574
     900.000      -43771.4186
     910.000      -43909.1781
     920.000      -43837.9845
     930.000      -43654.9201
     940.000      -43982.3338
     950.000      -43787.0789
     960.000      -43901.5721
     970.000      -43917.2509
     980.000      -43970.9559
     990.000      -43679.0687
    1000.000      -43719.0456
    1010.000      -43818.3830
    1020.000      -43759.3366
    1030.000      -43934.3553
    1040.000      -43645.2570
    1050.000      -43941.5608
    1060.000      -43861.4521
    1070.000      -43822.8751
    1080.000      -43809.9199
    1090.000      -43823.6433
    1100.000      -43841.8412
    1110.000      -43804.5914
    1120.000      -43779.9399
    1130.000      -43844.3407
    1140.000      -43841.0630
    1150.000      -43843.4805
    1160.000      -43800.9869
    1170.000      -43794.8922
    1180.000      -43846.3229
    1190.000      -43729.6844
    1200.000      -43775.0644
    1210.000      -43778.0266
    1220.000      -43949.9487
    1230.000      -43992.0034
    1240.000      -43920.3447
    1250.000      -43791.1310
    1260.000      -43879.5377
    1270.000      -43869.0988
    1280.000      -43906.1213
    1290.000      -43832.2878
    1300.000      -43904.0211
    1310.000      -43875.4737
    1320.000      -43816.9702
    1330.000      -43797.4415
    1340.000      -43656.9103
    1350.000      -44022.7158
    1360.000      -43772.3690
    1370.000      -43817.8132
    1380.000      -43776.0018
    1390.000      -43666.9659
    1400.000      -43831.6008
    1410.000      -43908.7344
    1420.000      -43906.7642
    1430.000      -43776.4703
    1440.000      -43838.9881
    1450.000      -43795.2906
    1460.000      -43921.8782
    1470.000      -43708.4452
    1480.000      -43737.3819
    1490.000      -43712.2170
    1500.000      -43929.9941
    1510.000      -43981.4676
    1520.000      -43970.2174
    1530.000      -43811.8399
    1540.000      -43829.7015
    1550.000      -43884.6746
    1560.000      -43839.1037
    1570.000      -43836.7102
    1580.000      -43655.5202
    1590.000      -43832.6456
    1600.000      -43893.4685
    1610.000      -43810.1176
    1620.000      -43774.9580
    1630.000      -43713.1198
    1640.000      -43929.8577
    1650.000      -43984.7590
    1660.000      -43788.0662
    1670.000      -43970.5777
    1680.000      -43891.6418
    1690.000      -43884.3461
    1700.000      -43816.9868
    1710.000      -43779.9112
    1720.000      -43780.7871
    1730.000      -43882.5234
    1740.000      -43918.8402
    1750.000      -43945.2176
    1760.000      -44056.3216
    1770.000      -43717.4001
    1780.000      -43840.5431
    1790.000      -44026.6160
    1800.000      -43846.2979
    1810.000      -43748.5436
    1820.000      -43923.7962
    1830.000      -43766.6479
    1840.000      -43826.4317
    1850.000      -43998.7270
    1860.000      -43807.5621
    1870.000      -43746.5508
    1880.000      -43745.8350
    1890.000      -43688.3402
    1900.000      -43969.8759
    1910.000      -43778.7015
    1920.000      -43964.9269
    1930.000      -43830.4767
    1940.000      -43870.0879
    1950.000      -43843.9610
    1960.000      -43843.9584
    1970.000      -43757.1246
    1980.000      -43714.5653
    1990.000      -43760.5918
    2000.000      -43990.0920
    2010.000      -43911.9357
    2020.000      -44074.5224
    2030.000      -43890.5183
    2040.000      -43817.5752
    2050.000      -43903.9071
    2060.000      -43900.6994
    2070.000      -43730.7634
    2080.000      -43983.8050
    2090.000      -43778.4713
    2100.000      -43967.7066
    2110.000      -43949.5894
    2120.000      -43778.8464
    2130.000      -43836.8521
    2140.000      -44008.0242
    2150.000      -43694.1619
    2160.000      -43884.2864
    2170.000      -43807.7476
    2180.000      -43919.3013
    2190.000      -43921.2877
    2200.000      -43849.6952
    2210.000      -43758.4706
    2220.000      -43683.9649
    2230.000      -43880.6442
    2240.000      -43840.6991
    2250.000      -43862.9308
    2260.000      -43729.6060
    2270.000      -43819.4847
    2280.000      -43765.3100
    2290.000      -43802.7505
    2300.000      -43836.5024
    2310.000      -43618.7799
    2320.000      -43994.0109
    2330.000      -43930.9515
    2340.000      -43891.2123
    2350.000      -43894.5827
    2360.000      -43870.8304
    2370.000      -43930.5896
    2380.000      -43838.5768
    2390.000      -43811.7973
    2400.000      -43674.2215
    2410.000      -43851.7748
    2420.000      -43766.0396
    2430.000      -43720.0345
    2440.000      -43931.8844
    2450.000      -43762.7233
    2460.000      -43844.0143
    2470.000      -43882.1612
    2480.000      -43843.3880
    2490.000      -43874.8728
    2500.000      -43922.1224
    2510.000      -43933.6958
    2520.000      -43774.7199
    2530.000      -43746.0920
    2540.000      -43790.8723
    2550.000      -43726.4715
    2560.000      -44005.8274
    2570.000      -43858.7011
    2580.000      -43735.2049
    2590.000      -43837.2234
    2600.000      -43745.4465
    2610.000      -43989.1141
    2620.000      -43820.7007
    2630.000      -43787.0607
    2640.000      -43775.5643
    2650.000      -43954.3636
    2660.000      -43726.7373
    2670.000      -43786.7469
    2680.000      -43959.6842
    2690.000      -43743.2655
    2700.000      -43861.4649
    2710.000      -43821.6015
    2720.000      -43655.3485
    2730.000      -43919.7439
    2740.000      -43924.6353
    2750.000      -43796.9339
    2760.000      -43788.4895
    2770.000      -43954.4638
    2780.000      -43937.9624
    2790.000      -43842.4036
    2800.000      -43897.3977
    2810.000      -43896.6291
    2820.000      -43926.8614
    2830.000      -43885.3713
    2840.000      -43931.2736
    2850.000      -43921.5880
    2860.000      -43717.2171
    2870.000      -43804.6508
    2880.000      -43718.6107
    2890.000      -43713.9205
    2900.000      -43764.8911
    2910.000      -44093.0167
    2920.000      -43714.2976
    2930.000      -43850.5551
    2940.000      -43889.7759
    2950.000      -43880.2924
    2960.000      -43690.1270
    2970.000      -43911.6643
    2980.000      -43932.0899
    2990.000      -44088.7198
    3000.000      -43988.3558
    3010.000      -43897.5158
    3020.000      -43715.3952
    3030.000      -43819.9087
    3040.000      -43752.0195
    3050.000      -43788.3187
    3060.000      -43573.6648
    3070.000      -43798.1007
    3080.000      -43881.2291
    3090.000      -43791.7231
    3100.000      -43879.8662
    3110.000      -44052.3199
    3120.000      -43763.2340
    3130.000      -43674.3500
    3140.000      -43927.1855
    3150.000      -43788.1654
    3160.000      -43897.4388
    3170.000      -43821.7813
    3180.000      -43851.9312
    3190.000      -43900.0418
    3200.000      -44096.2932
    3210.000      -44111.2001
    3220.000      -43869.4940
    3230.000      -43948.1570
    3240.000      -43791.9584
    3250.000      -43780.3046
    3260.000      -43860.0733
    3270.000      -43831.4302
    3280.000      -43721.7007
    3290.000      -43912.0440
    3300.000      -43810.1581
    3310.000      -43702.5715
    3320.000      -43863.2830
    3330.000      -43804.5243
    3340.000      -43664.4533
    3350.000      -43926.6616
    3360.000      -43943.5029
    3370.000      -43856.5002
    3380.000      -43941.6316
    3390.000      -43825.4032
    3400.000      -43945.4277
    3410.000      -43930.5869
    3420.000      -44047.9636
    3430.000      -43655.8040
    3440.000      -43998.5599
    3450.000      -43945.5860
    3460.000      -43789.5375
    3470.000      -43854.5980
    3480.000      -43976.6769
    3490.000      -43788.8380
    3500.000      -43879.8903
    3510.000      -43908.0120
    3520.000      -43702.9902
    3530.000      -44189.2826
    3540.000      -43730.4078
    3550.000      -43729.0769
    3560.000      -43627.4298
    3570.000      -43722.9234
    3580.000      -43770.3496
    3590.000      -43768.0529
    3600.000      -43888.6163
    3610.000      -43859.8053
    3620.000      -43859.6513
    3630.000      -43803.1153
    3640.000      -43757.7479
    3650.000      -43855.4446
    3660.000      -43922.6940
    3670.000      -43782.5330
    3680.000      -43899.0423
    3690.000      -43635.1895
    3700.000      -43969.2829
    3710.000      -43901.1426
    3720.000      -43721.9692
    3730.000      -43802.0616
    3740.000      -43859.6400
    3750.000      -43726.1120
    3760.000      -43910.2336
    3770.000      -43703.0354
    3780.000      -43961.5874
    3790.000      -43855.1593
    3800.000      -43711.3303
    3810.000      -43697.5708
    3820.000      -43853.2829
    3830.000      -43651.6956
    3840.000      -43708.6796
    3850.000      -43742.4360
    3860.000      -43733.3928
    3870.000      -43851.8654
    3880.000      -43865.9327
    3890.000      -43777.7507
    3900.000      -43843.8314
    3910.000      -43810.3605
    3920.000      -43982.0296
    3930.000      -43800.5723
    3940.000      -43934.3870
    3950.000      -43823.5043
    3960.000      -43795.2510
    3970.000      -44093.0063
    3980.000      -43854.8210
    3990.000      -43893.4618
    4000.000      -43918.7173
    4010.000      -43971.6830
    4020.000      -43786.2433
    4030.000      -43948.4620
    4040.000      -43890.3114
    4050.000      -43835.5835
    4060.000      -43888.1728
    4070.000      -43915.5796
    4080.000      -43795.9446
    4090.000      -43791.3016
    4100.000      -43655.8109
    4110.000      -43656.5743
    4120.000      -43762.6834
    4130.000      -43910.6561
    4140.000      -43771.1437
    4150.000      -43734.8337
    4160.000      -43697.2571
    4170.000      -43971.7123
    4180.000      -43775.4754
    4190.000      -43948.7406
    4200.000      -44049.6874
    4210.000      -43781.5911
    4220.000      -43809.9670
    4230.000      -43827.0764
    4240.000      -43939.4423
    4250.000      -43893.7231
    4260.000      -43909.2025
    4270.000      -43835.3935
    4280.000      -43783.3089
    4290.000      -43749.0501
    4300.000      -43909.8990
    4310.000      -44034.0125
    4320.000      -43958.2300
    4330.000      -43573.6335
    4340.000      -43809.9985
    4350.000      -43669.9649
    4360.000      -43774.3363
    4370.000      -43638.9665
    4380.000      -44013.6434
    4390.000      -43825.6657
    4400.000      -43682.7528
    4410.000      -43744.3504
    4420.000      -43700.5768
    4430.000      -43774.0701
    4440.000      -43885.1394
    4450.000      -43810.4448
    4460.000      -43904.0057
    4470.000      -43811.1949
    4480.000      -43743.8345
    4490.000      -43923.2558
    4500.000      -43722.2415
    4510.000      -43702.2365
    4520.000      -43729.7216
    4530.000      -43821.3173
    4540.000      -43907.0007
    4550.000      -43874.7391
    4560.000      -43908.6937
    4570.000      -43787.5102
    4580.000      -43664.8642
    4590.000      -43828.4173
    4600.000      -43997.6362
    4610.000      -43763.2235
    4620.000      -43924.8452
    4630.000      -43806.0342
    4640.000      -43701.5053
    4650.000      -43826.1594
    4660.000      -43740.3592
    4670.000      -43940.9956
    4680.000      -43920.7400
    4690.000      -43797.4809
    4700.000      -43884.8639
    4710.000      -43814.6468
    4720.000      -43822.3670
    4730.000      -43808.1531
    4740.000      -43845.6167
    4750.000      -43922.9395
    4760.000      -43723.4581
    4770.000      -43875.3193
    4780.000      -43910.2709
    4790.000      -43844.7981
    4800.000      -43698.4423
    4810.000      -43716.3888
    4820.000      -43811.5230
    4830.000      -43876.1385
    4840.000      -43871.7537
    4850.000      -43888.0029
    4860.000      -43855.6040
    4870.000      -43802.0677
    4880.000      -43786.4882
    4890.000      -43637.1763
    4900.000      -43833.2815
    4910.000      -43616.3207
    4920.000      -43968.6994
    4930.000      -43732.2500
    4940.000      -43827.8332
    4950.000      -43970.8822
    4960.000      -43845.2571
    4970.000      -43764.0612
    4980.000      -43786.2328
    4990.000      -43857.2243
    5000.000      -44010.0460
    5010.000      -43793.6390
    5020.000      -43667.3864
    5030.000      -43624.2982
    5040.000      -43718.8669
    5050.000      -43792.3237
    5060.000      -43800.5381
    5070.000      -43936.6102
    5080.000      -43873.1687
    5090.000      -43925.9206
    5100.000      -43829.1952
    5110.000      -43766.7093
    5120.000      -43843.2253
    5130.000      -43900.4646
    5140.000      -43647.0554
    5150.000      -43927.9723
    5160.000      -43943.8371
    5170.000      -43943.8521
    5180.000      -43746.8306
    5190.000      -43757.0391
    5200.000      -44025.8021
    5210.000      -43921.5079
    5220.000      -43732.2571
    5230.000      -43678.1635
    5240.000      -43914.3015
    5250.000      -43865.6484
    5260.000      -43829.6867
    5270.000      -43618.4620
    5280.000      -43826.8650
    5290.000      -43860.6953
    5300.000      -43966.6715
    5310.000      -43792.6171
    5320.000      -43939.7414
    5330.000      -43970.4723
    5340.000      -43839.1424
    5350.000      -44036.4213
    5360.000      -43730.7153
    5370.000      -43690.6657
    5380.000      -43830.4687
    5390.000      -43883.5977
    5400.000      -43838.5483
    5410.000      -43572.7725
    5420.000      -43860.6098
    5430.000      -43730.8524
    5440.000      -43765.6207
    5450.000      -43804.6171
    5460.000      -43710.4436
    5470.000      -43754.1322
    5480.000      -43802.5458
    5490.000      -43790.9881
    5500.000      -43728.2315
    5510.000      -43852.0948
    5520.000      -43819.7228
    5530.000      -43866.7640
    5540.000      -43731.4864
    5550.000      -43974.5867
    5560.000      -43900.4981
    5570.000      -43795.3994
    5580.000      -43748.0130
    5590.000      -43859.2976
    5600.000      -43951.3919
    5610.000      -43896.2364
    5620.000      -44022.2797
    5630.000      -43735.9072
    5640.000      -43781.3388
    5650.000      -43884.5852
    5660.000      -44006.8901
    5670.000      -43999.7775
    5680.000      -43785.7741
    5690.000      -43788.6654
    5700.000      -43909.0419
    5710.000      -44020.5105
    5720.000      -43991.4796
    5730.000      -43804.7474
    5740.000      -43870.9298
    5750.000      -43904.1751
    5760.000      -43718.8198
    5770.000      -43792.0617
    5780.000      -43843.4670
    5790.000      -44006.6693
    5800.000      -43734.0767
    5810.000      -43713.6565
    5820.000      -43785.5980
    5830.000      -43920.5365
    5840.000      -43840.1839
    5850.000      -43970.2755
    5860.000      -43864.5208
    5870.000      -44017.6490
    5880.000      -43803.3836
    5890.000      -43811.5779
    5900.000      -43740.5146
    5910.000      -44012.7173
    5920.000      -43855.1407
    5930.000      -43908.7962
    5940.000      -43675.2774
    5950.000      -43655.5394
    5960.000      -43637.1111
    5970.000      -43837.2144
    5980.000      -43535.3612
    5990.000      -43834.8612
    6000.000      -43858.4100
    6010.000      -43746.9107
    6020.000      -43902.9405
    6030.000      -43937.2456
    6040.000      -43854.1536
    6050.000      -44047.5594
    6060.000      -43788.2416
    6070.000      -43918.8705
    6080.000      -43915.1720
    6090.000      -43877.2969
    6100.000      -43842.5727
    6110.000      -43763.0617
    6120.000      -43800.6135
    6130.000      -43528.0070
    6140.000      -43691.3498
    6150.000      -43968.7280
    6160.000      -43877.3285
    6170.000      -43750.3379
    6180.000      -43810.0898
    6190.000      -43963.8976
    6200.000      -43974.2335
    6210.000      -43683.5050
    6220.000      -43802.7023
    6230.000      -43838.6493
    6240.000      -43910.5588
    6250.000      -43740.6094
    6260.000      -43908.5296
    6270.000      -44016.0334
    6280.000      -44033.3142
    6290.000      -43887.9673
    6300.000      -43823.3426
    6310.000      -43951.9294
    6320.000      -43883.6087
    6330.000      -43887.8367
    6340.000      -43770.6949
    6350.000      -43863.1681
    6360.000      -43974.4605
    6370.000      -43904.5775
    6380.000      -43958.2726
    6390.000      -43958.3035
    6400.000      -43944.3212
    6410.000      -43889.6014
    6420.000      -44002.6960
    6430.000      -43930.3250
    6440.000      -43772.6249
    6450.000      -43775.9484
    6460.000      -43905.0113
    6470.000      -43767.2430
    6480.000      -43854.0813
    6490.000      -43704.5022
    6500.000      -43769.8154
    6510.000      -43748.2457
    6520.000      -43843.1600
    6530.000      -43838.2536
    6540.000      -43725.4103
    6550.000      -43773.7615
    6560.000      -43872.2579
    6570.000      -43814.8259
    6580.000      -43901.1923
    6590.000      -43905.6530
    6600.000      -43824.0605
    6610.000      -43953.5407
    6620.000      -43904.8795
    6630.000      -43806.9520
    6640.000      -43815.1551
    6650.000      -43837.6011
    6660.000      -43599.8373
    6670.000      -43769.5787
    6680.000      -43753.9145
    6690.000      -44084.7620
    6700.000      -43744.3301
    6710.000      -43602.3100
    6720.000      -43872.5017
    6730.000      -43712.1134
    6740.000      -43808.1039
    6750.000      -43696.7798
    6760.000      -43637.0149
    6770.000      -43689.3285
    6780.000      -43805.1110
    6790.000      -43844.3904
    6800.000      -43744.1457
    6810.000      -43684.0418
    6820.000      -43799.3442
    6830.000      -43778.3464
    6840.000      -43956.4011
    6850.000      -44019.6899
    6860.000      -43947.5974
    6870.000      -43687.1740
    6880.000      -43735.6653
    6890.000      -43887.0906
    6900.000      -43835.8722
    6910.000      -43869.2631
    6920.000      -43885.5214
    6930.000      -43844.5462
    6940.000      -43972.0546
    6950.000      -43552.2769
    6960.000      -43946.3749
    6970.000      -43800.7530
    6980.000      -43754.7983
    6990.000      -43893.2270
    7000.000      -43764.1746
    7010.000      -43783.2133
    7020.000      -43774.3376
    7030.000      -43755.1283
    7040.000      -43838.8338
    7050.000      -43827.7508
    7060.000      -43788.6213
    7070.000      -43875.0292
    7080.000      -43873.5341
    7090.000      -43779.3692
    7100.000      -43805.1610
    7110.000      -43728.1794
    7120.000      -43837.4365
    7130.000      -43826.8725
    7140.000      -43875.9745
    7150.000      -43928.4556
    7160.000      -43818.9968
    7170.000      -43808.5739
    7180.000      -43686.7921
    7190.000      -43871.1296
    7200.000      -44053.7138
    7210.000      -43837.0009
    7220.000      -43758.4241
    7230.000      -43728.3009
    7240.000      -43761.3332
    7250.000      -43741.4630
    7260.000      -44044.8896
    7270.000      -43797.1416
    7280.000      -43750.0921
    7290.000      -43953.5711
    7300.000      -43747.0098
    7310.000      -43847.8936
    7320.000      -43843.4409
    7330.000      -43937.8828
    7340.000      -43870.1300
    7350.000      -43705.4135
    7360.000      -43960.2205
    7370.000      -43983.8068
    7380.000      -43650.4935
    7390.000      -43891.0326
    7400.000      -43920.8064
    7410.000      -43801.5662
    7420.000      -43887.6903
    7430.000      -43993.0402
    7440.000      -43882.1796
    7450.000      -44027.5821
    7460.000      -43825.4963
    7470.000      -43759.1511
    7480.000      -43608.0291
    7490.000      -43527.3031
    7500.000      -43722.3541
    7510.000      -43957.9952
    7520.000      -43822.9859
    7530.000      -43923.2046
    7540.000      -43829.5392
    7550.000      -43692.4046
    7560.000      -43663.7571
    7570.000      -43900.9165
    7580.000      -43806.9748
    7590.000      -43592.1727
    7600.000      -43668.6788
    7610.000      -43810.7146
    7620.000      -43848.1701
    7630.000      -43851.4643
    7640.000      -43959.6196
    7650.000      -43754.7334
    7660.000      -43711.2162
    7670.000      -43820.9375
    7680.000      -43772.9752
    7690.000      -43889.9862
    7700.000      -44018.6570
    7710.000      -43763.4336
    7720.000      -43834.0130
    7730.000      -43858.7473
    7740.000      -43888.0482
    7750.000      -43944.2567
    7760.000      -43800.2101
    7770.000      -43673.2112
    7780.000      -43712.0463
    7790.000      -43712.8296
    7800.000      -43770.2875
    7810.000      -43860.4765
    7820.000      -43831.7965
    7830.000      -43605.1801
    7840.000      -43842.1742
    7850.000      -43711.6947
    7860.000      -43793.2803
    7870.000      -44014.1202
    7880.000      -43862.5604
    7890.000      -43747.8775
    7900.000      -43878.1554
    7910.000      -43902.1655
    7920.000      -43891.0833
    7930.000      -43887.1369
    7940.000      -43638.8634
    7950.000      -43763.7075
    7960.000      -43849.8845
    7970.000      -43738.5098
    7980.000      -43676.0247
    7990.000      -43737.8321
    8000.000      -43755.0724
    8010.000      -43889.5545
    8020.000      -43738.6405
    8030.000      -43692.1916
    8040.000      -43882.8450
    8050.000      -43954.9054
    8060.000      -43796.1569
    8070.000      -43912.9248
    8080.000      -43775.5322
    8090.000      -43874.2736
    8100.000      -43818.4637
    8110.000      -43669.7295
    8120.000      -43857.3403
    8130.000      -43833.1033
    8140.000      -43772.0414
    8150.000      -43909.9476
    8160.000      -43784.0970
    8170.000      -43861.8554
    8180.000      -43704.0883
    8190.000      -43755.5561
    8200.000      -43894.7205
    8210.000      -43906.8746
    8220.000      -43971.8746
    8230.000      -43698.8718
    8240.000      -43877.3994
    8250.000      -43756.4884
    8260.000      -43790.0773
    8270.000      -44042.3118
    8280.000      -43765.0531
    8290.000      -43679.9423
    8300.000      -43870.2894
    8310.000      -44020.4623
    8320.000      -43773.5521
    8330.000      -43862.4253
    8340.000      -43778.8444
    8350.000      -43680.2318
    8360.000      -43935.5864
    8370.000      -43884.0507
    8380.000      -43711.5035
    8390.000      -43960.2448
    8400.000      -43672.2025
    8410.000      -43811.1488
    8420.000      -43943.9484
    8430.000      -43732.8847
    8440.000      -43715.4949
    8450.000      -43711.1395
    8460.000      -43976.3387
    8470.000      -43901.9255
    8480.000      -43693.7753
    8490.000      -43966.8089
    8500.000      -43888.5538
    8510.000      -43883.2206
    8520.000      -43857.7765
    8530.000      -43631.3858
    8540.000      -43647.8136
    8550.000      -43665.3506
    8560.000      -43673.6111
    8570.000      -43884.5143
    8580.000      -44008.2738
    8590.000      -43676.1300
    8600.000      -43880.7717
    8610.000      -43975.3639
    8620.000      -43758.6713
    8630.000      -43726.4324
    8640.000      -43933.0633
    8650.000      -43728.7107
    8660.000      -43805.6941
    8670.000      -43926.9185
    8680.000      -43893.3221
    8690.000      -43899.6860
    8700.000      -43769.5296
    8710.000      -43791.0715
    8720.000      -43716.6856
    8730.000      -43787.5217
    8740.000      -43883.6109
    8750.000      -43966.1621
    8760.000      -43835.1586
    8770.000      -43908.2111
    8780.000      -43869.3589
    8790.000      -43977.7417
    8800.000      -43943.7555
    8810.000      -43728.7961
    8820.000      -43575.7006
    8830.000      -43995.1644
    8840.000      -43844.7552
    8850.000      -43805.0610
    8860.000      -43840.6657
    8870.000      -44024.1178
    8880.000      -43815.1401
    8890.000      -43798.1894
    8900.000      -43697.6729
    8910.000      -43736.8897
    8920.000      -43802.0032
    8930.000      -43833.1104
    8940.000      -43846.7165
    8950.000      -43598.8899
    8960.000      -43751.1494
    8970.000      -43864.7848
    8980.000      -43801.9483
    8990.000      -43958.2003
    9000.000      -43881.3574
    9010.000      -43892.5386
    9020.000      -43784.6313
    9030.000      -43904.7999
    9040.000      -43892.3670
    9050.000      -43821.2700
    9060.000      -43716.0783
    9070.000      -43852.3423
    9080.000      -43830.1206
    9090.000      -43718.4566
    9100.000      -43787.7356
    9110.000      -43820.4306
    9120.000      -43983.3634
    9130.000      -44049.3326
    9140.000      -43852.9357
    9150.000      -43828.0492
    9160.000      -43811.8200
    9170.000      -43706.2990
    9180.000      -43678.8592
    9190.000      -43797.0118
    9200.000      -44000.4803
    9210.000      -43846.4277
    9220.000      -44015.6884
    9230.000      -43875.9708
    9240.000      -43802.8971
    9250.000      -43791.4446
    9260.000      -43818.6086
    9270.000      -43908.9336
    9280.000      -43953.3627
    9290.000      -43842.6958
    9300.000      -43914.4038
    9310.000      -43791.7946
    9320.000      -43821.2979
    9330.000      -43647.6591
    9340.000      -44051.9161
    9350.000      -43741.0462
    9360.000      -44062.0799
    9370.000      -43903.9847
    9380.000      -43985.4964
    9390.000      -43859.9779
    9400.000      -43867.4141
    9410.000      -43992.4567
    9420.000      -44067.9748
    9430.000      -43777.1689
    9440.000      -43850.8469
    9450.000      -43871.0927
    9460.000      -43939.1149
    9470.000      -43719.7525
    9480.000      -43851.5831
    9490.000      -43879.5294
    9500.000      -44045.5689
    9510.000      -43858.4759
    9520.000      -43905.3340
    9530.000      -43782.6494
    9540.000      -43883.8538
    9550.000      -44057.4966
    9560.000      -43887.5675
    9570.000      -43710.4848
    9580.000      -43741.4302
    9590.000      -43807.7433
    9600.000      -43696.8711
    9610.000      -43858.2420
    9620.000      -44079.3411
    9630.000      -43738.5983
    9640.000      -43877.3201
    9650.000      -43804.1414
    9660.000      -43940.5566
    9670.000      -43899.1344
    9680.000      -43918.4407
    9690.000      -43818.3590
    9700.000      -43832.4309
    9710.000      -43811.3870
    9720.000      -43920.3301
    9730.000      -43895.3637
    9740.000      -43799.9873
    9750.000      -44068.6163
    9760.000      -43804.9433
    9770.000      -44003.3635
    9780.000      -43736.2381
    9790.000      -43761.5398
    9800.000      -43715.8286
    9810.000      -43926.3281
    9820.000      -43655.2831
    9830.000      -43868.8270
    9840.000      -43889.3505
    9850.000      -43958.6947
    9860.000      -44072.2920
    9870.000      -43933.1938
    9880.000      -43889.7861
    9890.000      -43762.1418
    9900.000      -43707.8503
    9910.000      -43932.0436
    9920.000      -43788.5495
    9930.000      -43995.1948
    9940.000      -43732.8269
    9950.000      -43910.1978
    9960.000      -44013.6514
    9970.000      -43942.8096
    9980.000      -43889.6932
    9990.000      -43828.7727
   10000.000      -43865.7774
   10010.000      -43969.5008
   10020.000      -43635.5881
   10030.000      -43838.3080
   10040.000      -43862.9676
   10050.000      -43633.3394
   10060.000      -43750.6391
   10070.000      -43905.3165
   10080.000      -43707.5299
   10090.000      -44006.6371
   10100.000      -43761.8951
   10110.000      -43801.5279
   10120.000      -43882.3566
   10130.000      -43824.9840
   10140.000      -43740.3893
   10150.000      -43781.7528
   10160.000      -43871.5308
   10170.000      -43795.6796
   10180.000      -43819.9879
   10190.000      -43616.9741
   10200.000      -43803.0561
   10210.000      -43961.5845
   10220.000      -43881.9149
   10230.000      -43805.0944
   10240.000      -43826.4551
   10250.000      -43766.6767
   10260.000      -43985.3396
   10270.000      -43643.5088
   10280.000      -43866.4303
   10290.000      -43948.7664
   10300.000      -44075.4565
   10310.000      -43889.5170
   10320.000      -43840.2367
   10330.000      -43737.6990
   10340.000      -43867.4546
   10350.000      -43817.8183
   10360.000      -43892.9401
   10370.000      -43669.4838
   10380.000      -43889.5995
   10390.000      -43916.7693
   10400.000      -43910.8129
   10410.000      -43739.8737
   10420.000      -43599.9776
   10430.000      -43871.1163
   10440.000      -43725.6717
   10450.000      -43670.9139
   10460.000      -43892.2526
   10470.000      -43963.8980
   10480.000      -43896.6073
   10490.000      -43997.2468
   10500.000      -43777.5219
   10510.000      -43982.7587
   10520.000      -43976.9290
   10530.000      -43685.4864
   10540.000      -43781.4132
   10550.000      -43903.4545
   10560.000      -43620.0964
   10570.000      -43728.0810
   10580.000      -43784.9358
   10590.000      -43772.6454
   10600.000      -43787.2710
   10610.000      -43873.0804
   10620.000      -43870.0155
   10630.000      -43779.0815
   10640.000      -43832.2261
   10650.000      -43882.4025
   10660.000      -43797.0246
   10670.000      -43631.6587
   10680.000      -43688.7899
   10690.000      -43999.3445
   10700.000      -43792.6257
   10710.000      -43826.7470
   10720.000      -43684.2946
   10730.000      -44109.7724
   10740.000      -43910.1558
   10750.000      -43969.6623
   10760.000      -43571.3105
   10770.000      -44034.7857
   10780.000      -43792.8489
   10790.000      -43684.8446
   10800.000      -43835.0743
   10810.000      -43995.7572
   10820.000      -43969.2428
   10830.000      -43762.9743
   10840.000      -43757.7619
   10850.000      -43630.9220
   10860.000      -43999.8981
   10870.000      -43880.5807
   10880.000      -43832.2567
   10890.000      -43881.7286
   10900.000      -43997.9717
   10910.000      -43893.8267
   10920.000      -43706.1774
   10930.000      -43729.7380
   10940.000      -43845.2574
   10950.000      -43963.5795
   10960.000      -43994.9777
   10970.000      -43863.6656
   10980.000      -43978.1151
   10990.000      -43998.7525
   11000.000      -43865.6674
   11010.000      -43801.8992
   11020.000      -43788.5573
   11030.000      -43649.3810
   11040.000      -43867.9374
   11050.000      -43855.3598
   11060.000      -43819.8237
   11070.000      -43870.9782
   11080.000      -44055.6098
   11090.000      -43947.3018
   11100.000      -43981.3412
   11110.000      -43693.2733
   11120.000      -44079.6496
   11130.000      -43792.1552
   11140.000      -43786.1886
   11150.000      -43757.7888
   11160.000      -43850.0357
   11170.000      -43989.4034
   11180.000      -43685.9997
   11190.000      -43840.4121
   11200.000      -43838.7992
   11210.000      -43897.2146
   11220.000      -44047.9402
   11230.000      -43909.3653
   11240.000      -43795.8024
   11250.000      -43851.6781
   11260.000      -43865.2412
   11270.000      -43857.7390
   11280.000      -43868.8230
   11290.000      -43818.2680
   11300.000      -43763.6104
   11310.000      -43762.4780
   11320.000      -43737.2089
   11330.000      -43962.0221
   11340.000      -43860.3787
   11350.000      -43902.4986
   11360.000      -43881.1696
   11370.000      -43953.5326
   11380.000      -43756.0902
   11390.000      -43842.9035
   11400.000      -43663.7557
   11410.000      -43779.5694
   11420.000      -43690.5035
   11430.000      -43892.0378
   11440.000      -43892.1606
   11450.000      -43684.8761
   11460.000      -43825.2930
   11470.000      -43883.7470
   11480.000      -43773.6861
   11490.000      -43914.5849
   11500.000      -43879.0118
   11510.000      -43843.3043
   11520.000      -43852.1679
   11530.000      -43951.6717
   11540.000      -43691.4356
   11550.000      -43699.3524
   11560.000      -43972.5762
   11570.000      -43875.2663
   11580.000      -43971.6427
   11590.000      -43810.6227
   11600.000      -43858.2000
   11610.000      -43689.6023
   11620.000      -43768.1804
   11630.000      -43708.9141
   11640.000      -43728.3709
   11650.000      -43904.0869
   11660.000      -43988.6418
   11670.000      -43754.9913
   11680.000      -43832.7119
   11690.000      -43949.9700
   11700.000      -43635.5369
   11710.000      -44092.6566
   11720.000      -43865.5737
   11730.000      -43877.9877
   11740.000      -43934.8828
   11750.000      -43640.4833
   11760.000      -43802.0208
   11770.000      -43853.0979
   11780.000      -43708.2981
   11790.000      -43923.0563
   11800.000      -43801.9911
   11810.000      -43973.8950
   11820.000      -43960.7768
   11830.000      -43769.8857
   11840.000      -43895.9928
   11850.000      -43861.9085
   11860.000      -43862.6164
   11870.000      -43790.7707
   11880.000      -43960.5203
   11890.000      -43729.9419
   11900.000      -43548.2809
   11910.000      -43807.0731
   11920.000      -43753.8551
   11930.000      -43847.2151
   11940.000      -43906.2140
   11950.000      -43674.8260
   11960.000      -43908.6479
   11970.000      -43922.2711
   11980.000      -43861.8661
   11990.000      -43909.3080
   12000.000      -44029.2810
   12010.000      -43909.5357
   12020.000      -43721.3519
   12030.000      -43807.5265
   12040.000      -43911.1501
   12050.000      -43863.1224
   12060.000      -43941.4687
   12070.000      -43915.8538
   12080.000      -43734.5287
   12090.000      -43935.1107
   12100.000      -43733.8901
   12110.000      -43845.3336
   12120.000      -43672.8145
   12130.000      -43848.0424
   12140.000      -43866.5431
   12150.000      -43836.0909
   12160.000      -43768.1817
   12170.000      -43740.2484
   12180.000      -43770.2107
   12190.000      -43941.4263
   12200.000      -43877.3552
   12210.000      -44129.4468
   12220.000      -44002.6609
   12230.000      -43929.6728
   12240.000      -43717.0126
   12250.000      -43851.7287
   12260.000      -43931.2528
   12270.000      -43814.2300
   12280.000      -43934.6584
   12290.000      -43791.8902
   12300.000      -43916.9714
   12310.000      -43931.6937
   12320.000      -43977.4514
   12330.000      -43682.2257
   12340.000      -43887.5077
   12350.000      -43791.1534
   12360.000      -43876.2304
   12370.000      -43908.0766
   12380.000      -43941.3896
   12390.000      -43842.9103
   12400.000      -43796.2168
   12410.000      -43875.5420
   12420.000      -43915.8487
   12430.000      -43837.8801
   12440.000      -43784.9209
   12450.000      -43739.8853
   12460.000      -43758.3450
   12470.000      -43694.2505
   12480.000      -43914.3622
   12490.000      -44010.2965
   12500.000      -43846.3071
   12510.000      -43798.9430
   12520.000      -43818.9927
   12530.000      -43794.2865
   12540.000      -43791.5887
   12550.000      -43777.5590
   12560.000      -43846.8899
   12570.000      -43698.8945
   12580.000      -43697.0320
   12590.000      -43838.8614
   12600.000      -43922.7181
   12610.000      -43761.8871
   12620.000      -43891.2131
   12630.000      -43851.3566
   12640.000      -43710.7055
   12650.000      -43831.2127
   12660.000      -43867.0714
   12670.000      -43948.8446
   12680.000      -43936.2839
   12690.000      -43869.1127
   12700.000      -43776.0712
   12710.000      -43812.7418
   12720.000      -43881.2443
   12730.000      -43831.9304
   12740.000      -43930.2726
   12750.000      -43943.9705
   12760.000      -43898.5002
   12770.000      -43901.4907
   12780.000      -43757.6224
   12790.000      -43665.2101
   12800.000      -43806.4782
   12810.000      -43811.7437
   12820.000      -43878.8980
   12830.000      -43926.5752
   12840.000      -43824.4723
   12850.000      -43852.7220
   12860.000      -43827.3911
   12870.000      -43750.6160
   12880.000      -43747.9525
   12890.000      -43733.6333
   12900.000      -43887.2756
   12910.000      -43825.4556
   12920.000      -43837.0774
   12930.000      -43948.3705
   12940.000      -43894.9326
   12950.000      -43942.4269
   12960.000      -43804.4094
   12970.000      -43789.1372
   12980.000      -43752.5295
   12990.000      -43937.5928
   13000.000      -43858.8247
   13010.000      -43972.5713
   13020.000      -43853.4621
   13030.000      -43803.2597
   13040.000      -43718.1121
   13050.000      -43853.8246
   13060.000      -43772.6455
   13070.000      -43654.7412
   13080.000      -43741.7391
   13090.000      -43874.0689
   13100.000      -43967.7380
   13110.000      -43780.1237
   13120.000      -43943.4645
   13130.000      -43696.2666
   13140.000      -43786.7957
   13150.000      -43743.1677
   13160.000      -43845.7853
   13170.000      -43804.3336
   13180.000      -43848.4220
   13190.000      -43999.1712
   13200.000      -43634.2437
   13210.000      -43877.5199
   13220.000      -44065.6120
   13230.000      -44031.5097
   13240.000      -43762.6898
   13250.000      -43826.3750
   13260.000      -43896.0832
   13270.000      -43931.6564
   13280.000      -43686.6274
   13290.000      -43882.5352
   13300.000      -43767.7808
   13310.000      -43893.4523
   13320.000      -43836.9810
   13330.000      -43967.8382
   13340.000      -43848.6581
   13350.000      -43838.4308
   13360.000      -43974.6762
   13370.000      -43835.9856
   13380.000      -43982.6301
   13390.000      -43882.4974
   13400.000      -43868.5071
   13410.000      -43799.0966
   13420.000      -43799.0213
   13430.000      -43820.6239
   13440.000      -43945.0757
   13450.000      -44010.0213
   13460.000      -43962.3386
   13470.000      -43841.3835
   13480.000      -43824.8593
   13490.000      -43792.8184
   13500.000      -43783.6269
   13510.000      -43719.4855
   13520.000      -43913.3472
   13530.000      -43856.6576
   13540.000      -43682.9857
   13550.000      -43758.5951
   13560.000      -43757.6053
   13570.000      -43665.4294
   13580.000      -43893.1909
   13590.000      -43933.5564
   13600.000      -43730.8646
   13610.000      -43787.4628
   13620.000      -43945.7802
   13630.000      -43904.6586
   13640.000      -43701.0623
   13650.000      -43971.0039
   13660.000      -43839.5593
   13670.000      -43763.9711
   13680.000      -44049.3223
   13690.000      -43958.3998
   13700.000      -43834.0307
   13710.000      -43821.4754
   13720.000      -43798.7780
   13730.000      -43886.5729
   13740.000      -43949.6100
   13750.000      -43897.7763
   13760.000      -43814.6075
   13770.000      -43970.0926
   13780.000      -43759.6948
   13790.000      -43805.0105
   13800.000      -43776.1006
   13810.000      -43976.7823
   13820.000      -44022.1433
   13830.000      -43716.7936
   13840.000      -44007.9446
   13850.000      -43841.9250
   13860.000      -43869.8699
   13870.000      -43790.0827
   13880.000      -43909.1096
   13890.000      -43806.3795
   13900.000      -43858.7038
   13910.000      -43938.4142
   13920.000      -43832.6370
   13930.000      -43633.8709
   13940.000      -43910.6549
   13950.000      -43925.7445
   13960.000      -43773.0653
   13970.000      -44083.6186
   13980.000      -43905.4866
   13990.000      -43824.0691
   14000.000      -43862.7877
   14010.000      -43830.5877
   14020.000      -44109.3182
   14030.000      -43820.8027
   14040.000      -43810.3278
   14050.000      -43879.0241
   14060.000      -43891.2043
   14070.000      -43818.6417
   14080.000      -43886.0145
   14090.000      -43978.9389
   14100.000      -43801.5233
   14110.000      -43887.0733
   14120.000      -43818.2624
   14130.000      -43707.5638
   14140.000      -43785.4037
   14150.000      -43638.9261
   14160.000      -43965.0053
   14170.000      -43755.2832
   14180.000      -43875.6101
   14190.000      -43708.4155
   14200.000      -43884.3699
   14210.000      -43776.1279
   14220.000      -43908.0755
   14230.000      -43684.7422
   14240.000      -43947.9599
   14250.000      -43829.7644
   14260.000      -43995.3317
   14270.000      -43739.0710
   14280.000      -44011.6554
   14290.000      -43988.9083
   14300.000      -43830.6869
   14310.000      -43863.7607
   14320.000      -43857.4666
   14330.000      -44003.6063
   14340.000      -43851.1161
   14350.000      -43726.6330
   14360.000      -43875.8570
   14370.000      -43924.6477
   14380.000      -43835.2606
   14390.000      -43882.0758
   14400.000      -43887.5026
   14410.000      -43905.4631
   14420.000      -43827.9734
   14430.000      -43837.8537
   14440.000      -43999.1304
   14450.000      -43858.9978
   14460.000      -43954.7699
   14470.000      -43795.6887
   14480.000      -43785.7290
   14490.000      -43737.4780
   14500.000      -43852.2319
   14510.000      -43642.9658
   14520.000      -43684.2989
   14530.000      -43686.3943
   14540.000      -44038.3015
   14550.000      -43721.8896
   14560.000      -43884.1775
   14570.000      -43720.3332
   14580.000      -43882.0145
   14590.000      -43876.4022
   14600.000      -43788.8199
   14610.000      -43708.3469
   14620.000      -43824.2966
   14630.000      -44003.0383
   14640.000      -43862.4094
   14650.000      -43877.2295
   14660.000      -43840.9404
   14670.000      -43842.8705
   14680.000      -43784.5145
   14690.000      -43910.9584
   14700.000      -43910.2211
   14710.000      -43820.2865
   14720.000      -43993.8032
   14730.000      -43804.9431
   14740.000      -43843.0996
   14750.000      -43788.5532
   14760.000      -43687.0155
   14770.000      -43833.5997
   14780.000      -43607.2369
   14790.000      -43772.6288
   14800.000      -43701.8501
   14810.000      -43838.4495
   14820.000      -43760.0760
   14830.000      -43903.4059
   14840.000      -43903.3828
   14850.000      -43844.1174
   14860.000      -43847.2944
   14870.000      -43787.6995
   14880.000      -43764.9775
   14890.000      -43931.2090
   14900.000      -43949.2820
   14910.000      -43811.4295
   14920.000      -44028.3430
   14930.000      -43674.1624
   14940.000      -43714.7259
   14950.000      -43966.1006
   14960.000      -43807.9007
   14970.000      -43953.8957
   14980.000      -43806.9338
   14990.000      -43849.2158
   15000.000      -44077.9003
   15010.000      -43863.8978
   15020.000      -43966.1889
   15030.000      -43700.4586
   15040.000      -43906.1086
   15050.000      -43831.5387
   15060.000      -43678.8840
   15070.000      -43761.6229
   15080.000      -44000.9623
   15090.000      -43648.8785
   15100.000      -43927.9162
   15110.000      -44051.0257
   15120.000      -43659.7988
   15130.000      -43712.2725
   15140.000      -43753.7694
   15150.000      -43841.7739
   15160.000      -44057.5214
   15170.000      -43715.5923
   15180.000      -44040.8238
   15190.000      -43918.1385
   15200.000      -43945.3763
   15210.000      -43856.9394
   15220.000      -43860.0430
   15230.000      -43852.2474
   15240.000      -43819.9946
   15250.000      -43813.5471
   15260.000      -43848.9640
   15270.000      -43832.3318
   15280.000      -43812.3457
   15290.000      -43783.2935
   15300.000      -43715.9491
   15310.000      -43846.9886
   15320.000      -43951.4615
   15330.000      -43842.4137
   15340.000      -43800.1107
   15350.000      -43818.8495
   15360.000      -44009.4151
   15370.000      -43834.0610
   15380.000      -43864.6082
   15390.000      -43984.4946
   15400.000      -43790.6952
   15410.000      -43948.2498
   15420.000      -44117.5937
   15430.000      -43842.3777
   15440.000      -43971.3597
   15450.000      -43944.5965
   15460.000      -43882.5194
   15470.000      -43789.6337
   15480.000      -43892.1724
   15490.000      -43809.0852
   15500.000      -44025.8197
   15510.000      -43943.4937
   15520.000      -43975.6215
   15530.000      -43921.5098
   15540.000      -43773.7532
   15550.000      -43781.4484
   15560.000      -43888.6934
   15570.000      -43876.5574
   15580.000      -43869.5532
   15590.000      -43869.5035
   15600.000      -43806.8507
   15610.000      -43868.8233
   15620.000      -43746.7788
   15630.000      -43914.4460
   15640.000      -43730.2536
   15650.000      -43807.0367
   15660.000      -43726.9421
   15670.000      -43920.6296
   15680.000      -43844.3078
   15690.000      -43782.1960
   15700.000      -43772.1844
   15710.000      -43831.9800
   15720.000      -43826.2874
   15730.000      -43621.3264
   15740.000      -43880.0050
   15750.000      -43982.7009
   15760.000      -43873.7079
   15770.000      -43818.6512
   15780.000      -43734.1772
   15790.000      -43966.5444
   15800.000      -43944.9924
   15810.000      -44125.4469
   15820.000      -43746.8326
   15830.000      -43742.2990
   15840.000      -43879.1161
   15850.000      -43849.6056
   15860.000      -43722.1858
   15870.000      -43747.6355
   15880.000      -43934.2220
   15890.000      -43655.7348
   15900.000      -43934.5986
   15910.000      -43702.4879
   15920.000      -43854.0202
   15930.000      -43879.3542
   15940.000      -43856.6876
   15950.000      -43901.2199
   15960.000      -43905.7050
   15970.000      -44027.3313
   15980.000      -43997.6544
   15990.000      -43654.5413
   16000.000      -43745.5910
   16010.000      -43911.2166
   16020.000      -44062.8272
   16030.000      -43714.9065
   16040.000      -43806.2507
   16050.000      -43992.0265
   16060.000      -43678.2787
   16070.000      -43818.8221
   16080.000      -44065.1287
   16090.000      -43848.3425
   16100.000      -43797.8646
   16110.000      -43865.7489
   16120.000      -43872.4385
   16130.000      -43850.1046
   16140.000      -43992.6912
   16150.000      -43988.8079
   16160.000      -43844.1297
   16170.000      -43908.7276
   16180.000      -43736.1333
   16190.000      -43866.5039
   16200.000      -43885.6015
   16210.000      -43767.2694
   16220.000      -43939.5365
   16230.000      -43861.9421
   16240.000      -43812.6838
   16250.000      -43754.6807
   16260.000      -43967.3676
   16270.000      -44082.6740
   16280.000      -43878.4824
   16290.000      -43889.8655
   16300.000      -43700.3110
   16310.000      -43848.4851
   16320.000      -43904.5680
   16330.000      -43793.7058
   16340.000      -43801.9797
   16350.000      -43923.3661
   16360.000      -43763.7570
   16370.000      -44073.0309
   16380.000      -43870.2727
   16390.000      -43726.0289
   16400.000      -43952.0144
   16410.000      -43839.9818
   16420.000      -43888.4760
   16430.000      -43777.8652
   16440.000      -43773.7971
   16450.000      -43738.2239
   16460.000      -43555.6518
   16470.000      -43787.2662
   16480.000      -44006.4173
   16490.000      -43762.0582
   16500.000      -43740.9896
   16510.000      -43939.1753
   16520.000      -43861.1391
   16530.000      -43802.8363
   16540.000      -44045.5855
   16550.000      -43679.6639
   16560.000      -43849.5657
   16570.000      -43901.9435
   16580.000      -43798.7247
   16590.000      -43987.8741
   16600.000      -43881.5645
   16610.000      -43768.2173
   16620.000      -43868.5548
   16630.000      -43757.5138
   16640.000      -43720.9252
   16650.000      -43947.5247
   16660.000      -43758.2314
   16670.000      -43973.3925
   16680.000      -43884.7328
   16690.000      -43971.4920
   16700.000      -43973.5680
   16710.000      -43780.3494
   16720.000      -43643.6131
   16730.000      -43804.9320
   16740.000      -43880.3889
   16750.000      -43798.9132
   16760.000      -43828.4874
   16770.000      -44001.0736
   16780.000      -43718.9972
   16790.000      -43725.7294
   16800.000      -43913.8717
   16810.000      -43769.1326
   16820.000      -43939.9775
   16830.000      -43794.2382
   16840.000      -43834.4548
   16850.000      -43941.7303
   16860.000      -43833.0478
   16870.000      -43880.3647
   16880.000      -44011.7703
   16890.000      -43888.0906
   16900.000      -43961.5587
   16910.000      -43865.9822
   16920.000      -43864.2101
   16930.000      -43662.7049
   16940.000      -43781.8850
   16950.000      -43839.2916
   16960.000      -43839.9419
   16970.000      -43873.7017
   16980.000      -43816.6058
   16990.000      -43715.3549
   17000.000      -43754.7085
   17010.000      -43873.5139
   17020.000      -43784.4446
   17030.000      -43925.4892
   17040.000      -43795.1609
   17050.000      -43774.5012
   17060.000      -43818.2840
   17070.000      -43964.8143
   17080.000      -43837.8275
   17090.000      -43848.3201
   17100.000      -43826.1702
   17110.000      -43863.0254
   17120.000      -43831.5216
   17130.000      -43710.7331
   17140.000      -43818.9412
   17150.000      -43788.4295
   17160.000      -43848.5177
   17170.000      -43945.6491
   17180.000      -43932.9865
   17190.000      -43965.0835
   17200.000      -43653.5177
   17210.000      -43959.1170
   17220.000      -43900.3094
   17230.000      -44012.1292
   17240.000      -43940.5956
   17250.000      -43876.5158
   17260.000      -43806.2867
   17270.000      -43939.7580
   17280.000      -43725.3645
   17290.000      -43850.0528
   17300.000      -43890.0435
   17310.000      -43816.4728
   17320.000      -43856.4948
   17330.000      -43777.5407
   17340.000      -43821.8636
   17350.000      -44063.6996
   17360.000      -43724.3933
   17370.000      -43856.3414
   17380.000      -43895.1773
   17390.000      -43740.0888
   17400.000      -43993.5070
   17410.000      -43857.5465
   17420.000      -43685.9585
   17430.000      -43683.5090
   17440.000      -43906.4240
   17450.000      -43868.7058
   17460.000      -43908.3017
   17470.000      -44057.2749
   17480.000      -43820.1336
   17490.000      -43713.6295
   17500.000      -43890.3158
   17510.000      -43881.8802
   17520.000      -43661.0220
   17530.000      -43782.9049
   17540.000      -43738.7734
   17550.000      -43817.7209
   17560.000      -43628.5196
   17570.000      -43948.4400
   17580.000      -43867.3739
   17590.000      -43823.7018
   17600.000      -43966.1906
   17610.000      -43874.7468
   17620.000      -43997.6733
   17630.000      -43882.2163
   17640.000      -43905.3893
   17650.000      -44002.6601
   17660.000      -43849.7436
   17670.000      -43838.8693
   17680.000      -43896.8688
   17690.000      -43941.3090
   17700.000      -43942.4225
   17710.000      -43982.5149
   17720.000      -43817.9344
   17730.000      -43915.8960
   17740.000      -43875.4524
   17750.000      -44148.7169
   17760.000      -43837.0362
   17770.000      -43948.3718
   17780.000      -43666.0880
   17790.000      -43915.4941
   17800.000      -43863.4154
   17810.000      -43867.6744
   17820.000      -43924.7637
   17830.000      -43908.0886
   17840.000      -43846.6251
   17850.000      -43898.6402
   17860.000      -43936.9946
   17870.000      -43962.3063
   17880.000      -43824.1842
   17890.000      -43842.7630
   17900.000      -43892.2654
   17910.000      -43799.6525
   17920.000      -43895.4367
   17930.000      -43908.6924
   17940.000      -43793.7324
   17950.000      -43564.0080
   17960.000      -43629.3329
   17970.000      -43953.5860
   17980.000      -43840.8480
   17990.000      -43780.0905
   18000.000      -43936.4727
   18010.000      -43796.3069
   18020.000      -43818.7637
   18030.000      -43919.2627
   18040.000      -43786.8794
   18050.000      -43933.0888
   18060.000      -43868.9640
   18070.000      -43741.5225
   18080.000      -43828.7110
   18090.000      -43831.7084
   18100.000      -43802.6157
   18110.000      -43635.5501
   18120.000      -43679.7865
   18130.000      -44038.1444
   18140.000      -43708.9512
   18150.000      -43722.3456
   18160.000      -43804.6045
   18170.000      -43840.4055
   18180.000      -43869.3779
   18190.000      -43936.6736
   18200.000      -43644.8187
   18210.000      -43939.2663
   18220.000      -43858.6992
   18230.000      -43719.6470
   18240.000      -43871.7586
   18250.000      -43774.9571
   18260.000      -43612.6951
   18270.000      -43755.1843
   18280.000      -43798.5805
   18290.000      -43890.9763
   18300.000      -43825.9886
   18310.000      -43867.1149
   18320.000      -43689.4252
   18330.000      -43871.3260
   18340.000      -43819.6319
   18350.000      -43779.5817
   18360.000      -43766.2122
   18370.000      -43784.0564
   18380.000      -43783.5383
   18390.000      -43737.4581
   18400.000      -43803.6636
   18410.000      -43798.4399
   18420.000      -43833.8292
   18430.000      -43817.4908
   18440.000      -43900.5565
   18450.000      -43766.0099
   18460.000      -43796.6066
   18470.000      -43825.8971
   18480.000      -43931.8577
   18490.000      -43659.9652
   18500.000      -43773.9384
   18510.000      -43795.5297
   18520.000      -43535.6961
   18530.000      -43902.0522
   18540.000      -44009.3686
   18550.000      -43689.0635
   18560.000      -43797.9050
   18570.000      -43793.0979
   18580.000      -43742.9752
   18590.000      -44014.2913
   18600.000      -43804.5633
   18610.000      -43992.7693
   18620.000      -43864.8694
   18630.000      -44007.2965
   18640.000      -43699.4060
   18650.000      -43573.4760
   18660.000      -43747.5739
   18670.000      -43811.8936
   18680.000      -43979.3351
   18690.000      -43909.4249
   18700.000      -43949.7203
   18710.000      -44062.9296
   18720.000      -43687.6227
   18730.000      -43935.7883
   18740.000      -44059.6767
   18750.000      -43864.8079
   18760.000      -43689.1353
   18770.000      -43813.0987
   18780.000      -43812.7366
   18790.000      -44047.2206
   18800.000      -43912.5995
   18810.000      -43842.4772
   18820.000      -43687.7969
   18830.000      -43873.4553
   18840.000      -43936.4326
   18850.000      -43764.1630
   18860.000      -43671.0363
   18870.000      -43846.2183
   18880.000      -43883.1175
   18890.000      -43948.9851
   18900.000      -44099.1727
   18910.000      -43854.8543
   18920.000      -43700.1943
   18930.000      -43877.3426
   18940.000      -43683.0527
   18950.000      -43769.5393
   18960.000      -43859.2536
   18970.000      -43859.4794
   18980.000      -43694.0995
   18990.000      -43747.7774
   19000.000      -43708.1818
   19010.000      -43860.8018
   19020.000      -43755.3441
   19030.000      -43733.7543
   19040.000      -43870.3802
   19050.000      -43753.6516
   19060.000      -43957.2999
   19070.000      -43894.9950
   19080.000      -43961.4518
   19090.000      -43618.4479
   19100.000      -43827.7856
   19110.000      -43912.4777
   19120.000      -43649.1886
   19130.000      -43872.5398
   19140.000      -43865.1681
   19150.000      -43885.2307
   19160.000      -43987.6128
   19170.000      -43873.6390
   19180.000      -43805.8417
   19190.000      -43824.5958
   19200.000      -43847.4657
   19210.000      -43786.3474
   19220.000      -43933.2736
   19230.000      -43853.5661
   19240.000      -43936.6784
   19250.000      -43777.9512
   19260.000      -43845.3128
   19270.000      -43808.7725
   19280.000      -43812.6024
   19290.000      -43912.9609
   19300.000      -43941.4243
   19310.000      -43786.1667
   19320.000      -44074.2391
   19330.000      -43855.1278
   19340.000      -43856.3143
   19350.000      -43818.5295
   19360.000      -43771.0026
   19370.000      -43877.4349
   19380.000      -43709.6231
   19390.000      -43939.4862
   19400.000      -43818.9796
   19410.000      -43804.1160
   19420.000      -43855.1767
   19430.000      -43703.8957
   19440.000      -43835.8995
   19450.000      -43892.9514
   19460.000      -43878.9437
   19470.000      -43782.1964
   19480.000      -43879.2977
   19490.000      -43988.3717
   19500.000      -43963.0690
   19510.000      -43944.8821
   19520.000      -44011.2451
   19530.000      -43776.5737
   19540.000      -43841.9722
   19550.000      -43966.4994
   19560.000      -43883.9181
   19570.000      -43888.1799
   19580.000      -43818.4346
   19590.000      -43785.5137
   19600.000      -43980.9311
   19610.000      -43962.9422
   19620.000      -43867.6213
   19630.000      -43726.3689
   19640.000      -43870.5372
   19650.000      -43882.0092
   19660.000      -43773.6062
   19670.000      -43653.8458
   19680.000      -43960.4048
   19690.000      -44067.0617
   19700.000      -43967.6718
   19710.000      -43817.6346
   19720.000      -43996.2070
   19730.000      -43851.8877
   19740.000      -43716.1050
   19750.000      -43690.3308
   19760.000      -43864.9355
   19770.000      -43989.0112
   19780.000      -43933.9550
   19790.000      -43982.6443
   19800.000      -43760.9073
   19810.000      -43708.8133
   19820.000      -43914.3994
   19830.000      -43824.9999
   19840.000      -43881.7940
   19850.000      -43969.9186
   19860.000      -43756.1519
   19870.000      -43846.8775
   19880.000      -43818.1664
   19890.000      -43845.1683
   19900.000      -43860.4619
   19910.000      -43783.3023
   19920.000      -43755.6168
   19930.000      -43959.4423
   19940.000      -43895.5534
   19950.000      -43908.6827
   19960.000      -43846.6535
   19970.000      -44021.2099
   19980.000      -43696.2744
   19990.000      -43763.1385
   20000.000      -44007.3610
   20010.000      -44029.9999
   20020.000      -43819.3138
   20030.000      -43993.3337
   20040.000      -43741.6825
   20050.000      -44204.1630
   20060.000      -44059.1624
   20070.000      -43917.9907
   20080.000      -43789.4349
   20090.000      -43863.7934
   20100.000      -43710.6129
   20110.000      -43769.5491
   20120.000      -43825.2492
   20130.000      -43906.8113
   20140.000      -43709.8359
   20150.000      -43963.5799
   20160.000      -43877.3221
   20170.000      -43736.4454
   20180.000      -43840.7768
   20190.000      -43973.8017
   20200.000      -43749.9274
   20210.000      -44071.0502
   20220.000      -43788.2130
   20230.000      -43752.3658
   20240.000      -43870.2749
   20250.000      -43830.7393
   20260.000      -43843.5858
   20270.000      -43803.6892
   20280.000      -43935.4301
   20290.000      -43895.6083
   20300.000      -43886.0553
   20310.000      -43856.1159
   20320.000      -43847.4924
   20330.000      -43826.2178
   20340.000      -43875.7295
   20350.000      -43930.4123
   20360.000      -43884.6983
   20370.000      -44074.4468
   20380.000      -43854.7048
   20390.000      -43817.4941
   20400.000      -43950.4873
   20410.000      -43886.0681
   20420.000      -43938.6308
   20430.000      -43876.8051
   20440.000      -43728.0368
   20450.000      -44083.4057
   20460.000      -43747.3518
   20470.000      -43769.6925
   20480.000      -43915.2981
   20490.000      -43748.9466
   20500.000      -44054.1240
   20510.000      -43895.7188
   20520.000      -43969.8105
   20530.000      -43903.5428
   20540.000      -43731.2627
   20550.000      -43874.5624
   20560.000      -44121.4718
   20570.000      -43888.6665
   20580.000      -44060.9832
   20590.000      -44062.7224
   20600.000      -43875.3741
   20610.000      -43722.1511
   20620.000      -43888.4976
   20630.000      -43724.4441
   20640.000      -43866.9757
   20650.000      -43785.0680
   20660.000      -43899.4892
   20670.000      -43817.7353
   20680.000      -43852.4968
   20690.000      -43719.5602
   20700.000      -44089.9270
   20710.000      -43953.5388
   20720.000      -43839.5047
   20730.000      -43679.1700
   20740.000      -43863.5042
   20750.000      -43995.6384
   20760.000      -44108.8891
   20770.000      -43905.5782
   20780.000      -43932.4442
   20790.000      -43828.7136
   20800.000      -43905.3180
   20810.000      -43626.3749
   20820.000      -43787.4950
   20830.000      -44019.8953
   20840.000      -43871.0657
   20850.000      -43998.1964
   20860.000      -43941.9905
   20870.000      -44025.7957
   20880.000      -43769.5709
   20890.000      -43822.3953
   20900.000      -44070.2616
   20910.000      -43954.7143
   20920.000      -43884.9951
   20930.000      -43696.9389
   20940.000      -44055.7497
   20950.000      -44038.8071
   20960.000      -43616.1999
   20970.000      -43687.9757
   20980.000      -44159.1154
   20990.000      -43977.3212
   21000.000      -43899.5217
   21010.000      -43645.1689
   21020.000      -43795.0318
   21030.000      -43927.1683
   21040.000      -43846.9329
   21050.000      -43932.8973
   21060.000      -43879.4178
   21070.000      -43620.7618
   21080.000      -43974.3155
   21090.000      -43740.5616
   21100.000      -44156.3743
   21110.000      -43707.4108
   21120.000      -43862.3525
   21130.000      -43925.8671
   21140.000      -43955.7002
   21150.000      -43771.2617
   21160.000      -43835.1839
   21170.000      -43865.9217
   21180.000      -43753.3485
   21190.000      -44143.3587
   21200.000      -43798.6016
   21210.000      -44019.4898
   21220.000      -43886.2383
   21230.000      -43935.7046
   21240.000      -43815.3542
   21250.000      -43722.2109
   21260.000      -43770.1979
   21270.000      -43840.6791
   21280.000      -43834.9675
   21290.000      -43996.2078
   21300.000      -43782.3640
   21310.000      -43761.9724
   21320.000      -43717.2136
   21330.000      -44049.8630
   21340.000      -43813.0883
   21350.000      -43938.6299
   21360.000      -43861.3434
   21370.000      -43936.1260
   21380.000      -43572.8589
   21390.000      -43788.1819
   21400.000      -43928.0182
   21410.000      -43869.9945
   21420.000      -44070.9456
   21430.000      -43966.9191
   21440.000      -43916.0348
   21450.000      -43982.3217
   21460.000      -43853.0229
   21470.000      -43951.8780
   21480.000      -43892.7455
   21490.000      -44010.6195
   21500.000      -43917.4661
   21510.000      -43727.4577
   21520.000      -43946.2544
   21530.000      -43940.9964
   21540.000      -43776.8004
   21550.000      -43652.7250
   21560.000      -43822.3994
   21570.000      -43960.2162
   21580.000      -43819.4470
   21590.000      -43776.5715
   21600.000      -43949.4520
   21610.000      -44003.5773
   21620.000      -43990.7580
   21630.000      -43933.3037
   21640.000      -44019.3101
   21650.000      -43912.6094
   21660.000      -43863.5168
   21670.000      -43903.4135
   21680.000      -43643.8435
   21690.000      -43933.3922
   21700.000      -43886.2683
   21710.000      -43848.5090
   21720.000      -43872.7530
   21730.000      -43856.0918
   21740.000      -43857.7211
   21750.000      -43888.6766
   21760.000      -43813.3958
   21770.000      -43892.2796
   21780.000      -43949.0061
   21790.000      -43861.0938
   21800.000      -43757.5090
   21810.000      -44021.8955
   21820.000      -44004.3242
   21830.000      -43727.0373
   21840.000      -43964.6428
   21850.000      -43908.8074
   21860.000      -44023.4637
   21870.000      -43835.0254
   21880.000      -43785.9435
   21890.000      -43819.1407
   21900.000      -43698.7847
   21910.000      -43828.6049
   21920.000      -43893.0161
   21930.000      -43788.2979
   21940.000      -43690.1124
   21950.000      -43808.8210
   21960.000      -43855.5953
   21970.000      -43872.6402
   21980.000      -43994.3148
   21990.000      -43891.5378
   22000.000      -43979.4918
   22010.000      -43939.5137
   22020.000      -43706.3988
   22030.000      -43754.5058
   22040.000      -43875.4748
   22050.000      -43865.3038
   22060.000      -43870.0011
   22070.000      -43868.3700
   22080.000      -43974.4492
   22090.000      -43637.5527
   22100.000      -43751.6288
   22110.000      -43794.3689
   22120.000      -43785.6895
   22130.000      -43922.1699
   22140.000      -43751.5267
   22150.000      -43913.1928
   22160.000      -43817.1569
   22170.000      -43648.5481
   22180.000      -43944.2738
   22190.000      -43808.7080
   22200.000      -44045.2920
   22210.000      -43933.6607
   22220.000      -43938.9602
   22230.000      -43980.6333
   22240.000      -43988.8718
   22250.000      -43857.2580
   22260.000      -43652.7210
   22270.000      -43957.7759
   22280.000      -43834.1175
   22290.000      -43836.0475
   22300.000      -43935.5168
   22310.000      -43822.5105
   22320.000      -43691.4751
   22330.000      -43945.9993
   22340.000      -44069.8512
   22350.000      -43804.1141
   22360.000      -43971.3469
   22370.000      -43892.5477
   22380.000      -43873.1816
   22390.000      -43986.1916
   22400.000      -43863.1331
   22410.000      -43775.1258
   22420.000      -44017.9570
   22430.000      -43974.7678
   22440.000      -43842.6236
   22450.000      -43934.2885
   22460.000      -43813.3583
   22470.000      -43661.8927
   22480.000      -44019.1980
   22490.000      -43864.8869
   22500.000      -43944.1586
   22510.000      -43931.6787
   22520.000      -43500.1462
   22530.000      -43782.5991
   22540.000      -43662.7171
   22550.000      -44017.3966
   22560.000      -44065.0977
   22570.000      -43835.5009
   22580.000      -43655.4269
   22590.000      -43947.1726
   22600.000      -43954.5076
   22610.000      -43816.7276
   22620.000      -43899.1962
   22630.000      -43713.7548
   22640.000      -43840.7834
   22650.000      -43862.5795
   22660.000      -43954.3025
   22670.000      -43880.1975
   22680.000      -43736.8051
   22690.000      -43763.0765
   22700.000      -43849.4686
   22710.000      -43809.5964
   22720.000      -43835.5333
   22730.000      -43742.1772
   22740.000      -43993.5254
   22750.000      -43880.5813
   22760.000      -43911.1427
   22770.000      -43849.4579
   22780.000      -43827.3723
   22790.000      -43876.4299
   22800.000      -43860.1993
   22810.000      -43907.9692
   22820.000      -43935.8512
   22830.000      -43875.1504
   22840.000      -44017.1307
   22850.000      -43971.3480
   22860.000      -43894.8866
   22870.000      -43902.9108
   22880.000      -43968.2215
   22890.000      -44030.1140
   22900.000      -43865.4761
   22910.000      -43674.7265
   22920.000      -43834.1378
   22930.000      -43876.6056
   22940.000      -44183.8254
   22950.000      -43698.7946
   22960.000      -43883.5619
   22970.000      -43961.7772
   22980.000      -43784.1105
   22990.000      -43842.5961
   23000.000      -43896.5666
   23010.000      -43898.9072
   23020.000      -43964.6944
   23030.000      -43844.8054
   23040.000      -43966.9907
   23050.000      -43995.1227
   23060.000      -43859.1645
   23070.000      -43623.5081
   23080.000      -44012.9645
   23090.000      -43757.5970
   23100.000      -43874.2735
   23110.000      -43986.2053
   23120.000      -43773.1995
   23130.000      -43503.1001
   23140.000      -43820.2209
   23150.000      -43972.4839
   23160.000      -43757.0357
   23170.000      -43790.5556
   23180.000      -43896.3303
   23190.000      -43816.7952
   23200.000      -43849.8939
   23210.000      -43829.1142
   23220.000      -43660.6709
   23230.000      -43803.8044
   23240.000      -43956.8364
   23250.000      -43772.9537
   23260.000      -43912.4306
   23270.000      -43822.0796
   23280.000      -43893.8643
   23290.000      -43591.0664
   23300.000      -44039.2572
   23310.000      -43819.7504
   23320.000      -43831.6718
   23330.000      -43825.6179
   23340.000      -43889.1598
   23350.000      -43987.6171
   23360.000      -43713.3885
   23370.000      -43843.9274
   23380.000      -43827.1432
   23390.000      -43705.2183
   23400.000      -43886.4555
   23410.000      -43844.1390
   23420.000      -43865.7133
   23430.000      -43800.2738
   23440.000      -43839.1912
   23450.000      -43813.8376
   23460.000      -43737.0435
   23470.000      -44097.9584
   23480.000      -43907.9238
   23490.000      -43784.8487
   23500.000      -43908.0650
   23510.000      -43686.6249
   23520.000      -43674.2810
   23530.000      -43633.9886
   23540.000      -43904.7665
   23550.000      -43894.4356
   23560.000      -43812.3935
   23570.000      -43705.6122
   23580.000      -43795.8226
   23590.000      -44084.2930
   23600.000      -43947.8614
   23610.000      -43694.1988
   23620.000      -43876.9315
   23630.000      -43859.7908
   23640.000      -43658.8271
   23650.000      -43895.3885
   23660.000      -43837.9119
   23670.000      -43899.0768
   23680.000      -43755.3795
   23690.000      -43957.3908
   23700.000      -43688.5486
   23710.000      -43689.2770
   23720.000      -43917.0510
   23730.000      -44038.0712
   23740.000      -43898.1784
   23750.000      -44050.8402
   23760.000      -43905.6634
   23770.000      -43792.8646
   23780.000      -43839.5206
   23790.000      -43925.9700
   23800.000      -43924.8079
   23810.000      -43900.8423
   23820.000      -44000.0167
   23830.000      -43887.4554
   23840.000      -43970.6923
   23850.000      -43949.9620
   23860.000      -43769.5413
   23870.000      -43853.3602
   23880.000      -43730.2884
   23890.000      -43862.9288
   23900.000      -43841.0545
   23910.000      -44003.1658
   23920.000      -43907.0564
   23930.000      -43839.5385
   23940.000      -43870.4522
   23950.000      -43959.6792
   23960.000      -43758.4692
   23970.000      -43700.2949
   23980.000      -43802.3299
   23990.000      -43922.7998
   24000.000      -43816.0452
   24010.000      -43802.5560
   24020.000      -43819.9134
   24030.000      -43846.5184
   24040.000      -43893.1734
   24050.000      -43862.5925
   24060.000      -43804.1804
   24070.000      -43883.6207
   24080.000      -43764.8567
   24090.000      -43997.6608
   24100.000      -43901.1765
   24110.000      -43771.3730
   24120.000      -43711.8126
   24130.000      -43813.4312
   24140.000      -43831.2352
   24150.000      -43864.1231
   24160.000      -43986.2849
   24170.000      -43867.9551
   24180.000      -43788.1669
   24190.000      -43923.2093
   24200.000      -43815.8520
   24210.000      -43875.4466
   24220.000      -43904.3744
   24230.000      -43764.2894
   24240.000      -43499.6250
   24250.000      -43796.4921
   24260.000      -43877.8198
   24270.000      -43920.0113
   24280.000      -43833.4751
   24290.000      -43884.2860
   24300.000      -43646.5759
   24310.000      -43887.5009
   24320.000      -43818.5099
   24330.000      -43858.2381
   24340.000      -43772.8380
   24350.000      -43680.6851
   24360.000      -43981.3640
   24370.000      -43916.3439
   24380.000      -43691.3726
   24390.000      -43931.3076
   24400.000      -43960.3059
   24410.000      -43803.5891
   24420.000      -44057.8982
   24430.000      -43843.9246
   24440.000      -43669.2753
   24450.000      -43948.7218
   24460.000      -43856.8537
   24470.000      -43616.1525
   24480.000      -43914.0296
   24490.000      -43975.9151
   24500.000      -43831.8686
   24510.000      -43773.4866
   24520.000      -43880.2919
   24530.000      -43908.0575
   24540.000      -43854.9824
   24550.000      -43950.4948
   24560.000      -43778.2367
   24570.000      -43713.2703
   24580.000      -43924.2886
   24590.000      -43770.9404
   24600.000      -43925.5603
   24610.000      -43660.3246
   24620.000      -43731.8732
   24630.000      -43785.8658
   24640.000      -43886.5609
   24650.000      -43815.2248
   24660.000      -43625.0325
   24670.000      -43791.6899
   24680.000      -43889.5104
   24690.000      -43881.2322
   24700.000      -43795.0189
   24710.000      -43733.3628
   24720.000      -43798.5426
   24730.000      -43746.0348
   24740.000      -43856.7763
   24750.000      -43806.0869
   24760.000      -43896.3803
   24770.000      -43710.7460
   24780.000      -43957.4313
   24790.000      -43696.6110
   24800.000      -43782.4872
   24810.000      -43907.3788
   24820.000      -43777.9660
   24830.000      -43810.4296
   24840.000      -43752.1303
   24850.000      -43774.8122
   24860.000      -43682.2270
   24870.000      -43571.5314
   24880.000      -43908.4275
   24890.000      -43737.5311
   24900.000      -43920.4524
   24910.000      -43905.6402
   24920.000      -43774.2676
   24930.000      -43807.6991
   24940.000      -43784.5988
   24950.000      -43844.2041
   24960.000      -43970.9347
   24970.000      -43695.0787
   24980.000      -43724.6794
   24990.000      -43962.6305
   25000.000      -43973.0200
   25010.000      -43877.3377
   25020.000      -43806.6876
   25030.000      -43751.4938
   25040.000      -43978.0289
   25050.000      -43842.0792
   25060.000      -43915.1643
   25070.000      -43747.9927
   25080.000      -43857.7981
   25090.000      -43666.0795
   25100.000      -43869.7726
   25110.000      -43899.7661
   25120.000      -43914.9148
   25130.000      -43853.7260
   25140.000      -43847.9969
   25150.000      -44031.1274
   25160.000      -43825.1812
   25170.000      -43762.0055
   25180.000      -43960.5901
   25190.000      -43882.5092
   25200.000      -43967.8905
   25210.000      -43806.5113
   25220.000      -43900.2242
   25230.000      -43851.1207
   25240.000      -43945.8826
   25250.000      -43948.8382
   25260.000      -43768.2911
   25270.000      -43608.9377
   25280.000      -43895.5938
   25290.000      -43772.3451
   25300.000      -43872.9293
   25310.000      -43936.1690
   25320.000      -43787.4845
   25330.000      -43863.3766
   25340.000      -43700.9947
   25350.000      -43846.2640
   25360.000      -43898.6969
   25370.000      -43874.9115
   25380.000      -44010.0489
   25390.000      -43809.6396
   25400.000      -43765.8263
   25410.000      -43713.6846
   25420.000      -43788.3951
   25430.000      -43912.2768
   25440.000      -43857.5601
   25450.000      -43813.6816
   25460.000      -43927.1192
   25470.000      -43836.8856
   25480.000      -43830.4293
   25490.000      -43910.4182
   25500.000      -43807.0579
   25510.000      -43894.4981
   25520.000      -43823.8756
   25530.000      -43761.1062
   25540.000      -43826.1353
   25550.000      -43934.9782
   25560.000      -43761.4583
   25570.000      -43898.4988
   25580.000      -43853.8466
   25590.000      -43849.3480
   25600.000      -43863.8405
   25610.000      -43936.0272
   25620.000      -43885.0984
   25630.000      -43870.9469
   25640.000      -43924.2392
   25650.000      -43723.6605
   25660.000      -43781.4215
   25670.000      -43849.9697
   25680.000      -43715.8023
   25690.000      -43818.8658
   25700.000      -43782.2655
   25710.000      -43891.8500
   25720.000      -43750.9518
   25730.000      -43763.2584
   25740.000      -44009.5167
   25750.000      -43932.6557
   25760.000      -43916.2868
   25770.000      -43988.4592
   25780.000      -44059.4006
   25790.000      -43986.4861
   25800.000      -43940.1012
   25810.000      -43836.1738
   25820.000      -43988.7351
   25830.000      -43808.7236
   25840.000      -43727.7344
   25850.000      -44094.8510
   25860.000      -43862.7462
   25870.000      -43874.0619
   25880.000      -43671.2505
   25890.000      -43915.3005
   25900.000      -43754.2446
   25910.000      -43759.3096
   25920.000      -43901.0481
   25930.000      -44050.2909
   25940.000      -43728.2712
   25950.000      -43981.9733
   25960.000      -43830.4616
   25970.000      -43763.9537
   25980.000      -44007.0047
   25990.000      -43787.0602
   26000.000      -43853.5568
   26010.000      -43674.7902
   26020.000      -43916.1900
   26030.000      -43653.0453
   26040.000      -43971.2534
   26050.000      -43760.4512
   26060.000      -43803.7822
   26070.000      -44018.7637
   26080.000      -43921.9455
   26090.000      -44000.1713
   26100.000      -43855.6327
   26110.000      -43912.9163
   26120.000      -43874.3292
   26130.000      -43881.1396
   26140.000      -44006.1504
   26150.000      -44122.5578
   26160.000      -43959.6152
   26170.000      -43737.4090
   26180.000      -44011.1041
   26190.000      -43894.3627
   26200.000      -43679.8813
   26210.000      -43847.1312
   26220.000      -43761.9801
   26230.000      -43824.4945
   26240.000      -43846.6920
   26250.000      -43945.2816
   26260.000      -43908.8162
   26270.000      -43920.3853
   26280.000      -43728.7618
   26290.000      -43793.4501
   26300.000      -43812.3103
   26310.000      -43819.3816
   26320.000      -43779.8527
   26330.000      -43745.2056
   26340.000      -43803.9571
   26350.000      -43677.4937
   26360.000      -43923.7999
   26370.000      -43884.3454
   26380.000      -43781.7085
   26390.000      -43790.5751
   26400.000      -43900.9139
   26410.000      -43757.1206
   26420.000      -43731.2907
   26430.000      -43838.3475
   26440.000      -43858.9560
   26450.000      -43826.8486
   26460.000      -43896.8736
   26470.000      -43933.1927
   26480.000      -43854.7387
   26490.000      -43680.6366
   26500.000      -43979.0120
   26510.000      -43840.4936
   26520.000      -43752.0355
   26530.000      -43909.1781
   26540.000      -43744.8001
   26550.000      -43940.8098
   26560.000      -43919.3906
   26570.000      -43949.7773
   26580.000      -43767.6017
   26590.000      -43876.9748
   26600.000      -43816.5999
   26610.000      -43641.4880
   26620.000      -43848.6771
   26630.000      -44119.9546
   26640.000      -44054.5484
   26650.000      -43819.6704
   26660.000      -43786.3948
   26670.000      -43861.1479
   26680.000      -43842.4353
   26690.000      -43945.5530
   26700.000      -43949.8820
   26710.000      -43701.7767
   26720.000      -43902.8376
   26730.000      -43932.5581
   26740.000      -43854.4113
   26750.000      -43860.7885
   26760.000      -43954.2129
   26770.000      -43794.1177
   26780.000      -43888.1987
   26790.000      -43909.1178
   26800.000      -43860.2879
   26810.000      -43827.8406
   26820.000      -43752.6776
   26830.000      -44023.9516
   26840.000      -43879.3214
   26850.000      -43921.8502
   26860.000      -43839.8225
   26870.000      -43800.2617
   26880.000      -44073.5963
   26890.000      -43902.0869
   26900.000      -43913.4561
   26910.000      -43819.6653
   26920.000      -43881.1439
   26930.000      -43956.2460
   26940.000      -43986.3485
   26950.000      -43937.0303
   26960.000      -43617.0721
   26970.000      -43865.3146
   26980.000      -43670.0269
   26990.000      -43962.8991
   27000.000      -44030.3211
   27010.000      -43883.5411
   27020.000      -43957.9795
   27030.000      -43909.6200
   27040.000      -43898.6736
   27050.000      -43906.1388
   27060.000      -43649.7832
   27070.000      -43848.5841
   27080.000      -43858.7572
   27090.000      -43887.3691
   27100.000      -43820.3099
   27110.000      -43838.6543
   27120.000      -43877.6124
   27130.000      -43783.8619
   27140.000      -43725.2755
   27150.000      -43673.5912
   27160.000      -43723.3439
   27170.000      -43738.6828
   27180.000      -43750.8788
   27190.000      -43813.2916
   27200.000      -43902.8210
   27210.000      -43951.8171
   27220.000      -43933.9068
   27230.000      -43815.1833
   27240.000      -43901.5762
   27250.000      -44014.6184
   27260.000      -43970.7280
   27270.000      -43728.8393
   27280.000      -43958.0166
   27290.000      -43831.2615
   27300.000      -43845.8977
   27310.000      -43845.0489
   27320.000      -43776.4577
   27330.000      -43952.5655
   27340.000      -43571.7194
   27350.000      -43898.9368
   27360.000      -43737.7829
   27370.000      -43846.8928
   27380.000      -43941.0405
   27390.000      -43813.4963
   27400.000      -44039.1339
   27410.000      -43795.3548
   27420.000      -43760.3330
   27430.000      -43805.1680
   27440.000      -43947.6532
   27450.000      -43924.9117
   27460.000      -43973.5621
   27470.000      -43834.3227
   27480.000      -43791.0102
   27490.000      -43786.5998
   27500.000      -43842.5247
   27510.000      -43958.8720
   27520.000      -44053.9139
   27530.000      -43995.1599
   27540.000      -43727.3549
   27550.000      -43721.4090
   27560.000      -43721.6971
   27570.000      -43860.0368
   27580.000      -43665.6234
   27590.000      -43825.0051
   27600.000      -43982.8475
   27610.000      -43681.2183
   27620.000      -43886.8480
   27630.000      -43879.2753
   27640.000      -43763.5609
   27650.000      -44154.4562
   27660.000      -43930.9359
   27670.000      -43886.6517
   27680.000      -43796.8370
   27690.000      -43947.4812
   27700.000      -43842.6176
   27710.000      -43688.2284
   27720.000      -43805.0456
   27730.000      -43835.1106
   27740.000      -43954.5925
   27750.000      -43724.0257
   27760.000      -43799.5236
   27770.000      -43840.9130
   27780.000      -43862.1469
   27790.000      -43674.9954
   27800.000      -43795.8911
   27810.000      -43847.8468
   27820.000      -43806.6693
   27830.000      -43674.7634
   27840.000      -43802.0248
   27850.000      -43789.3648
   27860.000      -43760.8622
   27870.000      -43721.5452
   27880.000      -43934.1806
   27890.000      -44169.0560
   27900.000      -43905.0425
   27910.000      -43898.8296
   27920.000      -43836.7223
   27930.000      -43884.6190
   27940.000      -43943.2017
   27950.000      -43827.3088
   27960.000      -43866.3108
   27970.000      -43718.3136
   27980.000      -43729.6200
   27990.000      -43823.6923
   28000.000      -43886.7899
   28010.000      -43870.5754
   28020.000      -43751.3074
   28030.000      -43692.6903
   28040.000      -43815.4335
   28050.000      -44047.0267
   28060.000      -43940.8806
   28070.000      -43950.6804
   28080.000      -43895.6475
   28090.000      -43823.3962
   28100.000      -43669.0065
   28110.000      -43784.2404
   28120.000      -43933.8044
   28130.000      -44145.4252
   28140.000      -44000.7104
   28150.000      -43952.1865
   28160.000      -43860.6850
   28170.000      -43799.2162
   28180.000      -43778.6073
   28190.000      -43992.1182
   28200.000      -43937.7572
   28210.000      -43925.6247
   28220.000      -44006.5346
   28230.000      -43971.1207
   28240.000      -43856.6883
   28250.000      -43866.1840
   28260.000      -43778.2320
   28270.000      -44016.5887
   28280.000      -43765.5895
   28290.000      -43706.7676
   28300.000      -43883.2830
   28310.000      -43876.3173
   28320.000      -43980.8656
   28330.000      -43872.0209
   28340.000      -43830.8799
   28350.000      -43917.0840
   28360.000      -43802.8089
   28370.000      -43822.9024
   28380.000      -43994.0035
   28390.000      -43844.3709
   28400.000      -43769.1017
   28410.000      -43856.4013
   28420.000      -43848.4571
   28430.000      -43895.0020
   28440.000      -43986.8485
   28450.000      -43989.0469
   28460.000      -43920.9648
   28470.000      -43918.7416
   28480.000      -43881.9309
   28490.000      -43969.9674
   28500.000      -43968.1087
   28510.000      -43909.3266
   28520.000      -43891.4324
   28530.000      -43742.8039
   28540.000      -43905.0078
   28550.000      -43714.1117
   28560.000      -43766.5155
   28570.000      -43865.1280
   28580.000      -43939.6687
   28590.000      -43746.3389
   28600.000      -44016.8685
   28610.000      -43773.1643
   28620.000      -43896.5471
   28630.000      -43851.5865
   28640.000      -43747.7587
   28650.000      -43804.2136
   28660.000      -43981.6814
   28670.000      -43816.7637
   28680.000      -43811.5739
   28690.000      -43804.7020
   28700.000      -44048.3317
   28710.000      -43781.3523
   28720.000      -43684.7936
   28730.000      -43890.5141
   28740.000      -43824.9858
   28750.000      -43689.5161
   28760.000      -43855.1018
   28770.000      -43777.9250
   28780.000      -43740.6571
   28790.000      -44024.0083
   28800.000      -43864.5895
   28810.000      -44071.5022
   28820.000      -43976.3754
   28830.000      -43888.3172
   28840.000      -43810.8877
   28850.000      -43793.8902
   28860.000      -43870.0983
   28870.000      -43815.4196
   28880.000      -43828.7762
   28890.000      -43938.5887
   28900.000      -43877.8590
   28910.000      -43966.6832
   28920.000      -43771.7264
   28930.000      -43933.4471
   28940.000      -43798.7823
   28950.000      -43700.2883
   28960.000      -43745.1520
   28970.000      -43846.1085
   28980.000      -43876.1655
   28990.000      -43916.7932
   29000.000      -43893.5546
   29010.000      -43792.5347
   29020.000      -43871.3517
   29030.000      -43720.1793
   29040.000      -43764.8335
   29050.000      -43980.8218
   29060.000      -43645.5556
   29070.000      -43839.6592
   29080.000      -43987.5872
   29090.000      -43891.0588
   29100.000      -43891.4374
   29110.000      -43732.5631
   29120.000      -43835.1825
   29130.000      -43943.0834
   29140.000      -43865.2082
   29150.000      -43687.9706
   29160.000      -43851.5893
   29170.000      -43698.1430
   29180.000      -43685.5336
   29190.000      -43949.7020
   29200.000      -43715.5679
   29210.000      -43905.5929
   29220.000      -43753.4171
   29230.000      -43913.8304
