  
       0.000      0.0
      10.000      0.0
      20.000      0.0
      30.000      0.0
      40.000      0.0
      50.000      0.0
      60.000      0.0
      70.000      0.0
      80.000      0.0
      90.000      0.0
     100.000      0.0
     110.000      0.0
     120.000      0.0
     130.000      0.0
     140.000      0.0
     150.000      0.0
     160.000      0.0
     170.000      0.0
     180.000      0.0
     190.000      0.0
     200.000      0.0
     210.000      0.0
     220.000      0.0
     230.000      0.0
     240.000      0.0
     250.000      0.0
     260.000      0.0
     270.000      0.0
     280.000      0.0
     290.000      0.0
     300.000      0.0
     310.000      0.0
     320.000      0.0
     330.000      0.0
     340.000      0.0
     350.000      0.0
     360.000      0.0
     370.000      0.0
     380.000      0.0
     390.000      0.0
     400.000      0.0
     410.000      0.0
     420.000      0.0
     430.000      0.0
     440.000      0.0
     450.000      0.0
     460.000      0.0
     470.000      0.0
     480.000      0.0
     490.000      0.0
     500.000      0.0
     510.000      0.0
     520.000      0.0
     530.000      0.0
     540.000      0.0
     550.000      0.0
     560.000      0.0
     570.000      0.0
     580.000      0.0
     590.000      0.0
     600.000      0.0
     610.000      0.0
     620.000      0.0
     630.000      0.0
     640.000      0.0
     650.000      0.0
     660.000      0.0
     670.000      0.0
     680.000      0.0
     690.000      0.0
     700.000      0.0
     710.000      0.0
     720.000      0.0
     730.000      0.0
     740.000      0.0
     750.000      0.0
     760.000      0.0
     770.000      0.0
     780.000      0.0
     790.000      0.0
     800.000      0.0
     810.000      0.0
     820.000      0.0
     830.000      0.0
     840.000      0.0
     850.000      0.0
     860.000      0.0
     870.000      0.0
     880.000      0.0
     890.000      0.0
     900.000      0.0
     910.000      0.0
     920.000      0.0
     930.000      0.0
     940.000      0.0
     950.000      0.0
     960.000      0.0
     970.000      0.0
     980.000      0.0
     990.000      0.0
    1000.000      0.0
    1010.000      0.0
    1020.000      0.0
    1030.000      0.0
    1040.000      0.0
    1050.000      0.0
    1060.000      0.0
    1070.000      0.0
    1080.000      0.0
    1090.000      0.0
    1100.000      0.0
    1110.000      0.0
    1120.000      0.0
    1130.000      0.0
    1140.000      0.0
    1150.000      0.0
    1160.000      0.0
    1170.000      0.0
    1180.000      0.0
    1190.000      0.0
    1200.000      0.0
    1210.000      0.0
    1220.000      0.0
    1230.000      0.0
    1240.000      0.0
    1250.000      0.0
    1260.000      0.0
    1270.000      0.0
    1280.000      0.0
    1290.000      0.0
    1300.000      0.0
    1310.000      0.0
    1320.000      0.0
    1330.000      0.0
    1340.000      0.0
    1350.000      0.0
    1360.000      0.0
    1370.000      0.0
    1380.000      0.0
    1390.000      0.0
    1400.000      0.0
    1410.000      0.0
    1420.000      0.0
    1430.000      0.0
    1440.000      0.0
    1450.000      0.0
    1460.000      0.0
    1470.000      0.0
    1480.000      0.0
    1490.000      0.0
    1500.000      0.0
    1510.000      0.0
    1520.000      0.0
    1530.000      0.0
    1540.000      0.0
    1550.000      0.0
    1560.000      0.0
    1570.000      0.0
    1580.000      0.0
    1590.000      0.0
    1600.000      0.0
    1610.000      0.0
    1620.000      0.0
    1630.000      0.0
    1640.000      0.0
    1650.000      0.0
    1660.000      0.0
    1670.000      0.0
    1680.000      0.0
    1690.000      0.0
    1700.000      0.0
    1710.000      0.0
    1720.000      0.0
    1730.000      0.0
    1740.000      0.0
    1750.000      0.0
    1760.000      0.0
    1770.000      0.0
    1780.000      0.0
    1790.000      0.0
    1800.000      0.0
    1810.000      0.0
    1820.000      0.0
    1830.000      0.0
    1840.000      0.0
    1850.000      0.0
    1860.000      0.0
    1870.000      0.0
    1880.000      0.0
    1890.000      0.0
    1900.000      0.0
    1910.000      0.0
    1920.000      0.0
    1930.000      0.0
    1940.000      0.0
    1950.000      0.0
    1960.000      0.0
    1970.000      0.0
    1980.000      0.0
    1990.000      0.0
    2000.000      0.0
    2010.000      0.0
    2020.000      0.0
    2030.000      0.0
    2040.000      0.0
    2050.000      0.0
    2060.000      0.0
    2070.000      0.0
    2080.000      0.0
    2090.000      0.0
    2100.000      0.0
    2110.000      0.0
    2120.000      0.0
    2130.000      0.0
    2140.000      0.0
    2150.000      0.0
    2160.000      0.0
    2170.000      0.0
    2180.000      0.0
    2190.000      0.0
    2200.000      0.0
    2210.000      0.0
    2220.000      0.0
    2230.000      0.0
    2240.000      0.0
    2250.000      0.0
    2260.000      0.0
    2270.000      0.0
    2280.000      0.0
    2290.000      0.0
    2300.000      0.0
    2310.000      0.0
    2320.000      0.0
    2330.000      0.0
    2340.000      0.0
    2350.000      0.0
    2360.000      0.0
    2370.000      0.0
    2380.000      0.0
    2390.000      0.0
    2400.000      0.0
    2410.000      0.0
    2420.000      0.0
    2430.000      0.0
    2440.000      0.0
    2450.000      0.0
    2460.000      0.0
    2470.000      0.0
    2480.000      0.0
    2490.000      0.0
    2500.000      0.0
    2510.000      0.0
    2520.000      0.0
    2530.000      0.0
    2540.000      0.0
    2550.000      0.0
    2560.000      0.0
    2570.000      0.0
    2580.000      0.0
    2590.000      0.0
    2600.000      0.0
    2610.000      0.0
    2620.000      0.0
    2630.000      0.0
    2640.000      0.0
    2650.000      0.0
    2660.000      0.0
    2670.000      0.0
    2680.000      0.0
    2690.000      0.0
    2700.000      0.0
    2710.000      0.0
    2720.000      0.0
    2730.000      0.0
    2740.000      0.0
    2750.000      0.0
    2760.000      0.0
    2770.000      0.0
    2780.000      0.0
    2790.000      0.0
    2800.000      0.0
    2810.000      0.0
    2820.000      0.0
    2830.000      0.0
    2840.000      0.0
    2850.000      0.0
    2860.000      0.0
    2870.000      0.0
    2880.000      0.0
    2890.000      0.0
    2900.000      0.0
    2910.000      0.0
    2920.000      0.0
    2930.000      0.0
    2940.000      0.0
    2950.000      0.0
    2960.000      0.0
    2970.000      0.0
    2980.000      0.0
    2990.000      0.0
    3000.000      0.0
    3010.000      0.0
    3020.000      0.0
    3030.000      0.0
    3040.000      0.0
    3050.000      0.0
    3060.000      0.0
    3070.000      0.0
    3080.000      0.0
    3090.000      0.0
    3100.000      0.0
    3110.000      0.0
    3120.000      0.0
    3130.000      0.0
    3140.000      0.0
    3150.000      0.0
    3160.000      0.0
    3170.000      0.0
    3180.000      0.0
    3190.000      0.0
    3200.000      0.0
    3210.000      0.0
    3220.000      0.0
    3230.000      0.0
    3240.000      0.0
    3250.000      0.0
    3260.000      0.0
    3270.000      0.0
    3280.000      0.0
    3290.000      0.0
    3300.000      0.0
    3310.000      0.0
    3320.000      0.0
    3330.000      0.0
    3340.000      0.0
    3350.000      0.0
    3360.000      0.0
    3370.000      0.0
    3380.000      0.0
    3390.000      0.0
    3400.000      0.0
    3410.000      0.0
    3420.000      0.0
    3430.000      0.0
    3440.000      0.0
    3450.000      0.0
    3460.000      0.0
    3470.000      0.0
    3480.000      0.0
    3490.000      0.0
    3500.000      0.0
    3510.000      0.0
    3520.000      0.0
    3530.000      0.0
    3540.000      0.0
    3550.000      0.0
    3560.000      0.0
    3570.000      0.0
    3580.000      0.0
    3590.000      0.0
    3600.000      0.0
    3610.000      0.0
    3620.000      0.0
    3630.000      0.0
    3640.000      0.0
    3650.000      0.0
    3660.000      0.0
    3670.000      0.0
    3680.000      0.0
    3690.000      0.0
    3700.000      0.0
    3710.000      0.0
    3720.000      0.0
    3730.000      0.0
    3740.000      0.0
    3750.000      0.0
    3760.000      0.0
    3770.000      0.0
    3780.000      0.0
    3790.000      0.0
    3800.000      0.0
    3810.000      0.0
    3820.000      0.0
    3830.000      0.0
    3840.000      0.0
    3850.000      0.0
    3860.000      0.0
    3870.000      0.0
    3880.000      0.0
    3890.000      0.0
    3900.000      0.0
    3910.000      0.0
    3920.000      0.0
    3930.000      0.0
    3940.000      0.0
    3950.000      0.0
    3960.000      0.0
    3970.000      0.0
    3980.000      0.0
    3990.000      0.0
    4000.000      0.0
    4010.000      0.0
    4020.000      0.0
    4030.000      0.0
    4040.000      0.0
    4050.000      0.0
    4060.000      0.0
    4070.000      0.0
    4080.000      0.0
    4090.000      0.0
    4100.000      0.0
    4110.000      0.0
    4120.000      0.0
    4130.000      0.0
    4140.000      0.0
    4150.000      0.0
    4160.000      0.0
    4170.000      0.0
    4180.000      0.0
    4190.000      0.0
    4200.000      0.0
    4210.000      0.0
    4220.000      0.0
    4230.000      0.0
    4240.000      0.0
    4250.000      0.0
    4260.000      0.0
    4270.000      0.0
    4280.000      0.0
    4290.000      0.0
    4300.000      0.0
    4310.000      0.0
    4320.000      0.0
    4330.000      0.0
    4340.000      0.0
    4350.000      0.0
    4360.000      0.0
    4370.000      0.0
    4380.000      0.0
    4390.000      0.0
    4400.000      0.0
    4410.000      0.0
    4420.000      0.0
    4430.000      0.0
    4440.000      0.0
    4450.000      0.0
    4460.000      0.0
    4470.000      0.0
    4480.000      0.0
    4490.000      0.0
    4500.000      0.0
    4510.000      0.0
    4520.000      0.0
    4530.000      0.0
    4540.000      0.0
    4550.000      0.0
    4560.000      0.0
    4570.000      0.0
    4580.000      0.0
    4590.000      0.0
    4600.000      0.0
    4610.000      0.0
    4620.000      0.0
    4630.000      0.0
    4640.000      0.0
    4650.000      0.0
    4660.000      0.0
    4670.000      0.0
    4680.000      0.0
    4690.000      0.0
    4700.000      0.0
    4710.000      0.0
    4720.000      0.0
    4730.000      0.0
    4740.000      0.0
    4750.000      0.0
    4760.000      0.0
    4770.000      0.0
    4780.000      0.0
    4790.000      0.0
    4800.000      0.0
    4810.000      0.0
    4820.000      0.0
    4830.000      0.0
    4840.000      0.0
    4850.000      0.0
    4860.000      0.0
    4870.000      0.0
    4880.000      0.0
    4890.000      0.0
    4900.000      0.0
    4910.000      0.0
    4920.000      0.0
    4930.000      0.0
    4940.000      0.0
    4950.000      0.0
    4960.000      0.0
    4970.000      0.0
    4980.000      0.0
    4990.000      0.0
    5000.000      0.0
    5010.000      0.0
    5020.000      0.0
    5030.000      0.0
    5040.000      0.0
    5050.000      0.0
    5060.000      0.0
    5070.000      0.0
    5080.000      0.0
    5090.000      0.0
    5100.000      0.0
    5110.000      0.0
    5120.000      0.0
    5130.000      0.0
    5140.000      0.0
    5150.000      0.0
    5160.000      0.0
    5170.000      0.0
    5180.000      0.0
    5190.000      0.0
    5200.000      0.0
    5210.000      0.0
    5220.000      0.0
    5230.000      0.0
    5240.000      0.0
    5250.000      0.0
    5260.000      0.0
    5270.000      0.0
    5280.000      0.0
    5290.000      0.0
    5300.000      0.0
    5310.000      0.0
    5320.000      0.0
    5330.000      0.0
    5340.000      0.0
    5350.000      0.0
    5360.000      0.0
    5370.000      0.0
    5380.000      0.0
    5390.000      0.0
    5400.000      0.0
    5410.000      0.0
    5420.000      0.0
    5430.000      0.0
    5440.000      0.0
    5450.000      0.0
    5460.000      0.0
    5470.000      0.0
    5480.000      0.0
    5490.000      0.0
    5500.000      0.0
    5510.000      0.0
    5520.000      0.0
    5530.000      0.0
    5540.000      0.0
    5550.000      0.0
    5560.000      0.0
    5570.000      0.0
    5580.000      0.0
    5590.000      0.0
    5600.000      0.0
    5610.000      0.0
    5620.000      0.0
    5630.000      0.0
    5640.000      0.0
    5650.000      0.0
    5660.000      0.0
    5670.000      0.0
    5680.000      0.0
    5690.000      0.0
    5700.000      0.0
    5710.000      0.0
    5720.000      0.0
    5730.000      0.0
    5740.000      0.0
    5750.000      0.0
    5760.000      0.0
    5770.000      0.0
    5780.000      0.0
    5790.000      0.0
    5800.000      0.0
    5810.000      0.0
    5820.000      0.0
    5830.000      0.0
    5840.000      0.0
    5850.000      0.0
    5860.000      0.0
    5870.000      0.0
    5880.000      0.0
    5890.000      0.0
    5900.000      0.0
    5910.000      0.0
    5920.000      0.0
    5930.000      0.0
    5940.000      0.0
    5950.000      0.0
    5960.000      0.0
    5970.000      0.0
    5980.000      0.0
    5990.000      0.0
    6000.000      0.0
    6010.000      0.0
    6020.000      0.0
    6030.000      0.0
    6040.000      0.0
    6050.000      0.0
    6060.000      0.0
    6070.000      0.0
    6080.000      0.0
    6090.000      0.0
    6100.000      0.0
    6110.000      0.0
    6120.000      0.0
    6130.000      0.0
    6140.000      0.0
    6150.000      0.0
    6160.000      0.0
    6170.000      0.0
    6180.000      0.0
    6190.000      0.0
    6200.000      0.0
    6210.000      0.0
    6220.000      0.0
    6230.000      0.0
    6240.000      0.0
    6250.000      0.0
    6260.000      0.0
    6270.000      0.0
    6280.000      0.0
    6290.000      0.0
    6300.000      0.0
    6310.000      0.0
    6320.000      0.0
    6330.000      0.0
    6340.000      0.0
    6350.000      0.0
    6360.000      0.0
    6370.000      0.0
    6380.000      0.0
    6390.000      0.0
    6400.000      0.0
    6410.000      0.0
    6420.000      0.0
    6430.000      0.0
    6440.000      0.0
    6450.000      0.0
    6460.000      0.0
    6470.000      0.0
    6480.000      0.0
    6490.000      0.0
    6500.000      0.0
    6510.000      0.0
    6520.000      0.0
    6530.000      0.0
    6540.000      0.0
    6550.000      0.0
    6560.000      0.0
    6570.000      0.0
    6580.000      0.0
    6590.000      0.0
    6600.000      0.0
    6610.000      0.0
    6620.000      0.0
    6630.000      0.0
    6640.000      0.0
    6650.000      0.0
    6660.000      0.0
    6670.000      0.0
    6680.000      0.0
    6690.000      0.0
    6700.000      0.0
    6710.000      0.0
    6720.000      0.0
    6730.000      0.0
    6740.000      0.0
    6750.000      0.0
    6760.000      0.0
    6770.000      0.0
    6780.000      0.0
    6790.000      0.0
    6800.000      0.0
    6810.000      0.0
    6820.000      0.0
    6830.000      0.0
    6840.000      0.0
    6850.000      0.0
    6860.000      0.0
    6870.000      0.0
    6880.000      0.0
    6890.000      0.0
    6900.000      0.0
    6910.000      0.0
    6920.000      0.0
    6930.000      0.0
    6940.000      0.0
    6950.000      0.0
    6960.000      0.0
    6970.000      0.0
    6980.000      0.0
    6990.000      0.0
    7000.000      0.0
    7010.000      0.0
    7020.000      0.0
    7030.000      0.0
    7040.000      0.0
    7050.000      0.0
    7060.000      0.0
    7070.000      0.0
    7080.000      0.0
    7090.000      0.0
    7100.000      0.0
    7110.000      0.0
    7120.000      0.0
    7130.000      0.0
    7140.000      0.0
    7150.000      0.0
    7160.000      0.0
    7170.000      0.0
    7180.000      0.0
    7190.000      0.0
    7200.000      0.0
    7210.000      0.0
    7220.000      0.0
    7230.000      0.0
    7240.000      0.0
    7250.000      0.0
    7260.000      0.0
    7270.000      0.0
    7280.000      0.0
    7290.000      0.0
    7300.000      0.0
    7310.000      0.0
    7320.000      0.0
    7330.000      0.0
    7340.000      0.0
    7350.000      0.0
    7360.000      0.0
    7370.000      0.0
    7380.000      0.0
    7390.000      0.0
    7400.000      0.0
    7410.000      0.0
    7420.000      0.0
    7430.000      0.0
    7440.000      0.0
    7450.000      0.0
    7460.000      0.0
    7470.000      0.0
    7480.000      0.0
    7490.000      0.0
    7500.000      0.0
    7510.000      0.0
    7520.000      0.0
    7530.000      0.0
    7540.000      0.0
    7550.000      0.0
    7560.000      0.0
    7570.000      0.0
    7580.000      0.0
    7590.000      0.0
    7600.000      0.0
    7610.000      0.0
    7620.000      0.0
    7630.000      0.0
    7640.000      0.0
    7650.000      0.0
    7660.000      0.0
    7670.000      0.0
    7680.000      0.0
    7690.000      0.0
    7700.000      0.0
    7710.000      0.0
    7720.000      0.0
    7730.000      0.0
    7740.000      0.0
    7750.000      0.0
    7760.000      0.0
    7770.000      0.0
    7780.000      0.0
    7790.000      0.0
    7800.000      0.0
    7810.000      0.0
    7820.000      0.0
    7830.000      0.0
    7840.000      0.0
    7850.000      0.0
    7860.000      0.0
    7870.000      0.0
    7880.000      0.0
    7890.000      0.0
    7900.000      0.0
    7910.000      0.0
    7920.000      0.0
    7930.000      0.0
    7940.000      0.0
    7950.000      0.0
    7960.000      0.0
    7970.000      0.0
    7980.000      0.0
    7990.000      0.0
    8000.000      0.0
    8010.000      0.0
    8020.000      0.0
    8030.000      0.0
    8040.000      0.0
    8050.000      0.0
    8060.000      0.0
    8070.000      0.0
    8080.000      0.0
    8090.000      0.0
    8100.000      0.0
    8110.000      0.0
    8120.000      0.0
    8130.000      0.0
    8140.000      0.0
    8150.000      0.0
    8160.000      0.0
    8170.000      0.0
    8180.000      0.0
    8190.000      0.0
    8200.000      0.0
    8210.000      0.0
    8220.000      0.0
    8230.000      0.0
    8240.000      0.0
    8250.000      0.0
    8260.000      0.0
    8270.000      0.0
    8280.000      0.0
    8290.000      0.0
    8300.000      0.0
    8310.000      0.0
    8320.000      0.0
    8330.000      0.0
    8340.000      0.0
    8350.000      0.0
    8360.000      0.0
    8370.000      0.0
    8380.000      0.0
    8390.000      0.0
    8400.000      0.0
    8410.000      0.0
    8420.000      0.0
    8430.000      0.0
    8440.000      0.0
    8450.000      0.0
    8460.000      0.0
    8470.000      0.0
    8480.000      0.0
    8490.000      0.0
    8500.000      0.0
    8510.000      0.0
    8520.000      0.0
    8530.000      0.0
    8540.000      0.0
    8550.000      0.0
    8560.000      0.0
    8570.000      0.0
    8580.000      0.0
    8590.000      0.0
    8600.000      0.0
    8610.000      0.0
    8620.000      0.0
    8630.000      0.0
    8640.000      0.0
    8650.000      0.0
    8660.000      0.0
    8670.000      0.0
    8680.000      0.0
    8690.000      0.0
    8700.000      0.0
    8710.000      0.0
    8720.000      0.0
    8730.000      0.0
    8740.000      0.0
    8750.000      0.0
    8760.000      0.0
    8770.000      0.0
    8780.000      0.0
    8790.000      0.0
    8800.000      0.0
    8810.000      0.0
    8820.000      0.0
    8830.000      0.0
    8840.000      0.0
    8850.000      0.0
    8860.000      0.0
    8870.000      0.0
    8880.000      0.0
    8890.000      0.0
    8900.000      0.0
    8910.000      0.0
    8920.000      0.0
    8930.000      0.0
    8940.000      0.0
    8950.000      0.0
    8960.000      0.0
    8970.000      0.0
    8980.000      0.0
    8990.000      0.0
    9000.000      0.0
    9010.000      0.0
    9020.000      0.0
    9030.000      0.0
    9040.000      0.0
    9050.000      0.0
    9060.000      0.0
    9070.000      0.0
    9080.000      0.0
    9090.000      0.0
    9100.000      0.0
    9110.000      0.0
    9120.000      0.0
    9130.000      0.0
    9140.000      0.0
    9150.000      0.0
    9160.000      0.0
    9170.000      0.0
    9180.000      0.0
    9190.000      0.0
    9200.000      0.0
    9210.000      0.0
    9220.000      0.0
    9230.000      0.0
    9240.000      0.0
    9250.000      0.0
    9260.000      0.0
    9270.000      0.0
    9280.000      0.0
    9290.000      0.0
    9300.000      0.0
    9310.000      0.0
    9320.000      0.0
    9330.000      0.0
    9340.000      0.0
    9350.000      0.0
    9360.000      0.0
    9370.000      0.0
    9380.000      0.0
    9390.000      0.0
    9400.000      0.0
    9410.000      0.0
    9420.000      0.0
    9430.000      0.0
    9440.000      0.0
    9450.000      0.0
    9460.000      0.0
    9470.000      0.0
    9480.000      0.0
    9490.000      0.0
    9500.000      0.0
    9510.000      0.0
    9520.000      0.0
    9530.000      0.0
    9540.000      0.0
    9550.000      0.0
    9560.000      0.0
    9570.000      0.0
    9580.000      0.0
    9590.000      0.0
    9600.000      0.0
    9610.000      0.0
    9620.000      0.0
    9630.000      0.0
    9640.000      0.0
    9650.000      0.0
    9660.000      0.0
    9670.000      0.0
    9680.000      0.0
    9690.000      0.0
    9700.000      0.0
    9710.000      0.0
    9720.000      0.0
    9730.000      0.0
    9740.000      0.0
    9750.000      0.0
    9760.000      0.0
    9770.000      0.0
    9780.000      0.0
    9790.000      0.0
    9800.000      0.0
    9810.000      0.0
    9820.000      0.0
    9830.000      0.0
    9840.000      0.0
    9850.000      0.0
    9860.000      0.0
    9870.000      0.0
    9880.000      0.0
    9890.000      0.0
    9900.000      0.0
    9910.000      0.0
    9920.000      0.0
    9930.000      0.0
    9940.000      0.0
    9950.000      0.0
    9960.000      0.0
    9970.000      0.0
    9980.000      0.0
    9990.000      0.0
   10000.000      0.0
   10010.000      0.0
   10020.000      0.0
   10030.000      0.0
   10040.000      0.0
   10050.000      0.0
   10060.000      0.0
   10070.000      0.0
   10080.000      0.0
   10090.000      0.0
   10100.000      0.0
   10110.000      0.0
   10120.000      0.0
   10130.000      0.0
   10140.000      0.0
   10150.000      0.0
   10160.000      0.0
   10170.000      0.0
   10180.000      0.0
   10190.000      0.0
   10200.000      0.0
   10210.000      0.0
   10220.000      0.0
   10230.000      0.0
   10240.000      0.0
   10250.000      0.0
   10260.000      0.0
   10270.000      0.0
   10280.000      0.0
   10290.000      0.0
   10300.000      0.0
   10310.000      0.0
   10320.000      0.0
   10330.000      0.0
   10340.000      0.0
   10350.000      0.0
   10360.000      0.0
   10370.000      0.0
   10380.000      0.0
   10390.000      0.0
   10400.000      0.0
   10410.000      0.0
   10420.000      0.0
   10430.000      0.0
   10440.000      0.0
   10450.000      0.0
   10460.000      0.0
   10470.000      0.0
   10480.000      0.0
   10490.000      0.0
   10500.000      0.0
   10510.000      0.0
   10520.000      0.0
   10530.000      0.0
   10540.000      0.0
   10550.000      0.0
   10560.000      0.0
   10570.000      0.0
   10580.000      0.0
   10590.000      0.0
   10600.000      0.0
   10610.000      0.0
   10620.000      0.0
   10630.000      0.0
   10640.000      0.0
   10650.000      0.0
   10660.000      0.0
   10670.000      0.0
   10680.000      0.0
   10690.000      0.0
   10700.000      0.0
   10710.000      0.0
   10720.000      0.0
   10730.000      0.0
   10740.000      0.0
   10750.000      0.0
   10760.000      0.0
   10770.000      0.0
   10780.000      0.0
   10790.000      0.0
   10800.000      0.0
   10810.000      0.0
   10820.000      0.0
   10830.000      0.0
   10840.000      0.0
   10850.000      0.0
   10860.000      0.0
   10870.000      0.0
   10880.000      0.0
   10890.000      0.0
   10900.000      0.0
   10910.000      0.0
   10920.000      0.0
   10930.000      0.0
   10940.000      0.0
   10950.000      0.0
   10960.000      0.0
   10970.000      0.0
   10980.000      0.0
   10990.000      0.0
   11000.000      0.0
   11010.000      0.0
   11020.000      0.0
   11030.000      0.0
   11040.000      0.0
   11050.000      0.0
   11060.000      0.0
   11070.000      0.0
   11080.000      0.0
   11090.000      0.0
   11100.000      0.0
   11110.000      0.0
   11120.000      0.0
   11130.000      0.0
   11140.000      0.0
   11150.000      0.0
   11160.000      0.0
   11170.000      0.0
   11180.000      0.0
   11190.000      0.0
   11200.000      0.0
   11210.000      0.0
   11220.000      0.0
   11230.000      0.0
   11240.000      0.0
   11250.000      0.0
   11260.000      0.0
   11270.000      0.0
   11280.000      0.0
   11290.000      0.0
   11300.000      0.0
   11310.000      0.0
   11320.000      0.0
   11330.000      0.0
   11340.000      0.0
   11350.000      0.0
   11360.000      0.0
   11370.000      0.0
   11380.000      0.0
   11390.000      0.0
   11400.000      0.0
   11410.000      0.0
   11420.000      0.0
   11430.000      0.0
   11440.000      0.0
   11450.000      0.0
   11460.000      0.0
   11470.000      0.0
   11480.000      0.0
   11490.000      0.0
   11500.000      0.0
   11510.000      0.0
   11520.000      0.0
   11530.000      0.0
   11540.000      0.0
   11550.000      0.0
   11560.000      0.0
   11570.000      0.0
   11580.000      0.0
   11590.000      0.0
   11600.000      0.0
   11610.000      0.0
   11620.000      0.0
   11630.000      0.0
   11640.000      0.0
   11650.000      0.0
   11660.000      0.0
   11670.000      0.0
   11680.000      0.0
   11690.000      0.0
   11700.000      0.0
   11710.000      0.0
   11720.000      0.0
   11730.000      0.0
   11740.000      0.0
   11750.000      0.0
   11760.000      0.0
   11770.000      0.0
   11780.000      0.0
   11790.000      0.0
   11800.000      0.0
   11810.000      0.0
   11820.000      0.0
   11830.000      0.0
   11840.000      0.0
   11850.000      0.0
   11860.000      0.0
   11870.000      0.0
   11880.000      0.0
   11890.000      0.0
   11900.000      0.0
   11910.000      0.0
   11920.000      0.0
   11930.000      0.0
   11940.000      0.0
   11950.000      0.0
   11960.000      0.0
   11970.000      0.0
   11980.000      0.0
   11990.000      0.0
   12000.000      0.0
   12010.000      0.0
   12020.000      0.0
   12030.000      0.0
   12040.000      0.0
   12050.000      0.0
   12060.000      0.0
   12070.000      0.0
   12080.000      0.0
   12090.000      0.0
   12100.000      0.0
   12110.000      0.0
   12120.000      0.0
   12130.000      0.0
   12140.000      0.0
   12150.000      0.0
   12160.000      0.0
   12170.000      0.0
   12180.000      0.0
   12190.000      0.0
   12200.000      0.0
   12210.000      0.0
   12220.000      0.0
   12230.000      0.0
   12240.000      0.0
   12250.000      0.0
   12260.000      0.0
   12270.000      0.0
   12280.000      0.0
   12290.000      0.0
   12300.000      0.0
   12310.000      0.0
   12320.000      0.0
   12330.000      0.0
   12340.000      0.0
   12350.000      0.0
   12360.000      0.0
   12370.000      0.0
   12380.000      0.0
   12390.000      0.0
   12400.000      0.0
   12410.000      0.0
   12420.000      0.0
   12430.000      0.0
   12440.000      0.0
   12450.000      0.0
   12460.000      0.0
   12470.000      0.0
   12480.000      0.0
   12490.000      0.0
   12500.000      0.0
   12510.000      0.0
   12520.000      0.0
   12530.000      0.0
   12540.000      0.0
   12550.000      0.0
   12560.000      0.0
   12570.000      0.0
   12580.000      0.0
   12590.000      0.0
   12600.000      0.0
   12610.000      0.0
   12620.000      0.0
   12630.000      0.0
   12640.000      0.0
   12650.000      0.0
   12660.000      0.0
   12670.000      0.0
   12680.000      0.0
   12690.000      0.0
   12700.000      0.0
   12710.000      0.0
   12720.000      0.0
   12730.000      0.0
   12740.000      0.0
   12750.000      0.0
   12760.000      0.0
   12770.000      0.0
   12780.000      0.0
   12790.000      0.0
   12800.000      0.0
   12810.000      0.0
   12820.000      0.0
   12830.000      0.0
   12840.000      0.0
   12850.000      0.0
   12860.000      0.0
   12870.000      0.0
   12880.000      0.0
   12890.000      0.0
   12900.000      0.0
   12910.000      0.0
   12920.000      0.0
   12930.000      0.0
   12940.000      0.0
   12950.000      0.0
   12960.000      0.0
   12970.000      0.0
   12980.000      0.0
   12990.000      0.0
   13000.000      0.0
   13010.000      0.0
   13020.000      0.0
   13030.000      0.0
   13040.000      0.0
   13050.000      0.0
   13060.000      0.0
   13070.000      0.0
   13080.000      0.0
   13090.000      0.0
   13100.000      0.0
   13110.000      0.0
   13120.000      0.0
   13130.000      0.0
   13140.000      0.0
   13150.000      0.0
   13160.000      0.0
   13170.000      0.0
   13180.000      0.0
   13190.000      0.0
   13200.000      0.0
   13210.000      0.0
   13220.000      0.0
   13230.000      0.0
   13240.000      0.0
   13250.000      0.0
   13260.000      0.0
   13270.000      0.0
   13280.000      0.0
   13290.000      0.0
   13300.000      0.0
   13310.000      0.0
   13320.000      0.0
   13330.000      0.0
   13340.000      0.0
   13350.000      0.0
   13360.000      0.0
   13370.000      0.0
   13380.000      0.0
   13390.000      0.0
   13400.000      0.0
   13410.000      0.0
   13420.000      0.0
   13430.000      0.0
   13440.000      0.0
   13450.000      0.0
   13460.000      0.0
   13470.000      0.0
   13480.000      0.0
   13490.000      0.0
   13500.000      0.0
   13510.000      0.0
   13520.000      0.0
   13530.000      0.0
   13540.000      0.0
   13550.000      0.0
   13560.000      0.0
   13570.000      0.0
   13580.000      0.0
   13590.000      0.0
   13600.000      0.0
   13610.000      0.0
   13620.000      0.0
   13630.000      0.0
   13640.000      0.0
   13650.000      0.0
   13660.000      0.0
   13670.000      0.0
   13680.000      0.0
   13690.000      0.0
   13700.000      0.0
   13710.000      0.0
   13720.000      0.0
   13730.000      0.0
   13740.000      0.0
   13750.000      0.0
   13760.000      0.0
   13770.000      0.0
   13780.000      0.0
   13790.000      0.0
   13800.000      0.0
   13810.000      0.0
   13820.000      0.0
   13830.000      0.0
   13840.000      0.0
   13850.000      0.0
   13860.000      0.0
   13870.000      0.0
   13880.000      0.0
   13890.000      0.0
   13900.000      0.0
   13910.000      0.0
   13920.000      0.0
   13930.000      0.0
   13940.000      0.0
   13950.000      0.0
   13960.000      0.0
   13970.000      0.0
   13980.000      0.0
   13990.000      0.0
   14000.000      0.0
   14010.000      0.0
   14020.000      0.0
   14030.000      0.0
   14040.000      0.0
   14050.000      0.0
   14060.000      0.0
   14070.000      0.0
   14080.000      0.0
   14090.000      0.0
   14100.000      0.0
   14110.000      0.0
   14120.000      0.0
   14130.000      0.0
   14140.000      0.0
   14150.000      0.0
   14160.000      0.0
   14170.000      0.0
   14180.000      0.0
   14190.000      0.0
   14200.000      0.0
   14210.000      0.0
   14220.000      0.0
   14230.000      0.0
   14240.000      0.0
   14250.000      0.0
   14260.000      0.0
   14270.000      0.0
   14280.000      0.0
   14290.000      0.0
   14300.000      0.0
   14310.000      0.0
   14320.000      0.0
   14330.000      0.0
   14340.000      0.0
   14350.000      0.0
   14360.000      0.0
   14370.000      0.0
   14380.000      0.0
   14390.000      0.0
   14400.000      0.0
   14410.000      0.0
   14420.000      0.0
   14430.000      0.0
   14440.000      0.0
   14450.000      0.0
   14460.000      0.0
   14470.000      0.0
   14480.000      0.0
   14490.000      0.0
   14500.000      0.0
   14510.000      0.0
   14520.000      0.0
   14530.000      0.0
   14540.000      0.0
   14550.000      0.0
   14560.000      0.0
   14570.000      0.0
   14580.000      0.0
   14590.000      0.0
   14600.000      0.0
   14610.000      0.0
   14620.000      0.0
   14630.000      0.0
   14640.000      0.0
   14650.000      0.0
   14660.000      0.0
   14670.000      0.0
   14680.000      0.0
   14690.000      0.0
   14700.000      0.0
   14710.000      0.0
   14720.000      0.0
   14730.000      0.0
   14740.000      0.0
   14750.000      0.0
   14760.000      0.0
   14770.000      0.0
   14780.000      0.0
   14790.000      0.0
   14800.000      0.0
   14810.000      0.0
   14820.000      0.0
   14830.000      0.0
   14840.000      0.0
   14850.000      0.0
   14860.000      0.0
   14870.000      0.0
   14880.000      0.0
   14890.000      0.0
   14900.000      0.0
   14910.000      0.0
   14920.000      0.0
   14930.000      0.0
   14940.000      0.0
   14950.000      0.0
   14960.000      0.0
   14970.000      0.0
   14980.000      0.0
   14990.000      0.0
   15000.000      0.0
   15010.000      0.0
   15020.000      0.0
   15030.000      0.0
   15040.000      0.0
   15050.000      0.0
   15060.000      0.0
   15070.000      0.0
   15080.000      0.0
   15090.000      0.0
   15100.000      0.0
   15110.000      0.0
   15120.000      0.0
   15130.000      0.0
   15140.000      0.0
   15150.000      0.0
   15160.000      0.0
   15170.000      0.0
   15180.000      0.0
   15190.000      0.0
   15200.000      0.0
   15210.000      0.0
   15220.000      0.0
   15230.000      0.0
   15240.000      0.0
   15250.000      0.0
   15260.000      0.0
   15270.000      0.0
   15280.000      0.0
   15290.000      0.0
   15300.000      0.0
   15310.000      0.0
   15320.000      0.0
   15330.000      0.0
   15340.000      0.0
   15350.000      0.0
   15360.000      0.0
   15370.000      0.0
   15380.000      0.0
   15390.000      0.0
   15400.000      0.0
   15410.000      0.0
   15420.000      0.0
   15430.000      0.0
   15440.000      0.0
   15450.000      0.0
   15460.000      0.0
   15470.000      0.0
   15480.000      0.0
   15490.000      0.0
   15500.000      0.0
   15510.000      0.0
   15520.000      0.0
   15530.000      0.0
   15540.000      0.0
   15550.000      0.0
   15560.000      0.0
   15570.000      0.0
   15580.000      0.0
   15590.000      0.0
   15600.000      0.0
   15610.000      0.0
   15620.000      0.0
   15630.000      0.0
   15640.000      0.0
   15650.000      0.0
   15660.000      0.0
   15670.000      0.0
   15680.000      0.0
   15690.000      0.0
   15700.000      0.0
   15710.000      0.0
   15720.000      0.0
   15730.000      0.0
   15740.000      0.0
   15750.000      0.0
   15760.000      0.0
   15770.000      0.0
   15780.000      0.0
   15790.000      0.0
   15800.000      0.0
   15810.000      0.0
   15820.000      0.0
   15830.000      0.0
   15840.000      0.0
   15850.000      0.0
   15860.000      0.0
   15870.000      0.0
   15880.000      0.0
   15890.000      0.0
   15900.000      0.0
   15910.000      0.0
   15920.000      0.0
   15930.000      0.0
   15940.000      0.0
   15950.000      0.0
   15960.000      0.0
   15970.000      0.0
   15980.000      0.0
   15990.000      0.0
   16000.000      0.0
   16010.000      0.0
   16020.000      0.0
   16030.000      0.0
   16040.000      0.0
   16050.000      0.0
   16060.000      0.0
   16070.000      0.0
   16080.000      0.0
   16090.000      0.0
   16100.000      0.0
   16110.000      0.0
   16120.000      0.0
   16130.000      0.0
   16140.000      0.0
   16150.000      0.0
   16160.000      0.0
   16170.000      0.0
   16180.000      0.0
   16190.000      0.0
   16200.000      0.0
   16210.000      0.0
   16220.000      0.0
   16230.000      0.0
   16240.000      0.0
   16250.000      0.0
   16260.000      0.0
   16270.000      0.0
   16280.000      0.0
   16290.000      0.0
   16300.000      0.0
   16310.000      0.0
   16320.000      0.0
   16330.000      0.0
   16340.000      0.0
   16350.000      0.0
   16360.000      0.0
   16370.000      0.0
   16380.000      0.0
   16390.000      0.0
   16400.000      0.0
   16410.000      0.0
   16420.000      0.0
   16430.000      0.0
   16440.000      0.0
   16450.000      0.0
   16460.000      0.0
   16470.000      0.0
   16480.000      0.0
   16490.000      0.0
   16500.000      0.0
   16510.000      0.0
   16520.000      0.0
   16530.000      0.0
   16540.000      0.0
   16550.000      0.0
   16560.000      0.0
   16570.000      0.0
   16580.000      0.0
   16590.000      0.0
   16600.000      0.0
   16610.000      0.0
   16620.000      0.0
   16630.000      0.0
   16640.000      0.0
   16650.000      0.0
   16660.000      0.0
   16670.000      0.0
   16680.000      0.0
   16690.000      0.0
   16700.000      0.0
   16710.000      0.0
   16720.000      0.0
   16730.000      0.0
   16740.000      0.0
   16750.000      0.0
   16760.000      0.0
   16770.000      0.0
   16780.000      0.0
   16790.000      0.0
   16800.000      0.0
   16810.000      0.0
   16820.000      0.0
   16830.000      0.0
   16840.000      0.0
   16850.000      0.0
   16860.000      0.0
   16870.000      0.0
   16880.000      0.0
   16890.000      0.0
   16900.000      0.0
   16910.000      0.0
   16920.000      0.0
   16930.000      0.0
   16940.000      0.0
   16950.000      0.0
   16960.000      0.0
   16970.000      0.0
   16980.000      0.0
   16990.000      0.0
   17000.000      0.0
   17010.000      0.0
   17020.000      0.0
   17030.000      0.0
   17040.000      0.0
   17050.000      0.0
   17060.000      0.0
   17070.000      0.0
   17080.000      0.0
   17090.000      0.0
   17100.000      0.0
   17110.000      0.0
   17120.000      0.0
   17130.000      0.0
   17140.000      0.0
   17150.000      0.0
   17160.000      0.0
   17170.000      0.0
   17180.000      0.0
   17190.000      0.0
   17200.000      0.0
   17210.000      0.0
   17220.000      0.0
   17230.000      0.0
   17240.000      0.0
   17250.000      0.0
   17260.000      0.0
   17270.000      0.0
   17280.000      0.0
   17290.000      0.0
   17300.000      0.0
   17310.000      0.0
   17320.000      0.0
   17330.000      0.0
   17340.000      0.0
   17350.000      0.0
   17360.000      0.0
   17370.000      0.0
   17380.000      0.0
   17390.000      0.0
   17400.000      0.0
   17410.000      0.0
   17420.000      0.0
   17430.000      0.0
   17440.000      0.0
   17450.000      0.0
   17460.000      0.0
   17470.000      0.0
   17480.000      0.0
   17490.000      0.0
   17500.000      0.0
   17510.000      0.0
   17520.000      0.0
   17530.000      0.0
   17540.000      0.0
   17550.000      0.0
   17560.000      0.0
   17570.000      0.0
   17580.000      0.0
   17590.000      0.0
   17600.000      0.0
   17610.000      0.0
   17620.000      0.0
   17630.000      0.0
   17640.000      0.0
   17650.000      0.0
   17660.000      0.0
   17670.000      0.0
   17680.000      0.0
   17690.000      0.0
   17700.000      0.0
   17710.000      0.0
   17720.000      0.0
   17730.000      0.0
   17740.000      0.0
   17750.000      0.0
   17760.000      0.0
   17770.000      0.0
   17780.000      0.0
   17790.000      0.0
   17800.000      0.0
   17810.000      0.0
   17820.000      0.0
   17830.000      0.0
   17840.000      0.0
   17850.000      0.0
   17860.000      0.0
   17870.000      0.0
   17880.000      0.0
   17890.000      0.0
   17900.000      0.0
   17910.000      0.0
   17920.000      0.0
   17930.000      0.0
   17940.000      0.0
   17950.000      0.0
   17960.000      0.0
   17970.000      0.0
   17980.000      0.0
   17990.000      0.0
   18000.000      0.0
   18010.000      0.0
   18020.000      0.0
   18030.000      0.0
   18040.000      0.0
   18050.000      0.0
   18060.000      0.0
   18070.000      0.0
   18080.000      0.0
   18090.000      0.0
   18100.000      0.0
   18110.000      0.0
   18120.000      0.0
   18130.000      0.0
   18140.000      0.0
   18150.000      0.0
   18160.000      0.0
   18170.000      0.0
   18180.000      0.0
   18190.000      0.0
   18200.000      0.0
   18210.000      0.0
   18220.000      0.0
   18230.000      0.0
   18240.000      0.0
   18250.000      0.0
   18260.000      0.0
   18270.000      0.0
   18280.000      0.0
   18290.000      0.0
   18300.000      0.0
   18310.000      0.0
   18320.000      0.0
   18330.000      0.0
   18340.000      0.0
   18350.000      0.0
   18360.000      0.0
   18370.000      0.0
   18380.000      0.0
   18390.000      0.0
   18400.000      0.0
   18410.000      0.0
   18420.000      0.0
   18430.000      0.0
   18440.000      0.0
   18450.000      0.0
   18460.000      0.0
   18470.000      0.0
   18480.000      0.0
   18490.000      0.0
   18500.000      0.0
   18510.000      0.0
   18520.000      0.0
   18530.000      0.0
   18540.000      0.0
   18550.000      0.0
   18560.000      0.0
   18570.000      0.0
   18580.000      0.0
   18590.000      0.0
   18600.000      0.0
   18610.000      0.0
   18620.000      0.0
   18630.000      0.0
   18640.000      0.0
   18650.000      0.0
   18660.000      0.0
   18670.000      0.0
   18680.000      0.0
   18690.000      0.0
   18700.000      0.0
   18710.000      0.0
   18720.000      0.0
   18730.000      0.0
   18740.000      0.0
   18750.000      0.0
   18760.000      0.0
   18770.000      0.0
   18780.000      0.0
   18790.000      0.0
   18800.000      0.0
   18810.000      0.0
   18820.000      0.0
   18830.000      0.0
   18840.000      0.0
   18850.000      0.0
   18860.000      0.0
   18870.000      0.0
   18880.000      0.0
   18890.000      0.0
   18900.000      0.0
   18910.000      0.0
   18920.000      0.0
   18930.000      0.0
   18940.000      0.0
   18950.000      0.0
   18960.000      0.0
   18970.000      0.0
   18980.000      0.0
   18990.000      0.0
   19000.000      0.0
   19010.000      0.0
   19020.000      0.0
   19030.000      0.0
   19040.000      0.0
   19050.000      0.0
   19060.000      0.0
   19070.000      0.0
   19080.000      0.0
   19090.000      0.0
   19100.000      0.0
   19110.000      0.0
   19120.000      0.0
   19130.000      0.0
   19140.000      0.0
   19150.000      0.0
   19160.000      0.0
   19170.000      0.0
   19180.000      0.0
   19190.000      0.0
   19200.000      0.0
   19210.000      0.0
   19220.000      0.0
   19230.000      0.0
   19240.000      0.0
   19250.000      0.0
   19260.000      0.0
   19270.000      0.0
   19280.000      0.0
   19290.000      0.0
   19300.000      0.0
   19310.000      0.0
   19320.000      0.0
   19330.000      0.0
   19340.000      0.0
   19350.000      0.0
   19360.000      0.0
   19370.000      0.0
   19380.000      0.0
   19390.000      0.0
   19400.000      0.0
   19410.000      0.0
   19420.000      0.0
   19430.000      0.0
   19440.000      0.0
   19450.000      0.0
   19460.000      0.0
   19470.000      0.0
   19480.000      0.0
   19490.000      0.0
   19500.000      0.0
   19510.000      0.0
   19520.000      0.0
   19530.000      0.0
   19540.000      0.0
   19550.000      0.0
   19560.000      0.0
   19570.000      0.0
   19580.000      0.0
   19590.000      0.0
   19600.000      0.0
   19610.000      0.0
   19620.000      0.0
   19630.000      0.0
   19640.000      0.0
   19650.000      0.0
   19660.000      0.0
   19670.000      0.0
   19680.000      0.0
   19690.000      0.0
   19700.000      0.0
   19710.000      0.0
   19720.000      0.0
   19730.000      0.0
   19740.000      0.0
   19750.000      0.0
   19760.000      0.0
   19770.000      0.0
   19780.000      0.0
   19790.000      0.0
   19800.000      0.0
   19810.000      0.0
   19820.000      0.0
   19830.000      0.0
   19840.000      0.0
   19850.000      0.0
   19860.000      0.0
   19870.000      0.0
   19880.000      0.0
   19890.000      0.0
   19900.000      0.0
   19910.000      0.0
   19920.000      0.0
   19930.000      0.0
   19940.000      0.0
   19950.000      0.0
   19960.000      0.0
   19970.000      0.0
   19980.000      0.0
   19990.000      0.0
   20000.000      0.0
   20010.000      0.0
   20020.000      0.0
   20030.000      0.0
   20040.000      0.0
   20050.000      0.0
   20060.000      0.0
   20070.000      0.0
   20080.000      0.0
   20090.000      0.0
   20100.000      0.0
   20110.000      0.0
   20120.000      0.0
   20130.000      0.0
   20140.000      0.0
   20150.000      0.0
   20160.000      0.0
   20170.000      0.0
   20180.000      0.0
   20190.000      0.0
   20200.000      0.0
   20210.000      0.0
   20220.000      0.0
   20230.000      0.0
   20240.000      0.0
   20250.000      0.0
   20260.000      0.0
   20270.000      0.0
   20280.000      0.0
   20290.000      0.0
   20300.000      0.0
   20310.000      0.0
   20320.000      0.0
   20330.000      0.0
   20340.000      0.0
   20350.000      0.0
   20360.000      0.0
   20370.000      0.0
   20380.000      0.0
   20390.000      0.0
   20400.000      0.0
   20410.000      0.0
   20420.000      0.0
   20430.000      0.0
   20440.000      0.0
   20450.000      0.0
   20460.000      0.0
   20470.000      0.0
   20480.000      0.0
   20490.000      0.0
   20500.000      0.0
   20510.000      0.0
   20520.000      0.0
   20530.000      0.0
   20540.000      0.0
   20550.000      0.0
   20560.000      0.0
   20570.000      0.0
   20580.000      0.0
   20590.000      0.0
   20600.000      0.0
   20610.000      0.0
   20620.000      0.0
   20630.000      0.0
   20640.000      0.0
   20650.000      0.0
   20660.000      0.0
   20670.000      0.0
   20680.000      0.0
   20690.000      0.0
   20700.000      0.0
   20710.000      0.0
   20720.000      0.0
   20730.000      0.0
   20740.000      0.0
   20750.000      0.0
   20760.000      0.0
   20770.000      0.0
   20780.000      0.0
   20790.000      0.0
   20800.000      0.0
   20810.000      0.0
   20820.000      0.0
   20830.000      0.0
   20840.000      0.0
   20850.000      0.0
   20860.000      0.0
   20870.000      0.0
   20880.000      0.0
   20890.000      0.0
   20900.000      0.0
   20910.000      0.0
   20920.000      0.0
   20930.000      0.0
   20940.000      0.0
   20950.000      0.0
   20960.000      0.0
   20970.000      0.0
   20980.000      0.0
   20990.000      0.0
   21000.000      0.0
   21010.000      0.0
   21020.000      0.0
   21030.000      0.0
   21040.000      0.0
   21050.000      0.0
   21060.000      0.0
   21070.000      0.0
   21080.000      0.0
   21090.000      0.0
   21100.000      0.0
   21110.000      0.0
   21120.000      0.0
   21130.000      0.0
   21140.000      0.0
   21150.000      0.0
   21160.000      0.0
   21170.000      0.0
   21180.000      0.0
   21190.000      0.0
   21200.000      0.0
   21210.000      0.0
   21220.000      0.0
   21230.000      0.0
   21240.000      0.0
   21250.000      0.0
   21260.000      0.0
   21270.000      0.0
   21280.000      0.0
   21290.000      0.0
   21300.000      0.0
   21310.000      0.0
   21320.000      0.0
   21330.000      0.0
   21340.000      0.0
   21350.000      0.0
   21360.000      0.0
   21370.000      0.0
   21380.000      0.0
   21390.000      0.0
   21400.000      0.0
   21410.000      0.0
   21420.000      0.0
   21430.000      0.0
   21440.000      0.0
   21450.000      0.0
   21460.000      0.0
   21470.000      0.0
   21480.000      0.0
   21490.000      0.0
   21500.000      0.0
   21510.000      0.0
   21520.000      0.0
   21530.000      0.0
   21540.000      0.0
   21550.000      0.0
   21560.000      0.0
   21570.000      0.0
   21580.000      0.0
   21590.000      0.0
   21600.000      0.0
   21610.000      0.0
   21620.000      0.0
   21630.000      0.0
   21640.000      0.0
   21650.000      0.0
   21660.000      0.0
   21670.000      0.0
   21680.000      0.0
   21690.000      0.0
   21700.000      0.0
   21710.000      0.0
   21720.000      0.0
   21730.000      0.0
   21740.000      0.0
   21750.000      0.0
   21760.000      0.0
   21770.000      0.0
   21780.000      0.0
   21790.000      0.0
   21800.000      0.0
   21810.000      0.0
   21820.000      0.0
   21830.000      0.0
   21840.000      0.0
   21850.000      0.0
   21860.000      0.0
   21870.000      0.0
   21880.000      0.0
   21890.000      0.0
   21900.000      0.0
   21910.000      0.0
   21920.000      0.0
   21930.000      0.0
   21940.000      0.0
   21950.000      0.0
   21960.000      0.0
   21970.000      0.0
   21980.000      0.0
   21990.000      0.0
   22000.000      0.0
   22010.000      0.0
   22020.000      0.0
   22030.000      0.0
   22040.000      0.0
   22050.000      0.0
   22060.000      0.0
   22070.000      0.0
   22080.000      0.0
   22090.000      0.0
   22100.000      0.0
   22110.000      0.0
   22120.000      0.0
   22130.000      0.0
   22140.000      0.0
   22150.000      0.0
   22160.000      0.0
   22170.000      0.0
   22180.000      0.0
   22190.000      0.0
   22200.000      0.0
   22210.000      0.0
   22220.000      0.0
   22230.000      0.0
   22240.000      0.0
   22250.000      0.0
   22260.000      0.0
   22270.000      0.0
   22280.000      0.0
   22290.000      0.0
   22300.000      0.0
   22310.000      0.0
   22320.000      0.0
   22330.000      0.0
   22340.000      0.0
   22350.000      0.0
   22360.000      0.0
   22370.000      0.0
   22380.000      0.0
   22390.000      0.0
   22400.000      0.0
   22410.000      0.0
   22420.000      0.0
   22430.000      0.0
   22440.000      0.0
   22450.000      0.0
   22460.000      0.0
   22470.000      0.0
   22480.000      0.0
   22490.000      0.0
   22500.000      0.0
   22510.000      0.0
   22520.000      0.0
   22530.000      0.0
   22540.000      0.0
   22550.000      0.0
   22560.000      0.0
   22570.000      0.0
   22580.000      0.0
   22590.000      0.0
   22600.000      0.0
   22610.000      0.0
   22620.000      0.0
   22630.000      0.0
   22640.000      0.0
   22650.000      0.0
   22660.000      0.0
   22670.000      0.0
   22680.000      0.0
   22690.000      0.0
   22700.000      0.0
   22710.000      0.0
   22720.000      0.0
   22730.000      0.0
   22740.000      0.0
   22750.000      0.0
   22760.000      0.0
   22770.000      0.0
   22780.000      0.0
   22790.000      0.0
   22800.000      0.0
   22810.000      0.0
   22820.000      0.0
   22830.000      0.0
   22840.000      0.0
   22850.000      0.0
   22860.000      0.0
   22870.000      0.0
   22880.000      0.0
   22890.000      0.0
   22900.000      0.0
   22910.000      0.0
   22920.000      0.0
   22930.000      0.0
   22940.000      0.0
   22950.000      0.0
   22960.000      0.0
   22970.000      0.0
   22980.000      0.0
   22990.000      0.0
   23000.000      0.0
   23010.000      0.0
   23020.000      0.0
   23030.000      0.0
   23040.000      0.0
   23050.000      0.0
   23060.000      0.0
   23070.000      0.0
   23080.000      0.0
   23090.000      0.0
   23100.000      0.0
   23110.000      0.0
   23120.000      0.0
   23130.000      0.0
   23140.000      0.0
   23150.000      0.0
   23160.000      0.0
   23170.000      0.0
   23180.000      0.0
   23190.000      0.0
   23200.000      0.0
   23210.000      0.0
   23220.000      0.0
   23230.000      0.0
   23240.000      0.0
   23250.000      0.0
   23260.000      0.0
   23270.000      0.0
   23280.000      0.0
   23290.000      0.0
   23300.000      0.0
   23310.000      0.0
   23320.000      0.0
   23330.000      0.0
   23340.000      0.0
   23350.000      0.0
   23360.000      0.0
   23370.000      0.0
   23380.000      0.0
   23390.000      0.0
   23400.000      0.0
   23410.000      0.0
   23420.000      0.0
   23430.000      0.0
   23440.000      0.0
   23450.000      0.0
   23460.000      0.0
   23470.000      0.0
   23480.000      0.0
   23490.000      0.0
   23500.000      0.0
   23510.000      0.0
   23520.000      0.0
   23530.000      0.0
   23540.000      0.0
   23550.000      0.0
   23560.000      0.0
   23570.000      0.0
   23580.000      0.0
   23590.000      0.0
   23600.000      0.0
   23610.000      0.0
   23620.000      0.0
   23630.000      0.0
   23640.000      0.0
   23650.000      0.0
   23660.000      0.0
   23670.000      0.0
   23680.000      0.0
   23690.000      0.0
   23700.000      0.0
   23710.000      0.0
   23720.000      0.0
   23730.000      0.0
   23740.000      0.0
   23750.000      0.0
   23760.000      0.0
   23770.000      0.0
   23780.000      0.0
   23790.000      0.0
   23800.000      0.0
   23810.000      0.0
   23820.000      0.0
   23830.000      0.0
   23840.000      0.0
   23850.000      0.0
   23860.000      0.0
   23870.000      0.0
   23880.000      0.0
   23890.000      0.0
   23900.000      0.0
   23910.000      0.0
   23920.000      0.0
   23930.000      0.0
   23940.000      0.0
   23950.000      0.0
   23960.000      0.0
   23970.000      0.0
   23980.000      0.0
   23990.000      0.0
   24000.000      0.0
   24010.000      0.0
   24020.000      0.0
   24030.000      0.0
   24040.000      0.0
   24050.000      0.0
   24060.000      0.0
   24070.000      0.0
   24080.000      0.0
   24090.000      0.0
   24100.000      0.0
   24110.000      0.0
   24120.000      0.0
   24130.000      0.0
   24140.000      0.0
   24150.000      0.0
   24160.000      0.0
   24170.000      0.0
   24180.000      0.0
   24190.000      0.0
   24200.000      0.0
   24210.000      0.0
   24220.000      0.0
   24230.000      0.0
   24240.000      0.0
   24250.000      0.0
   24260.000      0.0
   24270.000      0.0
   24280.000      0.0
   24290.000      0.0
   24300.000      0.0
   24310.000      0.0
   24320.000      0.0
   24330.000      0.0
   24340.000      0.0
   24350.000      0.0
   24360.000      0.0
   24370.000      0.0
   24380.000      0.0
   24390.000      0.0
   24400.000      0.0
   24410.000      0.0
   24420.000      0.0
   24430.000      0.0
   24440.000      0.0
   24450.000      0.0
   24460.000      0.0
   24470.000      0.0
   24480.000      0.0
   24490.000      0.0
   24500.000      0.0
   24510.000      0.0
   24520.000      0.0
   24530.000      0.0
   24540.000      0.0
   24550.000      0.0
   24560.000      0.0
   24570.000      0.0
   24580.000      0.0
   24590.000      0.0
   24600.000      0.0
   24610.000      0.0
   24620.000      0.0
   24630.000      0.0
   24640.000      0.0
   24650.000      0.0
   24660.000      0.0
   24670.000      0.0
   24680.000      0.0
   24690.000      0.0
   24700.000      0.0
   24710.000      0.0
   24720.000      0.0
   24730.000      0.0
   24740.000      0.0
   24750.000      0.0
   24760.000      0.0
   24770.000      0.0
   24780.000      0.0
   24790.000      0.0
   24800.000      0.0
   24810.000      0.0
   24820.000      0.0
   24830.000      0.0
   24840.000      0.0
   24850.000      0.0
   24860.000      0.0
   24870.000      0.0
   24880.000      0.0
   24890.000      0.0
   24900.000      0.0
   24910.000      0.0
   24920.000      0.0
   24930.000      0.0
   24940.000      0.0
   24950.000      0.0
   24960.000      0.0
   24970.000      0.0
   24980.000      0.0
   24990.000      0.0
   25000.000      0.0
   25010.000      0.0
   25020.000      0.0
   25030.000      0.0
   25040.000      0.0
   25050.000      0.0
   25060.000      0.0
   25070.000      0.0
   25080.000      0.0
   25090.000      0.0
   25100.000      0.0
   25110.000      0.0
   25120.000      0.0
   25130.000      0.0
   25140.000      0.0
   25150.000      0.0
   25160.000      0.0
   25170.000      0.0
   25180.000      0.0
   25190.000      0.0
   25200.000      0.0
   25210.000      0.0
   25220.000      0.0
   25230.000      0.0
   25240.000      0.0
   25250.000      0.0
   25260.000      0.0
   25270.000      0.0
   25280.000      0.0
   25290.000      0.0
   25300.000      0.0
   25310.000      0.0
   25320.000      0.0
   25330.000      0.0
   25340.000      0.0
   25350.000      0.0
   25360.000      0.0
   25370.000      0.0
   25380.000      0.0
   25390.000      0.0
   25400.000      0.0
   25410.000      0.0
   25420.000      0.0
   25430.000      0.0
   25440.000      0.0
   25450.000      0.0
   25460.000      0.0
   25470.000      0.0
   25480.000      0.0
   25490.000      0.0
   25500.000      0.0
   25510.000      0.0
   25520.000      0.0
   25530.000      0.0
   25540.000      0.0
   25550.000      0.0
   25560.000      0.0
   25570.000      0.0
   25580.000      0.0
   25590.000      0.0
   25600.000      0.0
   25610.000      0.0
   25620.000      0.0
   25630.000      0.0
   25640.000      0.0
   25650.000      0.0
   25660.000      0.0
   25670.000      0.0
   25680.000      0.0
   25690.000      0.0
   25700.000      0.0
   25710.000      0.0
   25720.000      0.0
   25730.000      0.0
   25740.000      0.0
   25750.000      0.0
   25760.000      0.0
   25770.000      0.0
   25780.000      0.0
   25790.000      0.0
   25800.000      0.0
   25810.000      0.0
   25820.000      0.0
   25830.000      0.0
   25840.000      0.0
   25850.000      0.0
   25860.000      0.0
   25870.000      0.0
   25880.000      0.0
   25890.000      0.0
   25900.000      0.0
   25910.000      0.0
   25920.000      0.0
   25930.000      0.0
   25940.000      0.0
   25950.000      0.0
   25960.000      0.0
   25970.000      0.0
   25980.000      0.0
   25990.000      0.0
   26000.000      0.0
   26010.000      0.0
   26020.000      0.0
   26030.000      0.0
   26040.000      0.0
   26050.000      0.0
   26060.000      0.0
   26070.000      0.0
   26080.000      0.0
   26090.000      0.0
   26100.000      0.0
   26110.000      0.0
   26120.000      0.0
   26130.000      0.0
   26140.000      0.0
   26150.000      0.0
   26160.000      0.0
   26170.000      0.0
   26180.000      0.0
   26190.000      0.0
   26200.000      0.0
   26210.000      0.0
   26220.000      0.0
   26230.000      0.0
   26240.000      0.0
   26250.000      0.0
   26260.000      0.0
   26270.000      0.0
   26280.000      0.0
   26290.000      0.0
   26300.000      0.0
   26310.000      0.0
   26320.000      0.0
   26330.000      0.0
   26340.000      0.0
   26350.000      0.0
   26360.000      0.0
   26370.000      0.0
   26380.000      0.0
   26390.000      0.0
   26400.000      0.0
   26410.000      0.0
   26420.000      0.0
   26430.000      0.0
   26440.000      0.0
   26450.000      0.0
   26460.000      0.0
   26470.000      0.0
   26480.000      0.0
   26490.000      0.0
   26500.000      0.0
   26510.000      0.0
   26520.000      0.0
   26530.000      0.0
   26540.000      0.0
   26550.000      0.0
   26560.000      0.0
   26570.000      0.0
   26580.000      0.0
   26590.000      0.0
   26600.000      0.0
   26610.000      0.0
   26620.000      0.0
   26630.000      0.0
   26640.000      0.0
   26650.000      0.0
   26660.000      0.0
   26670.000      0.0
   26680.000      0.0
   26690.000      0.0
   26700.000      0.0
   26710.000      0.0
   26720.000      0.0
   26730.000      0.0
   26740.000      0.0
   26750.000      0.0
   26760.000      0.0
   26770.000      0.0
   26780.000      0.0
   26790.000      0.0
   26800.000      0.0
   26810.000      0.0
   26820.000      0.0
   26830.000      0.0
   26840.000      0.0
   26850.000      0.0
   26860.000      0.0
   26870.000      0.0
   26880.000      0.0
   26890.000      0.0
   26900.000      0.0
   26910.000      0.0
   26920.000      0.0
   26930.000      0.0
   26940.000      0.0
   26950.000      0.0
   26960.000      0.0
   26970.000      0.0
   26980.000      0.0
   26990.000      0.0
   27000.000      0.0
   27010.000      0.0
   27020.000      0.0
   27030.000      0.0
   27040.000      0.0
   27050.000      0.0
   27060.000      0.0
   27070.000      0.0
   27080.000      0.0
   27090.000      0.0
   27100.000      0.0
   27110.000      0.0
   27120.000      0.0
   27130.000      0.0
   27140.000      0.0
   27150.000      0.0
   27160.000      0.0
   27170.000      0.0
   27180.000      0.0
   27190.000      0.0
   27200.000      0.0
   27210.000      0.0
   27220.000      0.0
   27230.000      0.0
   27240.000      0.0
   27250.000      0.0
   27260.000      0.0
   27270.000      0.0
   27280.000      0.0
   27290.000      0.0
   27300.000      0.0
   27310.000      0.0
   27320.000      0.0
   27330.000      0.0
   27340.000      0.0
   27350.000      0.0
   27360.000      0.0
   27370.000      0.0
   27380.000      0.0
   27390.000      0.0
   27400.000      0.0
   27410.000      0.0
   27420.000      0.0
   27430.000      0.0
   27440.000      0.0
   27450.000      0.0
   27460.000      0.0
   27470.000      0.0
   27480.000      0.0
   27490.000      0.0
   27500.000      0.0
   27510.000      0.0
   27520.000      0.0
   27530.000      0.0
   27540.000      0.0
   27550.000      0.0
   27560.000      0.0
   27570.000      0.0
   27580.000      0.0
   27590.000      0.0
   27600.000      0.0
   27610.000      0.0
   27620.000      0.0
   27630.000      0.0
   27640.000      0.0
   27650.000      0.0
   27660.000      0.0
   27670.000      0.0
   27680.000      0.0
   27690.000      0.0
   27700.000      0.0
   27710.000      0.0
   27720.000      0.0
   27730.000      0.0
   27740.000      0.0
   27750.000      0.0
   27760.000      0.0
   27770.000      0.0
   27780.000      0.0
   27790.000      0.0
   27800.000      0.0
   27810.000      0.0
   27820.000      0.0
   27830.000      0.0
   27840.000      0.0
   27850.000      0.0
   27860.000      0.0
   27870.000      0.0
   27880.000      0.0
   27890.000      0.0
   27900.000      0.0
   27910.000      0.0
   27920.000      0.0
   27930.000      0.0
   27940.000      0.0
   27950.000      0.0
   27960.000      0.0
   27970.000      0.0
   27980.000      0.0
   27990.000      0.0
   28000.000      0.0
   28010.000      0.0
   28020.000      0.0
   28030.000      0.0
   28040.000      0.0
   28050.000      0.0
   28060.000      0.0
   28070.000      0.0
   28080.000      0.0
   28090.000      0.0
   28100.000      0.0
   28110.000      0.0
   28120.000      0.0
   28130.000      0.0
   28140.000      0.0
   28150.000      0.0
   28160.000      0.0
   28170.000      0.0
   28180.000      0.0
   28190.000      0.0
   28200.000      0.0
   28210.000      0.0
   28220.000      0.0
   28230.000      0.0
   28240.000      0.0
   28250.000      0.0
   28260.000      0.0
   28270.000      0.0
   28280.000      0.0
   28290.000      0.0
   28300.000      0.0
   28310.000      0.0
   28320.000      0.0
   28330.000      0.0
   28340.000      0.0
   28350.000      0.0
   28360.000      0.0
   28370.000      0.0
   28380.000      0.0
   28390.000      0.0
   28400.000      0.0
   28410.000      0.0
   28420.000      0.0
   28430.000      0.0
   28440.000      0.0
   28450.000      0.0
   28460.000      0.0
   28470.000      0.0
   28480.000      0.0
   28490.000      0.0
   28500.000      0.0
   28510.000      0.0
   28520.000      0.0
   28530.000      0.0
   28540.000      0.0
   28550.000      0.0
   28560.000      0.0
   28570.000      0.0
   28580.000      0.0
   28590.000      0.0
   28600.000      0.0
   28610.000      0.0
   28620.000      0.0
   28630.000      0.0
   28640.000      0.0
   28650.000      0.0
   28660.000      0.0
   28670.000      0.0
   28680.000      0.0
   28690.000      0.0
   28700.000      0.0
   28710.000      0.0
   28720.000      0.0
   28730.000      0.0
   28740.000      0.0
   28750.000      0.0
   28760.000      0.0
   28770.000      0.0
   28780.000      0.0
   28790.000      0.0
   28800.000      0.0
   28810.000      0.0
   28820.000      0.0
   28830.000      0.0
   28840.000      0.0
   28850.000      0.0
   28860.000      0.0
   28870.000      0.0
   28880.000      0.0
   28890.000      0.0
   28900.000      0.0
   28910.000      0.0
   28920.000      0.0
   28930.000      0.0
   28940.000      0.0
   28950.000      0.0
   28960.000      0.0
   28970.000      0.0
   28980.000      0.0
   28990.000      0.0
   29000.000      0.0
   29010.000      0.0
   29020.000      0.0
   29030.000      0.0
   29040.000      0.0
   29050.000      0.0
   29060.000      0.0
   29070.000      0.0
   29080.000      0.0
   29090.000      0.0
   29100.000      0.0
   29110.000      0.0
   29120.000      0.0
   29130.000      0.0
   29140.000      0.0
   29150.000      0.0
   29160.000      0.0
   29170.000      0.0
   29180.000      0.0
   29190.000      0.0
   29200.000      0.0
   29210.000      0.0
   29220.000      0.0
   29230.000      0.0
