  
       0.000     434.08
      10.000     300.34
      20.000     300.73
      30.000     299.03
      40.000     299.25
      50.000     299.08
      60.000     302.13
      70.000     301.26
      80.000     303.75
      90.000     298.73
     100.000     301.95
     110.000     298.65
     120.000     299.97
     130.000     301.56
     140.000     303.31
     150.000     302.17
     160.000     296.52
     170.000     301.86
     180.000     298.44
     190.000     301.20
     200.000     299.83
     210.000     298.25
     220.000     299.30
     230.000     298.06
     240.000     299.69
     250.000     298.06
     260.000     302.95
     270.000     306.71
     280.000     299.69
     290.000     299.69
     300.000     304.67
     310.000     303.33
     320.000     300.59
     330.000     295.35
     340.000     299.50
     350.000     300.73
     360.000     304.90
     370.000     299.10
     380.000     303.21
     390.000     304.45
     400.000     301.66
     410.000     296.67
     420.000     298.53
     430.000     303.70
     440.000     303.57
     450.000     299.67
     460.000     302.88
     470.000     295.32
     480.000     299.18
     490.000     302.34
     500.000     296.14
     510.000     299.46
     520.000     298.95
     530.000     301.88
     540.000     301.90
     550.000     297.09
     560.000     302.17
     570.000     301.14
     580.000     300.43
     590.000     303.73
     600.000     295.91
     610.000     300.69
     620.000     297.43
     630.000     301.67
     640.000     302.88
     650.000     299.79
     660.000     304.09
     670.000     301.58
     680.000     300.66
     690.000     299.64
     700.000     300.44
     710.000     301.65
     720.000     301.48
     730.000     303.50
     740.000     300.74
     750.000     303.23
     760.000     302.10
     770.000     303.25
     780.000     304.10
     790.000     305.85
     800.000     302.34
     810.000     301.25
     820.000     298.77
     830.000     299.04
     840.000     300.36
     850.000     303.35
     860.000     302.80
     870.000     301.57
     880.000     303.29
     890.000     302.95
     900.000     295.37
     910.000     299.13
     920.000     296.96
     930.000     303.44
     940.000     298.74
     950.000     298.69
     960.000     295.02
     970.000     300.45
     980.000     300.33
     990.000     301.56
    1000.000     296.71
    1010.000     300.12
    1020.000     296.67
    1030.000     297.87
    1040.000     304.26
    1050.000     303.19
    1060.000     297.16
    1070.000     301.26
    1080.000     302.29
    1090.000     299.82
    1100.000     297.56
    1110.000     298.60
    1120.000     300.64
    1130.000     299.14
    1140.000     304.70
    1150.000     299.47
    1160.000     297.56
    1170.000     297.50
    1180.000     300.59
    1190.000     299.28
    1200.000     294.84
    1210.000     302.53
    1220.000     297.64
    1230.000     298.49
    1240.000     295.99
    1250.000     300.24
    1260.000     299.59
    1270.000     294.86
    1280.000     301.36
    1290.000     298.77
    1300.000     303.26
    1310.000     300.20
    1320.000     301.69
    1330.000     298.87
    1340.000     302.78
    1350.000     303.59
    1360.000     297.75
    1370.000     301.84
    1380.000     303.12
    1390.000     299.37
    1400.000     300.03
    1410.000     296.58
    1420.000     298.01
    1430.000     303.63
    1440.000     297.59
    1450.000     301.07
    1460.000     302.83
    1470.000     302.02
    1480.000     302.19
    1490.000     299.41
    1500.000     299.24
    1510.000     297.89
    1520.000     304.16
    1530.000     297.82
    1540.000     302.10
    1550.000     300.66
    1560.000     298.39
    1570.000     300.40
    1580.000     303.85
    1590.000     295.76
    1600.000     301.98
    1610.000     294.90
    1620.000     303.91
    1630.000     300.55
    1640.000     303.16
    1650.000     299.05
    1660.000     299.81
    1670.000     301.88
    1680.000     302.35
    1690.000     301.88
    1700.000     303.33
    1710.000     298.08
    1720.000     300.09
    1730.000     299.47
    1740.000     305.21
    1750.000     301.76
    1760.000     301.50
    1770.000     299.11
    1780.000     300.91
    1790.000     298.04
    1800.000     302.41
    1810.000     305.77
    1820.000     301.42
    1830.000     298.97
    1840.000     302.18
    1850.000     302.08
    1860.000     296.77
    1870.000     299.18
    1880.000     297.88
    1890.000     297.44
    1900.000     298.31
    1910.000     303.47
    1920.000     297.89
    1930.000     301.30
    1940.000     299.42
    1950.000     297.05
    1960.000     296.91
    1970.000     301.28
    1980.000     301.65
    1990.000     298.87
    2000.000     299.44
    2010.000     299.99
    2020.000     300.27
    2030.000     298.94
    2040.000     298.03
    2050.000     298.35
    2060.000     296.36
    2070.000     300.42
    2080.000     299.12
    2090.000     296.84
    2100.000     300.49
    2110.000     296.34
    2120.000     302.44
    2130.000     303.32
    2140.000     302.32
    2150.000     298.16
    2160.000     299.40
    2170.000     302.34
    2180.000     302.61
    2190.000     297.68
    2200.000     300.11
    2210.000     300.76
    2220.000     304.29
    2230.000     302.53
    2240.000     301.63
    2250.000     296.79
    2260.000     302.85
    2270.000     297.85
    2280.000     301.87
    2290.000     295.28
    2300.000     298.79
    2310.000     294.73
    2320.000     299.44
    2330.000     301.59
    2340.000     298.67
    2350.000     301.44
    2360.000     304.80
    2370.000     299.08
    2380.000     298.87
    2390.000     296.40
    2400.000     300.56
    2410.000     298.46
    2420.000     300.28
    2430.000     302.23
    2440.000     300.07
    2450.000     300.98
    2460.000     299.75
    2470.000     301.74
    2480.000     300.85
    2490.000     302.39
    2500.000     298.26
    2510.000     298.76
    2520.000     304.03
    2530.000     300.25
    2540.000     295.77
    2550.000     298.15
    2560.000     297.98
    2570.000     299.67
    2580.000     303.77
    2590.000     299.77
    2600.000     300.19
    2610.000     301.59
    2620.000     298.32
    2630.000     301.82
    2640.000     297.97
    2650.000     296.49
    2660.000     298.79
    2670.000     304.03
    2680.000     296.56
    2690.000     299.03
    2700.000     299.51
    2710.000     300.99
    2720.000     305.05
    2730.000     299.46
    2740.000     296.58
    2750.000     301.51
    2760.000     303.47
    2770.000     298.62
    2780.000     299.68
    2790.000     297.21
    2800.000     304.19
    2810.000     300.62
    2820.000     303.70
    2830.000     304.75
    2840.000     299.46
    2850.000     302.27
    2860.000     300.73
    2870.000     299.34
    2880.000     299.59
    2890.000     300.90
    2900.000     301.98
    2910.000     299.22
    2920.000     299.22
    2930.000     302.49
    2940.000     303.49
    2950.000     306.46
    2960.000     301.63
    2970.000     301.72
    2980.000     298.67
    2990.000     304.85
    3000.000     297.28
    3010.000     300.60
    3020.000     298.61
    3030.000     300.78
    3040.000     299.64
    3050.000     299.52
    3060.000     300.68
    3070.000     302.24
    3080.000     299.26
    3090.000     302.30
    3100.000     304.57
    3110.000     298.06
    3120.000     302.82
    3130.000     297.78
    3140.000     299.48
    3150.000     303.74
    3160.000     307.51
    3170.000     300.47
    3180.000     299.27
    3190.000     301.46
    3200.000     295.94
    3210.000     302.02
    3220.000     300.27
    3230.000     301.45
    3240.000     295.63
    3250.000     300.31
    3260.000     305.59
    3270.000     297.71
    3280.000     302.19
    3290.000     300.51
    3300.000     303.83
    3310.000     303.41
    3320.000     304.47
    3330.000     301.88
    3340.000     299.71
    3350.000     305.09
    3360.000     300.14
    3370.000     299.41
    3380.000     300.45
    3390.000     303.41
    3400.000     302.91
    3410.000     299.41
    3420.000     299.28
    3430.000     299.76
    3440.000     298.95
    3450.000     298.55
    3460.000     304.18
    3470.000     301.47
    3480.000     300.47
    3490.000     299.19
    3500.000     306.13
    3510.000     300.19
    3520.000     303.17
    3530.000     301.61
    3540.000     300.95
    3550.000     302.53
    3560.000     304.06
    3570.000     299.10
    3580.000     297.91
    3590.000     297.41
    3600.000     297.57
    3610.000     300.09
    3620.000     299.97
    3630.000     302.84
    3640.000     299.31
    3650.000     296.49
    3660.000     300.90
    3670.000     302.00
    3680.000     301.59
    3690.000     303.20
    3700.000     302.42
    3710.000     300.09
    3720.000     304.52
    3730.000     300.19
    3740.000     299.53
    3750.000     305.58
    3760.000     301.30
    3770.000     303.19
    3780.000     301.81
    3790.000     305.07
    3800.000     303.85
    3810.000     306.50
    3820.000     297.08
    3830.000     299.66
    3840.000     296.48
    3850.000     299.75
    3860.000     297.76
    3870.000     301.21
    3880.000     299.37
    3890.000     303.80
    3900.000     301.61
    3910.000     300.13
    3920.000     300.47
    3930.000     297.88
    3940.000     298.26
    3950.000     297.00
    3960.000     299.10
    3970.000     299.50
    3980.000     301.99
    3990.000     301.53
    4000.000     297.32
    4010.000     300.96
    4020.000     302.08
    4030.000     303.61
    4040.000     302.31
    4050.000     297.73
    4060.000     301.17
    4070.000     299.39
    4080.000     295.18
    4090.000     299.02
    4100.000     300.76
    4110.000     302.16
    4120.000     297.11
    4130.000     304.04
    4140.000     300.32
    4150.000     299.23
    4160.000     297.46
    4170.000     305.08
    4180.000     299.40
    4190.000     297.91
    4200.000     301.19
    4210.000     301.53
    4220.000     298.47
    4230.000     299.97
    4240.000     300.19
    4250.000     295.25
    4260.000     298.09
    4270.000     300.43
    4280.000     299.37
    4290.000     301.01
    4300.000     303.61
    4310.000     298.22
    4320.000     297.09
    4330.000     305.50
    4340.000     300.47
    4350.000     300.21
    4360.000     296.60
    4370.000     300.86
    4380.000     298.81
    4390.000     296.98
    4400.000     297.90
    4410.000     299.89
    4420.000     303.93
    4430.000     297.58
    4440.000     296.99
    4450.000     297.83
    4460.000     304.11
    4470.000     303.39
    4480.000     302.82
    4490.000     299.24
    4500.000     300.81
    4510.000     302.29
    4520.000     302.77
    4530.000     306.93
    4540.000     304.00
    4550.000     302.90
    4560.000     298.75
    4570.000     304.27
    4580.000     296.28
    4590.000     300.47
    4600.000     297.88
    4610.000     298.12
    4620.000     300.21
    4630.000     303.63
    4640.000     300.60
    4650.000     303.98
    4660.000     301.80
    4670.000     296.34
    4680.000     302.94
    4690.000     300.03
    4700.000     302.98
    4710.000     300.08
    4720.000     303.45
    4730.000     302.64
    4740.000     303.19
    4750.000     299.87
    4760.000     297.18
    4770.000     301.58
    4780.000     305.07
    4790.000     300.45
    4800.000     302.77
    4810.000     301.55
    4820.000     300.74
    4830.000     298.14
    4840.000     302.97
    4850.000     303.81
    4860.000     301.14
    4870.000     300.71
    4880.000     295.32
    4890.000     301.54
    4900.000     301.31
    4910.000     296.78
    4920.000     298.22
    4930.000     297.38
    4940.000     298.03
    4950.000     300.43
    4960.000     302.67
    4970.000     298.07
    4980.000     300.79
    4990.000     303.22
    5000.000     299.51
    5010.000     294.46
    5020.000     303.09
    5030.000     301.00
    5040.000     304.01
    5050.000     298.37
    5060.000     300.77
    5070.000     303.45
    5080.000     299.85
    5090.000     302.93
    5100.000     302.11
    5110.000     301.26
    5120.000     296.40
    5130.000     295.61
    5140.000     299.50
    5150.000     302.69
    5160.000     299.36
    5170.000     298.09
    5180.000     298.30
    5190.000     300.81
    5200.000     299.66
    5210.000     299.22
    5220.000     301.42
    5230.000     299.19
    5240.000     300.57
    5250.000     301.75
    5260.000     300.32
    5270.000     300.77
    5280.000     300.14
    5290.000     301.99
    5300.000     301.54
    5310.000     300.54
    5320.000     295.29
    5330.000     303.38
    5340.000     302.40
    5350.000     297.74
    5360.000     302.07
    5370.000     303.90
    5380.000     303.44
    5390.000     300.15
    5400.000     298.97
    5410.000     300.71
    5420.000     299.90
    5430.000     299.04
    5440.000     300.10
    5450.000     297.39
    5460.000     301.14
    5470.000     300.76
    5480.000     301.93
    5490.000     297.79
    5500.000     303.63
    5510.000     299.84
    5520.000     298.93
    5530.000     299.10
    5540.000     303.34
    5550.000     297.62
    5560.000     298.62
    5570.000     301.54
    5580.000     303.21
    5590.000     302.85
    5600.000     300.38
    5610.000     301.09
    5620.000     301.34
    5630.000     303.19
    5640.000     305.47
    5650.000     302.53
    5660.000     298.91
    5670.000     299.23
    5680.000     300.69
    5690.000     302.98
    5700.000     298.10
    5710.000     301.03
    5720.000     299.99
    5730.000     304.00
    5740.000     297.00
    5750.000     301.11
    5760.000     302.69
    5770.000     299.16
    5780.000     299.85
    5790.000     300.66
    5800.000     299.26
    5810.000     297.36
    5820.000     299.68
    5830.000     299.91
    5840.000     299.69
    5850.000     304.22
    5860.000     300.16
    5870.000     301.35
    5880.000     299.45
    5890.000     302.04
    5900.000     301.84
    5910.000     297.29
    5920.000     303.39
    5930.000     301.44
    5940.000     301.84
    5950.000     297.13
    5960.000     299.83
    5970.000     297.85
    5980.000     305.38
    5990.000     300.29
    6000.000     298.33
    6010.000     299.72
    6020.000     300.97
    6030.000     302.60
    6040.000     303.67
    6050.000     300.41
    6060.000     298.02
    6070.000     301.75
    6080.000     294.41
    6090.000     298.60
    6100.000     303.30
    6110.000     298.60
    6120.000     302.08
    6130.000     297.05
    6140.000     301.68
    6150.000     303.44
    6160.000     302.74
    6170.000     299.79
    6180.000     301.01
    6190.000     302.96
    6200.000     297.35
    6210.000     300.74
    6220.000     297.49
    6230.000     303.51
    6240.000     296.01
    6250.000     296.05
    6260.000     300.88
    6270.000     299.70
    6280.000     302.39
    6290.000     300.66
    6300.000     300.87
    6310.000     296.89
    6320.000     304.16
    6330.000     300.28
    6340.000     299.43
    6350.000     296.45
    6360.000     303.72
    6370.000     299.97
    6380.000     303.04
    6390.000     302.34
    6400.000     304.06
    6410.000     302.54
    6420.000     301.71
    6430.000     299.11
    6440.000     300.84
    6450.000     304.09
    6460.000     300.75
    6470.000     301.33
    6480.000     299.74
    6490.000     300.99
    6500.000     300.77
    6510.000     303.14
    6520.000     298.72
    6530.000     299.12
    6540.000     300.81
    6550.000     303.00
    6560.000     299.38
    6570.000     302.18
    6580.000     299.56
    6590.000     301.06
    6600.000     306.25
    6610.000     300.62
    6620.000     304.09
    6630.000     300.36
    6640.000     302.11
    6650.000     302.78
    6660.000     297.79
    6670.000     301.66
    6680.000     301.63
    6690.000     300.57
    6700.000     300.34
    6710.000     302.27
    6720.000     298.05
    6730.000     299.92
    6740.000     301.56
    6750.000     296.54
    6760.000     297.26
    6770.000     303.97
    6780.000     298.21
    6790.000     297.04
    6800.000     300.56
    6810.000     302.85
    6820.000     302.67
    6830.000     301.12
    6840.000     298.71
    6850.000     295.72
    6860.000     299.37
    6870.000     299.34
    6880.000     299.36
    6890.000     301.74
    6900.000     300.54
    6910.000     298.31
    6920.000     296.60
    6930.000     302.89
    6940.000     299.71
    6950.000     301.73
    6960.000     304.62
    6970.000     298.85
    6980.000     300.86
    6990.000     300.57
    7000.000     301.71
    7010.000     303.10
    7020.000     302.82
    7030.000     299.03
    7040.000     300.27
    7050.000     301.78
    7060.000     300.19
    7070.000     301.34
    7080.000     301.13
    7090.000     297.48
    7100.000     304.35
    7110.000     303.56
    7120.000     302.67
    7130.000     297.57
    7140.000     298.64
    7150.000     303.21
    7160.000     297.89
    7170.000     301.04
    7180.000     301.39
    7190.000     304.47
    7200.000     296.09
    7210.000     299.83
    7220.000     298.53
    7230.000     300.80
    7240.000     300.30
    7250.000     304.08
    7260.000     298.32
    7270.000     302.57
    7280.000     297.40
    7290.000     294.32
    7300.000     297.00
    7310.000     303.22
    7320.000     306.74
    7330.000     296.23
    7340.000     299.53
    7350.000     301.35
    7360.000     302.02
    7370.000     300.84
    7380.000     300.86
    7390.000     301.87
    7400.000     300.76
    7410.000     298.68
    7420.000     300.37
    7430.000     304.06
    7440.000     302.03
    7450.000     304.71
    7460.000     304.71
    7470.000     302.18
    7480.000     305.56
    7490.000     297.73
    7500.000     300.91
    7510.000     303.12
    7520.000     301.54
    7530.000     303.34
    7540.000     299.86
    7550.000     304.85
    7560.000     302.74
    7570.000     297.77
    7580.000     304.11
    7590.000     301.38
    7600.000     299.73
    7610.000     300.17
    7620.000     299.76
    7630.000     298.05
    7640.000     300.43
    7650.000     301.63
    7660.000     300.83
    7670.000     296.84
    7680.000     304.42
    7690.000     301.16
    7700.000     300.83
    7710.000     302.35
    7720.000     299.72
    7730.000     301.84
    7740.000     308.45
    7750.000     299.36
    7760.000     300.07
    7770.000     303.38
    7780.000     301.58
    7790.000     298.44
    7800.000     298.39
    7810.000     301.44
    7820.000     299.96
    7830.000     301.27
    7840.000     297.94
    7850.000     296.64
    7860.000     301.96
    7870.000     298.75
    7880.000     298.09
    7890.000     302.79
    7900.000     300.15
    7910.000     302.89
    7920.000     301.02
    7930.000     301.46
    7940.000     297.47
    7950.000     302.54
    7960.000     303.20
    7970.000     302.02
    7980.000     300.76
    7990.000     302.29
    8000.000     298.77
    8010.000     298.38
    8020.000     307.04
    8030.000     306.11
    8040.000     303.78
    8050.000     296.03
    8060.000     299.95
    8070.000     306.35
    8080.000     299.04
    8090.000     298.94
    8100.000     300.94
    8110.000     297.52
    8120.000     300.19
    8130.000     296.33
    8140.000     300.91
    8150.000     302.41
    8160.000     303.11
    8170.000     300.50
    8180.000     301.51
    8190.000     298.17
    8200.000     300.79
    8210.000     302.65
    8220.000     300.60
    8230.000     302.80
    8240.000     302.84
    8250.000     303.78
    8260.000     301.57
    8270.000     303.73
    8280.000     298.49
    8290.000     300.57
    8300.000     304.03
    8310.000     302.60
    8320.000     301.36
    8330.000     304.68
    8340.000     303.71
    8350.000     306.75
    8360.000     299.88
    8370.000     306.85
    8380.000     300.00
    8390.000     301.31
    8400.000     300.76
    8410.000     303.96
    8420.000     298.90
    8430.000     303.15
    8440.000     301.41
    8450.000     303.27
    8460.000     300.15
    8470.000     299.93
    8480.000     300.44
    8490.000     299.25
    8500.000     304.71
    8510.000     300.79
    8520.000     303.82
    8530.000     304.49
    8540.000     298.06
    8550.000     298.80
    8560.000     303.88
    8570.000     301.33
    8580.000     303.08
    8590.000     303.72
    8600.000     300.76
    8610.000     301.78
    8620.000     299.69
    8630.000     298.44
    8640.000     296.38
    8650.000     297.36
    8660.000     303.97
    8670.000     298.14
    8680.000     298.61
    8690.000     299.65
    8700.000     305.15
    8710.000     303.16
    8720.000     299.96
    8730.000     303.25
    8740.000     299.31
    8750.000     300.41
    8760.000     302.29
    8770.000     302.66
    8780.000     301.82
    8790.000     301.05
    8800.000     298.54
    8810.000     304.64
    8820.000     299.23
    8830.000     302.01
    8840.000     302.87
    8850.000     298.59
    8860.000     301.50
    8870.000     301.90
    8880.000     301.06
    8890.000     304.41
    8900.000     299.74
    8910.000     299.85
    8920.000     298.21
    8930.000     298.64
    8940.000     300.72
    8950.000     304.22
    8960.000     303.50
    8970.000     299.64
    8980.000     298.42
    8990.000     299.07
    9000.000     297.92
    9010.000     299.72
    9020.000     302.91
    9030.000     298.42
    9040.000     303.26
    9050.000     302.69
    9060.000     304.43
    9070.000     298.71
    9080.000     297.45
    9090.000     302.29
    9100.000     303.48
    9110.000     299.89
    9120.000     302.40
    9130.000     301.25
    9140.000     298.25
    9150.000     301.74
    9160.000     302.63
    9170.000     299.66
    9180.000     301.91
    9190.000     301.56
    9200.000     298.14
    9210.000     302.87
    9220.000     301.27
    9230.000     298.79
    9240.000     300.18
    9250.000     298.52
    9260.000     301.98
    9270.000     301.79
    9280.000     295.74
    9290.000     303.47
    9300.000     303.07
    9310.000     300.35
    9320.000     306.64
    9330.000     300.66
    9340.000     297.78
    9350.000     298.72
    9360.000     302.84
    9370.000     300.97
    9380.000     302.10
    9390.000     305.21
    9400.000     300.82
    9410.000     299.87
    9420.000     297.42
    9430.000     300.08
    9440.000     299.47
    9450.000     303.84
    9460.000     305.52
    9470.000     299.76
    9480.000     302.25
    9490.000     301.44
    9500.000     302.68
    9510.000     302.94
    9520.000     304.15
    9530.000     299.61
    9540.000     301.89
    9550.000     299.75
    9560.000     300.23
    9570.000     301.56
    9580.000     297.66
    9590.000     305.68
    9600.000     302.71
    9610.000     301.44
    9620.000     298.52
    9630.000     300.52
    9640.000     301.12
    9650.000     304.67
    9660.000     296.57
    9670.000     298.19
    9680.000     298.18
    9690.000     296.72
    9700.000     302.52
    9710.000     301.40
    9720.000     302.38
    9730.000     300.37
    9740.000     300.70
    9750.000     299.49
    9760.000     302.03
    9770.000     296.87
    9780.000     302.12
    9790.000     302.02
    9800.000     297.16
    9810.000     301.73
    9820.000     304.95
    9830.000     301.49
    9840.000     304.42
    9850.000     300.67
    9860.000     301.07
    9870.000     300.79
    9880.000     298.89
    9890.000     303.18
    9900.000     298.13
    9910.000     304.61
    9920.000     301.19
    9930.000     299.18
    9940.000     301.80
    9950.000     301.47
    9960.000     302.38
    9970.000     302.55
    9980.000     301.24
    9990.000     303.33
   10000.000     303.96
   10010.000     301.85
   10020.000     294.70
   10030.000     295.75
   10040.000     302.61
   10050.000     304.60
   10060.000     301.63
   10070.000     300.97
   10080.000     302.03
   10090.000     298.15
   10100.000     300.58
   10110.000     304.72
   10120.000     301.96
   10130.000     302.11
   10140.000     302.63
   10150.000     300.80
   10160.000     304.43
   10170.000     299.62
   10180.000     300.74
   10190.000     301.37
   10200.000     299.02
   10210.000     301.62
   10220.000     302.09
   10230.000     298.58
   10240.000     300.60
   10250.000     304.09
   10260.000     298.79
   10270.000     302.32
   10280.000     301.01
   10290.000     303.64
   10300.000     297.65
   10310.000     299.01
   10320.000     299.87
   10330.000     299.41
   10340.000     297.68
   10350.000     305.63
   10360.000     300.71
   10370.000     301.86
   10380.000     300.52
   10390.000     299.29
   10400.000     297.59
   10410.000     298.74
   10420.000     303.02
   10430.000     303.31
   10440.000     300.32
   10450.000     293.43
   10460.000     300.62
   10470.000     300.25
   10480.000     302.27
   10490.000     301.40
   10500.000     300.02
   10510.000     303.66
   10520.000     301.54
   10530.000     305.49
   10540.000     299.52
   10550.000     301.28
   10560.000     302.10
   10570.000     300.65
   10580.000     300.55
   10590.000     301.89
   10600.000     302.47
   10610.000     301.28
   10620.000     299.65
   10630.000     304.37
   10640.000     303.81
   10650.000     298.47
   10660.000     298.05
   10670.000     300.39
   10680.000     302.18
   10690.000     302.58
   10700.000     302.35
   10710.000     299.05
   10720.000     301.01
   10730.000     296.92
   10740.000     297.82
   10750.000     300.99
   10760.000     303.87
   10770.000     295.56
   10780.000     303.99
   10790.000     299.29
   10800.000     299.32
   10810.000     297.72
   10820.000     301.11
   10830.000     300.98
   10840.000     296.22
   10850.000     301.08
   10860.000     303.98
   10870.000     300.56
   10880.000     301.00
   10890.000     298.29
   10900.000     300.62
   10910.000     301.28
   10920.000     303.27
   10930.000     299.60
   10940.000     297.34
   10950.000     301.61
   10960.000     297.22
   10970.000     302.99
   10980.000     303.24
   10990.000     297.10
   11000.000     298.24
   11010.000     301.61
   11020.000     298.53
   11030.000     301.09
   11040.000     296.78
   11050.000     298.16
   11060.000     296.53
   11070.000     303.40
   11080.000     299.94
   11090.000     299.58
   11100.000     297.46
   11110.000     302.68
   11120.000     300.63
   11130.000     298.68
   11140.000     301.29
   11150.000     299.89
   11160.000     300.15
   11170.000     302.82
   11180.000     302.66
   11190.000     301.10
   11200.000     296.86
   11210.000     303.84
   11220.000     296.80
   11230.000     301.95
   11240.000     298.73
   11250.000     303.07
   11260.000     300.04
   11270.000     301.60
   11280.000     301.25
   11290.000     301.89
   11300.000     302.55
   11310.000     298.75
   11320.000     298.22
   11330.000     302.35
   11340.000     304.96
   11350.000     299.48
   11360.000     300.42
   11370.000     299.77
   11380.000     300.57
   11390.000     297.06
   11400.000     300.33
   11410.000     300.16
   11420.000     302.74
   11430.000     309.55
   11440.000     298.23
   11450.000     302.82
   11460.000     303.56
   11470.000     300.79
   11480.000     299.21
   11490.000     300.89
   11500.000     300.00
   11510.000     297.65
   11520.000     299.27
   11530.000     298.77
   11540.000     300.12
   11550.000     303.95
   11560.000     300.05
   11570.000     297.11
   11580.000     300.11
   11590.000     303.09
   11600.000     301.60
   11610.000     300.55
   11620.000     300.08
   11630.000     298.89
   11640.000     300.63
   11650.000     303.00
   11660.000     299.65
   11670.000     301.53
   11680.000     300.49
   11690.000     300.10
   11700.000     301.06
   11710.000     296.94
   11720.000     301.72
   11730.000     300.67
   11740.000     305.11
   11750.000     301.56
   11760.000     298.67
   11770.000     305.37
   11780.000     299.16
   11790.000     298.37
   11800.000     301.85
   11810.000     299.17
   11820.000     296.60
   11830.000     298.33
   11840.000     300.00
   11850.000     298.52
   11860.000     304.47
   11870.000     305.85
   11880.000     297.75
   11890.000     298.47
   11900.000     301.80
   11910.000     299.78
   11920.000     299.99
   11930.000     302.42
   11940.000     301.84
   11950.000     297.40
   11960.000     303.44
   11970.000     298.41
   11980.000     300.06
   11990.000     298.78
   12000.000     301.15
   12010.000     301.22
   12020.000     296.83
   12030.000     300.19
   12040.000     301.34
   12050.000     298.91
   12060.000     299.57
   12070.000     303.37
   12080.000     299.04
   12090.000     297.55
   12100.000     306.59
   12110.000     304.72
   12120.000     298.81
   12130.000     302.54
   12140.000     301.70
   12150.000     306.84
   12160.000     299.53
   12170.000     294.34
   12180.000     298.47
   12190.000     301.02
   12200.000     301.92
   12210.000     301.62
   12220.000     296.31
   12230.000     298.22
   12240.000     302.76
   12250.000     304.31
   12260.000     300.70
   12270.000     295.75
   12280.000     301.60
   12290.000     302.85
   12300.000     300.91
   12310.000     299.03
   12320.000     300.74
   12330.000     300.32
   12340.000     302.30
   12350.000     299.26
   12360.000     306.36
   12370.000     302.69
   12380.000     296.62
   12390.000     303.02
   12400.000     299.40
   12410.000     301.48
   12420.000     304.04
   12430.000     304.39
   12440.000     298.03
   12450.000     298.95
   12460.000     304.81
   12470.000     300.94
   12480.000     302.03
   12490.000     302.98
   12500.000     301.60
   12510.000     302.15
   12520.000     305.18
   12530.000     296.67
   12540.000     298.27
   12550.000     297.66
   12560.000     298.15
   12570.000     299.74
   12580.000     299.67
   12590.000     293.93
   12600.000     297.17
   12610.000     299.67
   12620.000     301.04
   12630.000     298.57
   12640.000     305.03
   12650.000     305.77
   12660.000     304.09
   12670.000     303.14
   12680.000     302.72
   12690.000     299.41
   12700.000     304.30
   12710.000     297.32
   12720.000     300.12
   12730.000     301.06
   12740.000     298.12
   12750.000     296.54
   12760.000     300.70
   12770.000     302.80
   12780.000     300.87
   12790.000     295.16
   12800.000     303.84
   12810.000     295.88
   12820.000     302.19
   12830.000     301.32
   12840.000     302.06
   12850.000     300.71
   12860.000     303.59
   12870.000     300.51
   12880.000     301.60
   12890.000     304.85
   12900.000     299.87
   12910.000     300.51
   12920.000     298.00
   12930.000     300.38
   12940.000     299.30
   12950.000     298.26
   12960.000     303.12
   12970.000     299.62
   12980.000     300.10
   12990.000     295.01
   13000.000     299.46
   13010.000     300.88
   13020.000     300.56
   13030.000     296.19
   13040.000     301.22
   13050.000     298.74
   13060.000     303.23
   13070.000     306.12
   13080.000     296.56
   13090.000     300.53
   13100.000     296.23
   13110.000     302.92
   13120.000     296.75
   13130.000     301.97
   13140.000     304.35
   13150.000     297.79
   13160.000     300.57
   13170.000     303.49
   13180.000     299.08
   13190.000     303.36
   13200.000     301.44
   13210.000     299.01
   13220.000     302.30
   13230.000     305.37
   13240.000     301.69
   13250.000     301.82
   13260.000     298.86
   13270.000     303.94
   13280.000     302.39
   13290.000     302.68
   13300.000     301.66
   13310.000     299.07
   13320.000     303.29
   13330.000     300.24
   13340.000     301.71
   13350.000     306.83
   13360.000     302.06
   13370.000     300.78
   13380.000     304.59
   13390.000     298.72
   13400.000     303.08
   13410.000     302.71
   13420.000     304.08
   13430.000     301.56
   13440.000     300.75
   13450.000     298.09
   13460.000     298.36
   13470.000     301.20
   13480.000     303.31
   13490.000     303.20
   13500.000     302.87
   13510.000     295.99
   13520.000     300.92
   13530.000     301.13
   13540.000     297.94
   13550.000     297.89
   13560.000     302.46
   13570.000     299.04
   13580.000     297.80
   13590.000     301.22
   13600.000     302.54
   13610.000     297.48
   13620.000     301.85
   13630.000     300.94
   13640.000     302.32
   13650.000     303.47
   13660.000     296.99
   13670.000     297.02
   13680.000     301.18
   13690.000     297.76
   13700.000     298.30
   13710.000     303.64
   13720.000     298.10
   13730.000     300.26
   13740.000     301.36
   13750.000     302.12
   13760.000     296.59
   13770.000     303.14
   13780.000     300.71
   13790.000     300.68
   13800.000     299.89
   13810.000     299.97
   13820.000     298.70
   13830.000     298.74
   13840.000     296.72
   13850.000     301.07
   13860.000     302.71
   13870.000     299.77
   13880.000     298.40
   13890.000     298.31
   13900.000     301.79
   13910.000     297.09
   13920.000     300.09
   13930.000     301.33
   13940.000     302.11
   13950.000     299.15
   13960.000     298.35
   13970.000     298.26
   13980.000     298.52
   13990.000     298.23
   14000.000     299.77
   14010.000     299.67
   14020.000     300.67
   14030.000     302.96
   14040.000     304.90
   14050.000     301.34
   14060.000     299.05
   14070.000     301.82
   14080.000     301.75
   14090.000     304.85
   14100.000     301.02
   14110.000     300.17
   14120.000     300.73
   14130.000     300.57
   14140.000     305.29
   14150.000     303.35
   14160.000     299.97
   14170.000     298.46
   14180.000     299.49
   14190.000     297.22
   14200.000     307.27
   14210.000     301.56
   14220.000     303.07
   14230.000     304.23
   14240.000     304.18
   14250.000     304.49
   14260.000     298.99
   14270.000     301.43
   14280.000     301.86
   14290.000     301.15
   14300.000     300.12
   14310.000     301.55
   14320.000     297.10
   14330.000     301.48
   14340.000     302.74
   14350.000     301.18
   14360.000     299.54
   14370.000     301.98
   14380.000     302.16
   14390.000     296.47
   14400.000     298.32
   14410.000     297.82
   14420.000     298.71
   14430.000     301.61
   14440.000     299.61
   14450.000     297.67
   14460.000     298.27
   14470.000     301.36
   14480.000     302.84
   14490.000     301.30
   14500.000     300.78
   14510.000     303.50
   14520.000     305.23
   14530.000     297.29
   14540.000     299.17
   14550.000     297.74
   14560.000     300.38
   14570.000     300.03
   14580.000     303.90
   14590.000     302.58
   14600.000     303.34
   14610.000     294.37
   14620.000     301.78
   14630.000     303.26
   14640.000     306.19
   14650.000     303.61
   14660.000     294.56
   14670.000     298.08
   14680.000     300.94
   14690.000     300.47
   14700.000     302.05
   14710.000     295.22
   14720.000     302.76
   14730.000     301.42
   14740.000     299.89
   14750.000     300.13
   14760.000     301.53
   14770.000     299.10
   14780.000     302.13
   14790.000     302.53
   14800.000     298.34
   14810.000     299.53
   14820.000     297.99
   14830.000     303.25
   14840.000     299.48
   14850.000     297.12
   14860.000     301.22
   14870.000     306.33
   14880.000     299.85
   14890.000     298.56
   14900.000     299.86
   14910.000     298.45
   14920.000     300.42
   14930.000     300.36
   14940.000     301.73
   14950.000     300.92
   14960.000     298.46
   14970.000     295.29
   14980.000     299.82
   14990.000     301.88
   15000.000     295.34
   15010.000     299.16
   15020.000     295.24
   15030.000     306.11
   15040.000     299.09
   15050.000     302.15
   15060.000     299.65
   15070.000     301.19
   15080.000     300.60
   15090.000     302.11
   15100.000     299.56
   15110.000     300.49
   15120.000     301.31
   15130.000     302.43
   15140.000     300.08
   15150.000     305.86
   15160.000     303.10
   15170.000     302.39
   15180.000     295.65
   15190.000     301.01
   15200.000     298.96
   15210.000     301.36
   15220.000     303.17
   15230.000     297.54
   15240.000     295.79
   15250.000     297.45
   15260.000     300.09
   15270.000     301.03
   15280.000     298.06
   15290.000     297.05
   15300.000     298.80
   15310.000     301.24
   15320.000     303.56
   15330.000     301.64
   15340.000     301.62
   15350.000     299.49
   15360.000     297.33
   15370.000     301.21
   15380.000     301.07
   15390.000     296.41
   15400.000     297.83
   15410.000     299.10
   15420.000     303.24
   15430.000     298.82
   15440.000     299.32
   15450.000     304.33
   15460.000     300.28
   15470.000     299.30
   15480.000     306.30
   15490.000     302.42
   15500.000     301.78
   15510.000     300.03
   15520.000     301.23
   15530.000     304.34
   15540.000     300.87
   15550.000     300.48
   15560.000     300.42
   15570.000     300.71
   15580.000     298.10
   15590.000     298.72
   15600.000     303.55
   15610.000     302.65
   15620.000     305.15
   15630.000     300.45
   15640.000     297.76
   15650.000     296.05
   15660.000     298.86
   15670.000     303.08
   15680.000     299.69
   15690.000     298.39
   15700.000     301.14
   15710.000     304.42
   15720.000     296.00
   15730.000     303.77
   15740.000     302.37
   15750.000     299.68
   15760.000     300.01
   15770.000     297.78
   15780.000     301.20
   15790.000     302.70
   15800.000     299.47
   15810.000     300.33
   15820.000     300.28
   15830.000     297.77
   15840.000     299.33
   15850.000     298.65
   15860.000     297.52
   15870.000     298.65
   15880.000     304.65
   15890.000     305.21
   15900.000     302.75
   15910.000     299.47
   15920.000     299.17
   15930.000     295.82
   15940.000     298.91
   15950.000     298.61
   15960.000     294.34
   15970.000     300.67
   15980.000     299.32
   15990.000     304.30
   16000.000     299.96
   16010.000     299.34
   16020.000     301.74
   16030.000     301.91
   16040.000     301.62
   16050.000     303.33
   16060.000     300.32
   16070.000     298.92
   16080.000     299.26
   16090.000     298.42
   16100.000     301.32
   16110.000     301.18
   16120.000     300.88
   16130.000     300.89
   16140.000     298.06
   16150.000     303.54
   16160.000     303.95
   16170.000     299.02
   16180.000     301.10
   16190.000     301.66
   16200.000     303.29
   16210.000     300.44
   16220.000     300.52
   16230.000     300.05
   16240.000     299.12
   16250.000     300.19
   16260.000     300.66
   16270.000     298.84
   16280.000     306.12
   16290.000     300.35
   16300.000     305.64
   16310.000     307.37
   16320.000     300.67
   16330.000     302.89
   16340.000     301.40
   16350.000     300.48
   16360.000     304.61
   16370.000     299.17
   16380.000     298.86
   16390.000     303.13
   16400.000     301.46
   16410.000     302.03
   16420.000     303.70
   16430.000     304.78
   16440.000     293.47
   16450.000     300.59
   16460.000     298.68
   16470.000     299.32
   16480.000     303.10
   16490.000     300.57
   16500.000     302.94
   16510.000     300.98
   16520.000     298.44
   16530.000     297.67
   16540.000     295.80
   16550.000     303.80
   16560.000     305.83
   16570.000     302.02
   16580.000     301.32
   16590.000     302.87
   16600.000     299.25
   16610.000     300.91
   16620.000     300.61
   16630.000     303.12
   16640.000     302.93
   16650.000     299.10
   16660.000     298.59
   16670.000     302.48
   16680.000     299.34
   16690.000     303.85
   16700.000     298.79
   16710.000     297.81
   16720.000     299.81
   16730.000     299.14
   16740.000     302.89
   16750.000     303.47
   16760.000     307.97
   16770.000     300.14
   16780.000     301.59
   16790.000     300.22
   16800.000     302.09
   16810.000     300.13
   16820.000     301.60
   16830.000     300.47
   16840.000     296.21
   16850.000     303.25
   16860.000     298.24
   16870.000     300.95
   16880.000     298.79
   16890.000     303.10
   16900.000     299.40
   16910.000     302.96
   16920.000     300.32
   16930.000     303.97
   16940.000     303.88
   16950.000     298.32
   16960.000     302.27
   16970.000     301.62
   16980.000     302.21
   16990.000     306.01
   17000.000     302.58
   17010.000     300.51
   17020.000     300.45
   17030.000     305.84
   17040.000     301.31
   17050.000     303.12
   17060.000     300.55
   17070.000     304.92
   17080.000     300.33
   17090.000     300.62
   17100.000     297.55
   17110.000     301.91
   17120.000     294.66
   17130.000     300.16
   17140.000     299.96
   17150.000     303.89
   17160.000     301.60
   17170.000     307.76
   17180.000     300.42
   17190.000     300.19
   17200.000     297.30
   17210.000     300.73
   17220.000     299.83
   17230.000     297.01
   17240.000     301.31
   17250.000     298.88
   17260.000     298.64
   17270.000     302.70
   17280.000     300.93
   17290.000     304.32
   17300.000     300.73
   17310.000     299.89
   17320.000     300.64
   17330.000     300.60
   17340.000     300.34
   17350.000     301.43
   17360.000     305.35
   17370.000     301.41
   17380.000     303.28
   17390.000     303.97
   17400.000     301.41
   17410.000     304.05
   17420.000     301.83
   17430.000     306.35
   17440.000     302.48
   17450.000     300.32
   17460.000     298.85
   17470.000     299.40
   17480.000     299.34
   17490.000     304.32
   17500.000     300.52
   17510.000     299.95
   17520.000     298.88
   17530.000     299.98
   17540.000     299.40
   17550.000     299.64
   17560.000     299.83
   17570.000     301.12
   17580.000     300.88
   17590.000     303.46
   17600.000     303.33
   17610.000     299.44
   17620.000     301.60
   17630.000     296.51
   17640.000     301.37
   17650.000     301.28
   17660.000     300.08
   17670.000     298.31
   17680.000     300.36
   17690.000     300.55
   17700.000     297.09
   17710.000     303.53
   17720.000     299.77
   17730.000     296.64
   17740.000     306.51
   17750.000     301.87
   17760.000     300.35
   17770.000     299.69
   17780.000     302.34
   17790.000     300.77
   17800.000     304.57
   17810.000     302.19
   17820.000     299.87
   17830.000     301.54
   17840.000     298.11
   17850.000     304.55
   17860.000     299.81
   17870.000     300.97
   17880.000     301.72
   17890.000     299.19
   17900.000     299.57
   17910.000     302.26
   17920.000     299.59
   17930.000     300.30
   17940.000     300.54
   17950.000     296.06
   17960.000     300.71
   17970.000     303.09
   17980.000     301.40
   17990.000     300.06
   18000.000     302.62
   18010.000     303.39
   18020.000     302.62
   18030.000     305.05
   18040.000     301.19
   18050.000     298.90
   18060.000     302.35
   18070.000     303.51
   18080.000     301.75
   18090.000     303.14
   18100.000     302.21
   18110.000     301.65
   18120.000     298.95
   18130.000     300.19
   18140.000     300.54
   18150.000     298.79
   18160.000     297.68
   18170.000     300.36
   18180.000     300.79
   18190.000     299.46
   18200.000     295.96
   18210.000     296.38
   18220.000     298.44
   18230.000     304.89
   18240.000     299.53
   18250.000     296.74
   18260.000     301.25
   18270.000     298.16
   18280.000     300.58
   18290.000     297.61
   18300.000     304.27
   18310.000     297.25
   18320.000     298.13
   18330.000     297.50
   18340.000     301.48
   18350.000     302.19
   18360.000     302.88
   18370.000     299.50
   18380.000     297.69
   18390.000     299.62
   18400.000     300.03
   18410.000     300.06
   18420.000     296.86
   18430.000     300.40
   18440.000     299.13
   18450.000     300.75
   18460.000     299.48
   18470.000     300.17
   18480.000     302.57
   18490.000     302.52
   18500.000     301.85
   18510.000     302.52
   18520.000     304.31
   18530.000     297.06
   18540.000     305.20
   18550.000     302.02
   18560.000     299.98
   18570.000     304.73
   18580.000     304.37
   18590.000     299.23
   18600.000     302.46
   18610.000     299.93
   18620.000     299.25
   18630.000     299.88
   18640.000     301.71
   18650.000     304.77
   18660.000     301.24
   18670.000     299.69
   18680.000     300.88
   18690.000     302.77
   18700.000     298.99
   18710.000     301.36
   18720.000     303.26
   18730.000     300.57
   18740.000     303.31
   18750.000     300.29
   18760.000     298.13
   18770.000     299.64
   18780.000     301.25
   18790.000     299.03
   18800.000     296.05
   18810.000     298.22
   18820.000     302.44
   18830.000     302.07
   18840.000     299.01
   18850.000     298.11
   18860.000     294.41
   18870.000     303.73
   18880.000     303.49
   18890.000     298.37
   18900.000     303.76
   18910.000     305.21
   18920.000     300.88
   18930.000     300.00
   18940.000     302.68
   18950.000     303.17
   18960.000     300.61
   18970.000     300.97
   18980.000     305.11
   18990.000     300.80
   19000.000     300.04
   19010.000     301.06
   19020.000     298.83
   19030.000     300.72
   19040.000     302.77
   19050.000     303.21
   19060.000     301.33
   19070.000     299.63
   19080.000     302.83
   19090.000     303.45
   19100.000     298.82
   19110.000     299.22
   19120.000     301.35
   19130.000     300.41
   19140.000     300.34
   19150.000     300.73
   19160.000     301.66
   19170.000     301.44
   19180.000     301.94
   19190.000     300.28
   19200.000     302.49
   19210.000     298.08
   19220.000     301.21
   19230.000     299.96
   19240.000     300.67
   19250.000     299.96
   19260.000     298.47
   19270.000     302.04
   19280.000     296.13
   19290.000     304.09
   19300.000     302.44
   19310.000     299.47
   19320.000     296.24
   19330.000     303.75
   19340.000     300.98
   19350.000     301.76
   19360.000     298.65
   19370.000     305.07
   19380.000     298.15
   19390.000     299.65
   19400.000     299.37
   19410.000     299.63
   19420.000     295.66
   19430.000     299.95
   19440.000     300.55
   19450.000     300.49
   19460.000     301.50
   19470.000     300.33
   19480.000     297.83
   19490.000     299.05
   19500.000     303.97
   19510.000     306.19
   19520.000     302.48
   19530.000     299.94
   19540.000     302.21
   19550.000     299.25
   19560.000     297.98
   19570.000     303.48
   19580.000     299.05
   19590.000     297.98
   19600.000     299.18
   19610.000     298.46
   19620.000     302.58
   19630.000     303.50
   19640.000     300.21
   19650.000     299.11
   19660.000     300.24
   19670.000     303.61
   19680.000     293.81
   19690.000     298.60
   19700.000     300.89
   19710.000     300.61
   19720.000     300.28
   19730.000     302.17
   19740.000     299.28
   19750.000     301.80
   19760.000     299.78
   19770.000     298.79
   19780.000     304.91
   19790.000     299.21
   19800.000     304.97
   19810.000     300.06
   19820.000     299.46
   19830.000     299.89
   19840.000     303.79
   19850.000     297.14
   19860.000     301.63
   19870.000     301.37
   19880.000     298.00
   19890.000     299.78
   19900.000     301.34
   19910.000     304.80
   19920.000     302.72
   19930.000     297.27
   19940.000     300.01
   19950.000     303.79
   19960.000     300.92
   19970.000     302.90
   19980.000     301.23
   19990.000     303.99
   20000.000     305.79
   20010.000     298.13
   20020.000     302.30
   20030.000     303.39
   20040.000     298.73
   20050.000     298.08
   20060.000     301.45
   20070.000     302.78
   20080.000     301.42
   20090.000     299.71
   20100.000     303.71
   20110.000     305.02
   20120.000     297.28
   20130.000     299.40
   20140.000     302.41
   20150.000     297.70
   20160.000     304.24
   20170.000     299.99
   20180.000     300.30
   20190.000     300.74
   20200.000     300.70
   20210.000     300.13
   20220.000     298.75
   20230.000     301.34
   20240.000     302.20
   20250.000     302.22
   20260.000     298.69
   20270.000     295.50
   20280.000     300.84
   20290.000     301.80
   20300.000     300.48
   20310.000     301.00
   20320.000     304.19
   20330.000     301.10
   20340.000     302.11
   20350.000     302.37
   20360.000     300.98
   20370.000     301.47
   20380.000     299.28
   20390.000     301.26
   20400.000     302.15
   20410.000     303.41
   20420.000     301.96
   20430.000     300.97
   20440.000     303.52
   20450.000     298.20
   20460.000     302.65
   20470.000     305.81
   20480.000     299.55
   20490.000     301.08
   20500.000     297.27
   20510.000     300.07
   20520.000     299.75
   20530.000     302.91
   20540.000     301.61
   20550.000     297.57
   20560.000     300.81
   20570.000     298.58
   20580.000     302.57
   20590.000     298.47
   20600.000     296.87
   20610.000     300.60
   20620.000     295.65
   20630.000     298.09
   20640.000     302.37
   20650.000     298.72
   20660.000     301.72
   20670.000     304.15
   20680.000     300.96
   20690.000     295.03
   20700.000     304.88
   20710.000     301.11
   20720.000     300.54
   20730.000     306.83
   20740.000     298.60
   20750.000     302.94
   20760.000     306.36
   20770.000     300.78
   20780.000     301.34
   20790.000     300.42
   20800.000     299.35
   20810.000     306.33
   20820.000     300.04
   20830.000     305.39
   20840.000     301.58
   20850.000     300.91
   20860.000     302.49
   20870.000     304.44
   20880.000     301.07
   20890.000     301.48
   20900.000     300.19
   20910.000     302.26
   20920.000     304.08
   20930.000     305.69
   20940.000     303.01
   20950.000     299.16
   20960.000     303.41
   20970.000     299.53
   20980.000     300.27
   20990.000     299.48
   21000.000     305.11
   21010.000     303.82
   21020.000     306.85
   21030.000     298.15
   21040.000     301.54
   21050.000     298.32
   21060.000     302.94
   21070.000     304.56
   21080.000     298.97
   21090.000     301.15
   21100.000     304.46
   21110.000     299.67
   21120.000     302.91
   21130.000     299.24
   21140.000     300.20
   21150.000     301.13
   21160.000     301.67
   21170.000     302.95
   21180.000     302.75
   21190.000     299.69
   21200.000     303.84
   21210.000     303.54
   21220.000     305.96
   21230.000     305.26
   21240.000     300.96
   21250.000     299.63
   21260.000     302.19
   21270.000     299.14
   21280.000     297.14
   21290.000     299.25
   21300.000     304.12
   21310.000     301.15
   21320.000     302.03
   21330.000     301.96
   21340.000     300.12
   21350.000     302.71
   21360.000     303.64
   21370.000     300.21
   21380.000     303.18
   21390.000     298.79
   21400.000     300.80
   21410.000     299.67
   21420.000     299.25
   21430.000     295.38
   21440.000     303.20
   21450.000     299.81
   21460.000     299.38
   21470.000     308.38
   21480.000     301.95
   21490.000     298.53
   21500.000     297.94
   21510.000     304.04
   21520.000     296.48
   21530.000     300.51
   21540.000     301.38
   21550.000     298.11
   21560.000     305.94
   21570.000     303.00
   21580.000     296.64
   21590.000     300.01
   21600.000     303.01
   21610.000     303.86
   21620.000     301.17
   21630.000     296.06
   21640.000     300.56
   21650.000     301.87
   21660.000     302.41
   21670.000     299.25
   21680.000     297.88
   21690.000     302.76
   21700.000     297.37
   21710.000     298.29
   21720.000     303.11
   21730.000     304.34
   21740.000     303.75
   21750.000     302.04
   21760.000     300.03
   21770.000     299.68
   21780.000     299.84
   21790.000     298.25
   21800.000     298.83
   21810.000     301.10
   21820.000     304.15
   21830.000     299.36
   21840.000     300.03
   21850.000     297.93
   21860.000     302.33
   21870.000     303.86
   21880.000     303.85
   21890.000     301.45
   21900.000     301.17
   21910.000     297.13
   21920.000     303.95
   21930.000     299.17
   21940.000     300.67
   21950.000     299.89
   21960.000     297.05
   21970.000     302.77
   21980.000     298.09
   21990.000     298.38
   22000.000     301.57
   22010.000     300.27
   22020.000     301.39
   22030.000     301.42
   22040.000     302.45
   22050.000     300.93
   22060.000     301.17
   22070.000     297.80
   22080.000     297.15
   22090.000     301.44
   22100.000     305.43
   22110.000     303.10
   22120.000     300.35
   22130.000     300.76
   22140.000     298.96
   22150.000     297.03
   22160.000     301.98
   22170.000     299.13
   22180.000     303.21
   22190.000     300.49
   22200.000     301.23
   22210.000     303.05
   22220.000     299.07
   22230.000     303.81
   22240.000     302.17
   22250.000     301.02
   22260.000     297.63
   22270.000     298.16
   22280.000     298.24
   22290.000     301.85
   22300.000     302.48
   22310.000     303.39
   22320.000     299.09
   22330.000     296.61
   22340.000     299.08
   22350.000     296.90
   22360.000     300.05
   22370.000     299.94
   22380.000     306.40
   22390.000     298.93
   22400.000     301.60
   22410.000     304.11
   22420.000     303.48
   22430.000     299.19
   22440.000     297.32
   22450.000     305.18
   22460.000     302.90
   22470.000     304.70
   22480.000     302.02
   22490.000     303.66
   22500.000     301.74
   22510.000     303.51
   22520.000     300.58
   22530.000     300.26
   22540.000     299.53
   22550.000     306.32
   22560.000     301.14
   22570.000     303.11
   22580.000     303.96
   22590.000     303.12
   22600.000     300.09
   22610.000     297.50
   22620.000     297.20
   22630.000     298.52
   22640.000     303.84
   22650.000     302.13
   22660.000     300.16
   22670.000     303.59
   22680.000     299.15
   22690.000     302.73
   22700.000     299.97
   22710.000     302.00
   22720.000     303.76
   22730.000     302.83
   22740.000     300.30
   22750.000     298.73
   22760.000     300.21
   22770.000     303.82
   22780.000     301.46
   22790.000     301.57
   22800.000     303.04
   22810.000     301.02
   22820.000     297.11
   22830.000     305.66
   22840.000     302.81
   22850.000     300.07
   22860.000     297.69
   22870.000     303.03
   22880.000     299.81
   22890.000     308.88
   22900.000     304.47
   22910.000     299.07
   22920.000     305.16
   22930.000     302.12
   22940.000     298.11
   22950.000     300.72
   22960.000     299.37
   22970.000     305.20
   22980.000     301.09
   22990.000     299.87
   23000.000     301.73
   23010.000     301.53
   23020.000     301.92
   23030.000     303.40
   23040.000     302.69
   23050.000     299.34
   23060.000     301.36
   23070.000     302.93
   23080.000     296.88
   23090.000     300.57
   23100.000     298.38
   23110.000     296.51
   23120.000     296.16
   23130.000     303.40
   23140.000     296.45
   23150.000     295.21
   23160.000     297.20
   23170.000     303.13
   23180.000     300.04
   23190.000     300.46
   23200.000     297.96
   23210.000     301.01
   23220.000     300.92
   23230.000     296.77
   23240.000     304.38
   23250.000     302.48
   23260.000     299.86
   23270.000     299.54
   23280.000     297.38
   23290.000     304.70
   23300.000     301.21
   23310.000     299.71
   23320.000     300.59
   23330.000     300.76
   23340.000     299.89
   23350.000     303.45
   23360.000     307.19
   23370.000     302.42
   23380.000     301.74
   23390.000     299.55
   23400.000     301.51
   23410.000     306.24
   23420.000     301.65
   23430.000     297.74
   23440.000     301.33
   23450.000     299.09
   23460.000     303.23
   23470.000     299.88
   23480.000     299.45
   23490.000     298.77
   23500.000     296.44
   23510.000     304.14
   23520.000     306.77
   23530.000     300.65
   23540.000     303.91
   23550.000     299.19
   23560.000     300.37
   23570.000     303.53
   23580.000     295.59
   23590.000     297.36
   23600.000     300.16
   23610.000     300.42
   23620.000     298.82
   23630.000     301.70
   23640.000     303.21
   23650.000     303.68
   23660.000     302.84
   23670.000     304.84
   23680.000     297.46
   23690.000     298.08
   23700.000     304.04
   23710.000     304.86
   23720.000     300.81
   23730.000     298.75
   23740.000     299.82
   23750.000     299.52
   23760.000     303.57
   23770.000     301.36
   23780.000     299.64
   23790.000     299.81
   23800.000     299.47
   23810.000     302.92
   23820.000     299.17
   23830.000     303.84
   23840.000     302.67
   23850.000     302.64
   23860.000     305.40
   23870.000     300.50
   23880.000     298.42
   23890.000     301.87
   23900.000     302.88
   23910.000     305.42
   23920.000     299.99
   23930.000     302.33
   23940.000     299.87
   23950.000     303.20
   23960.000     298.97
   23970.000     297.99
   23980.000     296.40
   23990.000     300.25
   24000.000     303.33
   24010.000     303.73
   24020.000     298.40
   24030.000     302.07
   24040.000     300.05
   24050.000     301.66
   24060.000     300.63
   24070.000     300.10
   24080.000     306.57
   24090.000     304.16
   24100.000     303.71
   24110.000     304.50
   24120.000     300.09
   24130.000     298.91
   24140.000     303.86
   24150.000     299.29
   24160.000     296.25
   24170.000     301.38
   24180.000     302.18
   24190.000     301.90
   24200.000     299.41
   24210.000     299.59
   24220.000     301.90
   24230.000     297.17
   24240.000     301.12
   24250.000     299.18
   24260.000     301.12
   24270.000     302.06
   24280.000     296.52
   24290.000     304.04
   24300.000     300.49
   24310.000     298.43
   24320.000     301.42
   24330.000     302.04
   24340.000     299.53
   24350.000     302.86
   24360.000     305.60
   24370.000     306.92
   24380.000     300.28
   24390.000     300.99
   24400.000     302.25
   24410.000     301.92
   24420.000     298.76
   24430.000     302.51
   24440.000     300.89
   24450.000     305.19
   24460.000     300.96
   24470.000     300.18
   24480.000     298.07
   24490.000     299.63
   24500.000     300.30
   24510.000     304.10
   24520.000     297.43
   24530.000     297.46
   24540.000     302.77
   24550.000     305.01
   24560.000     300.56
   24570.000     293.90
   24580.000     299.20
   24590.000     300.53
   24600.000     298.80
   24610.000     301.41
   24620.000     301.86
   24630.000     298.44
   24640.000     300.38
   24650.000     296.48
   24660.000     301.10
   24670.000     305.33
   24680.000     304.15
   24690.000     306.37
   24700.000     297.84
   24710.000     302.97
   24720.000     299.51
   24730.000     302.20
   24740.000     295.14
   24750.000     298.12
   24760.000     296.91
   24770.000     300.48
   24780.000     299.60
   24790.000     303.27
   24800.000     301.17
   24810.000     301.56
   24820.000     301.89
   24830.000     293.19
   24840.000     299.63
   24850.000     299.52
   24860.000     300.19
   24870.000     298.87
   24880.000     303.58
   24890.000     299.24
   24900.000     300.13
   24910.000     301.05
   24920.000     301.47
   24930.000     300.81
   24940.000     302.68
   24950.000     301.52
   24960.000     300.16
   24970.000     301.28
   24980.000     305.29
   24990.000     302.78
   25000.000     300.91
   25010.000     301.97
   25020.000     304.99
   25030.000     300.77
   25040.000     299.85
   25050.000     303.24
   25060.000     301.75
   25070.000     304.63
   25080.000     303.47
   25090.000     301.90
   25100.000     301.19
   25110.000     304.03
   25120.000     299.61
   25130.000     300.49
   25140.000     300.97
   25150.000     304.02
   25160.000     299.59
   25170.000     297.30
   25180.000     302.44
   25190.000     303.73
   25200.000     301.23
   25210.000     303.36
   25220.000     299.71
   25230.000     304.69
   25240.000     298.03
   25250.000     300.47
   25260.000     300.81
   25270.000     300.74
   25280.000     298.51
   25290.000     308.26
   25300.000     303.11
   25310.000     303.85
   25320.000     298.10
   25330.000     303.19
   25340.000     298.68
   25350.000     302.74
   25360.000     300.37
   25370.000     302.44
   25380.000     301.27
   25390.000     299.53
   25400.000     305.68
   25410.000     300.80
   25420.000     300.34
   25430.000     299.62
   25440.000     301.24
   25450.000     304.35
   25460.000     302.38
   25470.000     301.94
   25480.000     302.56
   25490.000     298.80
   25500.000     300.14
   25510.000     299.47
   25520.000     300.15
   25530.000     299.39
   25540.000     298.74
   25550.000     303.67
   25560.000     304.51
   25570.000     300.87
   25580.000     300.56
   25590.000     300.38
   25600.000     304.02
   25610.000     301.02
   25620.000     302.42
   25630.000     302.42
   25640.000     300.97
   25650.000     299.03
   25660.000     306.36
   25670.000     304.67
   25680.000     300.96
   25690.000     301.99
   25700.000     301.23
   25710.000     303.12
   25720.000     303.21
   25730.000     299.04
   25740.000     303.30
   25750.000     302.80
   25760.000     300.59
   25770.000     298.19
   25780.000     304.76
   25790.000     299.52
   25800.000     300.99
   25810.000     304.81
   25820.000     300.08
   25830.000     305.16
   25840.000     299.88
   25850.000     302.91
   25860.000     298.67
   25870.000     300.27
   25880.000     302.43
   25890.000     300.71
   25900.000     300.93
   25910.000     299.72
   25920.000     299.54
   25930.000     303.81
   25940.000     297.65
   25950.000     303.67
   25960.000     298.17
   25970.000     296.24
   25980.000     303.86
   25990.000     299.45
   26000.000     298.46
   26010.000     293.73
   26020.000     301.65
   26030.000     300.04
   26040.000     299.01
   26050.000     298.19
   26060.000     300.91
   26070.000     303.64
   26080.000     297.30
   26090.000     304.06
   26100.000     297.58
   26110.000     299.22
   26120.000     300.77
   26130.000     297.48
   26140.000     300.81
   26150.000     298.60
   26160.000     302.41
   26170.000     302.71
   26180.000     302.25
   26190.000     296.50
   26200.000     298.34
   26210.000     301.01
   26220.000     302.56
   26230.000     301.54
   26240.000     299.99
   26250.000     297.92
   26260.000     303.65
   26270.000     301.57
   26280.000     301.02
   26290.000     302.15
   26300.000     298.76
   26310.000     303.50
   26320.000     301.65
   26330.000     298.91
   26340.000     300.61
   26350.000     300.89
   26360.000     305.98
   26370.000     303.15
   26380.000     299.44
   26390.000     299.79
   26400.000     299.98
   26410.000     303.97
   26420.000     302.05
   26430.000     303.52
   26440.000     304.45
   26450.000     303.03
   26460.000     298.80
   26470.000     306.01
   26480.000     303.50
   26490.000     299.18
   26500.000     303.24
   26510.000     294.96
   26520.000     297.08
   26530.000     302.78
   26540.000     304.91
   26550.000     300.95
   26560.000     301.99
   26570.000     303.34
   26580.000     298.67
   26590.000     303.66
   26600.000     301.59
   26610.000     301.90
   26620.000     304.28
   26630.000     300.69
   26640.000     301.82
   26650.000     303.12
   26660.000     305.17
   26670.000     300.93
   26680.000     296.47
   26690.000     297.69
   26700.000     301.84
   26710.000     300.33
   26720.000     301.18
   26730.000     300.02
   26740.000     299.51
   26750.000     303.02
   26760.000     300.64
   26770.000     304.72
   26780.000     302.13
   26790.000     301.77
   26800.000     296.79
   26810.000     299.57
   26820.000     299.93
   26830.000     302.41
   26840.000     297.83
   26850.000     301.78
   26860.000     298.97
   26870.000     302.93
   26880.000     300.98
   26890.000     302.36
   26900.000     297.91
   26910.000     304.28
   26920.000     301.10
   26930.000     300.40
   26940.000     305.92
   26950.000     305.39
   26960.000     299.60
   26970.000     304.65
   26980.000     302.52
   26990.000     307.37
   27000.000     305.41
   27010.000     302.26
   27020.000     299.78
   27030.000     301.56
   27040.000     298.48
   27050.000     298.89
   27060.000     301.13
   27070.000     301.34
   27080.000     303.81
   27090.000     302.15
   27100.000     302.62
   27110.000     302.57
   27120.000     299.08
   27130.000     302.73
   27140.000     300.50
   27150.000     300.30
   27160.000     299.08
   27170.000     301.50
   27180.000     302.25
   27190.000     302.87
   27200.000     297.92
   27210.000     299.81
   27220.000     305.22
   27230.000     299.30
   27240.000     299.34
   27250.000     302.19
   27260.000     300.31
   27270.000     305.51
   27280.000     298.66
   27290.000     301.64
   27300.000     294.66
   27310.000     306.30
   27320.000     299.66
   27330.000     303.43
   27340.000     303.06
   27350.000     299.17
   27360.000     299.92
   27370.000     299.57
   27380.000     304.03
   27390.000     299.84
   27400.000     300.10
   27410.000     302.68
   27420.000     305.42
   27430.000     296.80
   27440.000     302.37
   27450.000     304.60
   27460.000     298.19
   27470.000     299.82
   27480.000     298.84
   27490.000     297.00
   27500.000     296.05
   27510.000     303.11
   27520.000     300.12
   27530.000     301.15
   27540.000     302.37
   27550.000     301.02
   27560.000     298.82
   27570.000     300.09
   27580.000     303.18
   27590.000     300.57
   27600.000     300.16
   27610.000     303.78
   27620.000     300.27
   27630.000     306.63
   27640.000     300.64
   27650.000     298.19
   27660.000     299.37
   27670.000     301.45
   27680.000     302.74
   27690.000     302.08
   27700.000     301.97
   27710.000     299.42
   27720.000     301.46
   27730.000     303.21
   27740.000     301.36
   27750.000     305.76
   27760.000     298.37
   27770.000     299.95
   27780.000     298.69
   27790.000     300.41
   27800.000     298.90
   27810.000     301.94
   27820.000     300.69
   27830.000     302.42
   27840.000     302.12
   27850.000     301.28
   27860.000     301.59
   27870.000     298.73
   27880.000     304.85
   27890.000     304.76
   27900.000     301.56
   27910.000     301.18
   27920.000     303.27
   27930.000     302.95
   27940.000     296.02
   27950.000     298.67
   27960.000     300.27
   27970.000     298.68
   27980.000     298.63
   27990.000     302.27
   28000.000     300.55
   28010.000     300.60
   28020.000     299.26
   28030.000     301.30
   28040.000     304.33
   28050.000     301.25
   28060.000     297.12
   28070.000     300.89
   28080.000     303.19
   28090.000     298.71
   28100.000     298.29
   28110.000     300.54
   28120.000     299.36
   28130.000     298.09
   28140.000     300.77
   28150.000     299.92
   28160.000     300.13
   28170.000     297.02
   28180.000     302.14
   28190.000     302.96
   28200.000     298.01
   28210.000     299.60
   28220.000     299.33
   28230.000     302.59
   28240.000     304.43
   28250.000     299.81
   28260.000     302.28
   28270.000     299.08
   28280.000     302.79
   28290.000     300.76
   28300.000     300.47
   28310.000     305.43
   28320.000     301.95
   28330.000     299.80
   28340.000     298.48
   28350.000     301.35
   28360.000     302.70
   28370.000     302.49
   28380.000     298.46
   28390.000     299.12
   28400.000     298.24
   28410.000     299.98
   28420.000     298.37
   28430.000     302.15
   28440.000     305.37
   28450.000     297.85
   28460.000     301.55
   28470.000     302.38
   28480.000     304.08
   28490.000     300.39
   28500.000     300.80
   28510.000     298.59
   28520.000     299.15
   28530.000     301.64
   28540.000     301.32
   28550.000     301.34
   28560.000     301.21
   28570.000     301.69
   28580.000     299.95
   28590.000     299.11
   28600.000     301.29
   28610.000     302.43
   28620.000     302.07
   28630.000     301.94
   28640.000     303.40
   28650.000     298.35
   28660.000     303.69
   28670.000     301.68
   28680.000     302.27
   28690.000     298.52
   28700.000     302.91
   28710.000     303.21
   28720.000     302.72
   28730.000     301.30
   28740.000     301.60
   28750.000     303.66
   28760.000     303.10
   28770.000     301.88
   28780.000     298.81
   28790.000     302.31
   28800.000     304.75
   28810.000     300.88
   28820.000     301.05
   28830.000     301.66
   28840.000     299.84
   28850.000     302.02
   28860.000     301.78
   28870.000     302.94
   28880.000     300.67
   28890.000     297.17
   28900.000     301.27
   28910.000     298.19
   28920.000     302.81
   28930.000     298.27
   28940.000     298.03
   28950.000     299.04
   28960.000     299.72
   28970.000     305.51
   28980.000     303.56
   28990.000     298.07
   29000.000     302.96
   29010.000     297.17
   29020.000     304.74
   29030.000     303.32
   29040.000     301.13
   29050.000     301.24
   29060.000     302.51
   29070.000     302.71
   29080.000     303.72
   29090.000     297.85
   29100.000     304.36
   29110.000     304.89
   29120.000     297.45
   29130.000     302.79
   29140.000     302.21
   29150.000     302.94
   29160.000     300.82
   29170.000     301.40
   29180.000     294.94
   29190.000     298.70
   29200.000     300.75
   29210.000     303.72
   29220.000     300.36
   29230.000     303.93
