  
       0.000  
      10.000  
      20.000  
      30.000  
      40.000  
      50.000  
      60.000  
      70.000  
      80.000  
      90.000  
     100.000  
     110.000  
     120.000  
     130.000  
     140.000  
     150.000  
     160.000  
     170.000  
     180.000  
     190.000  
     200.000  
     210.000  
     220.000  
     230.000  
     240.000  
     250.000  
     260.000  
     270.000  
     280.000  
     290.000  
     300.000  
     310.000  
     320.000  
     330.000  
     340.000  
     350.000  
     360.000  
     370.000  
     380.000  
     390.000  
     400.000  
     410.000  
     420.000  
     430.000  
     440.000  
     450.000  
     460.000  
     470.000  
     480.000  
     490.000  
     500.000  
     510.000  
     520.000  
     530.000  
     540.000  
     550.000  
     560.000  
     570.000  
     580.000  
     590.000  
     600.000  
     610.000  
     620.000  
     630.000  
     640.000  
     650.000  
     660.000  
     670.000  
     680.000  
     690.000  
     700.000  
     710.000  
     720.000  
     730.000  
     740.000  
     750.000  
     760.000  
     770.000  
     780.000  
     790.000  
     800.000  
     810.000  
     820.000  
     830.000  
     840.000  
     850.000  
     860.000  
     870.000  
     880.000  
     890.000  
     900.000  
     910.000  
     920.000  
     930.000  
     940.000  
     950.000  
     960.000  
     970.000  
     980.000  
     990.000  
    1000.000  
    1010.000  
    1020.000  
    1030.000  
    1040.000  
    1050.000  
    1060.000  
    1070.000  
    1080.000  
    1090.000  
    1100.000  
    1110.000  
    1120.000  
    1130.000  
    1140.000  
    1150.000  
    1160.000  
    1170.000  
    1180.000  
    1190.000  
    1200.000  
    1210.000  
    1220.000  
    1230.000  
    1240.000  
    1250.000  
    1260.000  
    1270.000  
    1280.000  
    1290.000  
    1300.000  
    1310.000  
    1320.000  
    1330.000  
    1340.000  
    1350.000  
    1360.000  
    1370.000  
    1380.000  
    1390.000  
    1400.000  
    1410.000  
    1420.000  
    1430.000  
    1440.000  
    1450.000  
    1460.000  
    1470.000  
    1480.000  
    1490.000  
    1500.000  
    1510.000  
    1520.000  
    1530.000  
    1540.000  
    1550.000  
    1560.000  
    1570.000  
    1580.000  
    1590.000  
    1600.000  
    1610.000  
    1620.000  
    1630.000  
    1640.000  
    1650.000  
    1660.000  
    1670.000  
    1680.000  
    1690.000  
    1700.000  
    1710.000  
    1720.000  
    1730.000  
    1740.000  
    1750.000  
    1760.000  
    1770.000  
    1780.000  
    1790.000  
    1800.000  
    1810.000  
    1820.000  
    1830.000  
    1840.000  
    1850.000  
    1860.000  
    1870.000  
    1880.000  
    1890.000  
    1900.000  
    1910.000  
    1920.000  
    1930.000  
    1940.000  
    1950.000  
    1960.000  
    1970.000  
    1980.000  
    1990.000  
    2000.000  
    2010.000  
    2020.000  
    2030.000  
    2040.000  
    2050.000  
    2060.000  
    2070.000  
    2080.000  
    2090.000  
    2100.000  
    2110.000  
    2120.000  
    2130.000  
    2140.000  
    2150.000  
    2160.000  
    2170.000  
    2180.000  
    2190.000  
    2200.000  
    2210.000  
    2220.000  
    2230.000  
    2240.000  
    2250.000  
    2260.000  
    2270.000  
    2280.000  
    2290.000  
    2300.000  
    2310.000  
    2320.000  
    2330.000  
    2340.000  
    2350.000  
    2360.000  
    2370.000  
    2380.000  
    2390.000  
    2400.000  
    2410.000  
    2420.000  
    2430.000  
    2440.000  
    2450.000  
    2460.000  
    2470.000  
    2480.000  
    2490.000  
    2500.000  
    2510.000  
    2520.000  
    2530.000  
    2540.000  
    2550.000  
    2560.000  
    2570.000  
    2580.000  
    2590.000  
    2600.000  
    2610.000  
    2620.000  
    2630.000  
    2640.000  
    2650.000  
    2660.000  
    2670.000  
    2680.000  
    2690.000  
    2700.000  
    2710.000  
    2720.000  
    2730.000  
    2740.000  
    2750.000  
    2760.000  
    2770.000  
    2780.000  
    2790.000  
    2800.000  
    2810.000  
    2820.000  
    2830.000  
    2840.000  
    2850.000  
    2860.000  
    2870.000  
    2880.000  
    2890.000  
    2900.000  
    2910.000  
    2920.000  
    2930.000  
    2940.000  
    2950.000  
    2960.000  
    2970.000  
    2980.000  
    2990.000  
    3000.000  
    3010.000  
    3020.000  
    3030.000  
    3040.000  
    3050.000  
    3060.000  
    3070.000  
    3080.000  
    3090.000  
    3100.000  
    3110.000  
    3120.000  
    3130.000  
    3140.000  
    3150.000  
    3160.000  
    3170.000  
    3180.000  
    3190.000  
    3200.000  
    3210.000  
    3220.000  
    3230.000  
    3240.000  
    3250.000  
    3260.000  
    3270.000  
    3280.000  
    3290.000  
    3300.000  
    3310.000  
    3320.000  
    3330.000  
    3340.000  
    3350.000  
    3360.000  
    3370.000  
    3380.000  
    3390.000  
    3400.000  
    3410.000  
    3420.000  
    3430.000  
    3440.000  
    3450.000  
    3460.000  
    3470.000  
    3480.000  
    3490.000  
    3500.000  
    3510.000  
    3520.000  
    3530.000  
    3540.000  
    3550.000  
    3560.000  
    3570.000  
    3580.000  
    3590.000  
    3600.000  
    3610.000  
    3620.000  
    3630.000  
    3640.000  
    3650.000  
    3660.000  
    3670.000  
    3680.000  
    3690.000  
    3700.000  
    3710.000  
    3720.000  
    3730.000  
    3740.000  
    3750.000  
    3760.000  
    3770.000  
    3780.000  
    3790.000  
    3800.000  
    3810.000  
    3820.000  
    3830.000  
    3840.000  
    3850.000  
    3860.000  
    3870.000  
    3880.000  
    3890.000  
    3900.000  
    3910.000  
    3920.000  
    3930.000  
    3940.000  
    3950.000  
    3960.000  
    3970.000  
    3980.000  
    3990.000  
    4000.000  
    4010.000  
    4020.000  
    4030.000  
    4040.000  
    4050.000  
    4060.000  
    4070.000  
    4080.000  
    4090.000  
    4100.000  
    4110.000  
    4120.000  
    4130.000  
    4140.000  
    4150.000  
    4160.000  
    4170.000  
    4180.000  
    4190.000  
    4200.000  
    4210.000  
    4220.000  
    4230.000  
    4240.000  
    4250.000  
    4260.000  
    4270.000  
    4280.000  
    4290.000  
    4300.000  
    4310.000  
    4320.000  
    4330.000  
    4340.000  
    4350.000  
    4360.000  
    4370.000  
    4380.000  
    4390.000  
    4400.000  
    4410.000  
    4420.000  
    4430.000  
    4440.000  
    4450.000  
    4460.000  
    4470.000  
    4480.000  
    4490.000  
    4500.000  
    4510.000  
    4520.000  
    4530.000  
    4540.000  
    4550.000  
    4560.000  
    4570.000  
    4580.000  
    4590.000  
    4600.000  
    4610.000  
    4620.000  
    4630.000  
    4640.000  
    4650.000  
    4660.000  
    4670.000  
    4680.000  
    4690.000  
    4700.000  
    4710.000  
    4720.000  
    4730.000  
    4740.000  
    4750.000  
    4760.000  
    4770.000  
    4780.000  
    4790.000  
    4800.000  
    4810.000  
    4820.000  
    4830.000  
    4840.000  
    4850.000  
    4860.000  
    4870.000  
    4880.000  
    4890.000  
    4900.000  
    4910.000  
    4920.000  
    4930.000  
    4940.000  
    4950.000  
    4960.000  
    4970.000  
    4980.000  
    4990.000  
    5000.000  
    5010.000  
    5020.000  
    5030.000  
    5040.000  
    5050.000  
    5060.000  
    5070.000  
    5080.000  
    5090.000  
    5100.000  
    5110.000  
    5120.000  
    5130.000  
    5140.000  
    5150.000  
    5160.000  
    5170.000  
    5180.000  
    5190.000  
    5200.000  
    5210.000  
    5220.000  
    5230.000  
    5240.000  
    5250.000  
    5260.000  
    5270.000  
    5280.000  
    5290.000  
    5300.000  
    5310.000  
    5320.000  
    5330.000  
    5340.000  
    5350.000  
    5360.000  
    5370.000  
    5380.000  
    5390.000  
    5400.000  
    5410.000  
    5420.000  
    5430.000  
    5440.000  
    5450.000  
    5460.000  
    5470.000  
    5480.000  
    5490.000  
    5500.000  
    5510.000  
    5520.000  
    5530.000  
    5540.000  
    5550.000  
    5560.000  
    5570.000  
    5580.000  
    5590.000  
    5600.000  
    5610.000  
    5620.000  
    5630.000  
    5640.000  
    5650.000  
    5660.000  
    5670.000  
    5680.000  
    5690.000  
    5700.000  
    5710.000  
    5720.000  
    5730.000  
    5740.000  
    5750.000  
    5760.000  
    5770.000  
    5780.000  
    5790.000  
    5800.000  
    5810.000  
    5820.000  
    5830.000  
    5840.000  
    5850.000  
    5860.000  
    5870.000  
    5880.000  
    5890.000  
    5900.000  
    5910.000  
    5920.000  
    5930.000  
    5940.000  
    5950.000  
    5960.000  
    5970.000  
    5980.000  
    5990.000  
    6000.000  
    6010.000  
    6020.000  
    6030.000  
    6040.000  
    6050.000  
    6060.000  
    6070.000  
    6080.000  
    6090.000  
    6100.000  
    6110.000  
    6120.000  
    6130.000  
    6140.000  
    6150.000  
    6160.000  
    6170.000  
    6180.000  
    6190.000  
    6200.000  
    6210.000  
    6220.000  
    6230.000  
    6240.000  
    6250.000  
    6260.000  
    6270.000  
    6280.000  
    6290.000  
    6300.000  
    6310.000  
    6320.000  
    6330.000  
    6340.000  
    6350.000  
    6360.000  
    6370.000  
    6380.000  
    6390.000  
    6400.000  
    6410.000  
    6420.000  
    6430.000  
    6440.000  
    6450.000  
    6460.000  
    6470.000  
    6480.000  
    6490.000  
    6500.000  
    6510.000  
    6520.000  
    6530.000  
    6540.000  
    6550.000  
    6560.000  
    6570.000  
    6580.000  
    6590.000  
    6600.000  
    6610.000  
    6620.000  
    6630.000  
    6640.000  
    6650.000  
    6660.000  
    6670.000  
    6680.000  
    6690.000  
    6700.000  
    6710.000  
    6720.000  
    6730.000  
    6740.000  
    6750.000  
    6760.000  
    6770.000  
    6780.000  
    6790.000  
    6800.000  
    6810.000  
    6820.000  
    6830.000  
    6840.000  
    6850.000  
    6860.000  
    6870.000  
    6880.000  
    6890.000  
    6900.000  
    6910.000  
    6920.000  
    6930.000  
    6940.000  
    6950.000  
    6960.000  
    6970.000  
    6980.000  
    6990.000  
    7000.000  
    7010.000  
    7020.000  
    7030.000  
    7040.000  
    7050.000  
    7060.000  
    7070.000  
    7080.000  
    7090.000  
    7100.000  
    7110.000  
    7120.000  
    7130.000  
    7140.000  
    7150.000  
    7160.000  
    7170.000  
    7180.000  
    7190.000  
    7200.000  
    7210.000  
    7220.000  
    7230.000  
    7240.000  
    7250.000  
    7260.000  
    7270.000  
    7280.000  
    7290.000  
    7300.000  
    7310.000  
    7320.000  
    7330.000  
    7340.000  
    7350.000  
    7360.000  
    7370.000  
    7380.000  
    7390.000  
    7400.000  
    7410.000  
    7420.000  
    7430.000  
    7440.000  
    7450.000  
    7460.000  
    7470.000  
    7480.000  
    7490.000  
    7500.000  
    7510.000  
    7520.000  
    7530.000  
    7540.000  
    7550.000  
    7560.000  
    7570.000  
    7580.000  
    7590.000  
    7600.000  
    7610.000  
    7620.000  
    7630.000  
    7640.000  
    7650.000  
    7660.000  
    7670.000  
    7680.000  
    7690.000  
    7700.000  
    7710.000  
    7720.000  
    7730.000  
    7740.000  
    7750.000  
    7760.000  
    7770.000  
    7780.000  
    7790.000  
    7800.000  
    7810.000  
    7820.000  
    7830.000  
    7840.000  
    7850.000  
    7860.000  
    7870.000  
    7880.000  
    7890.000  
    7900.000  
    7910.000  
    7920.000  
    7930.000  
    7940.000  
    7950.000  
    7960.000  
    7970.000  
    7980.000  
    7990.000  
    8000.000  
    8010.000  
    8020.000  
    8030.000  
    8040.000  
    8050.000  
    8060.000  
    8070.000  
    8080.000  
    8090.000  
    8100.000  
    8110.000  
    8120.000  
    8130.000  
    8140.000  
    8150.000  
    8160.000  
    8170.000  
    8180.000  
    8190.000  
    8200.000  
    8210.000  
    8220.000  
    8230.000  
    8240.000  
    8250.000  
    8260.000  
    8270.000  
    8280.000  
    8290.000  
    8300.000  
    8310.000  
    8320.000  
    8330.000  
    8340.000  
    8350.000  
    8360.000  
    8370.000  
    8380.000  
    8390.000  
    8400.000  
    8410.000  
    8420.000  
    8430.000  
    8440.000  
    8450.000  
    8460.000  
    8470.000  
    8480.000  
    8490.000  
    8500.000  
    8510.000  
    8520.000  
    8530.000  
    8540.000  
    8550.000  
    8560.000  
    8570.000  
    8580.000  
    8590.000  
    8600.000  
    8610.000  
    8620.000  
    8630.000  
    8640.000  
    8650.000  
    8660.000  
    8670.000  
    8680.000  
    8690.000  
    8700.000  
    8710.000  
    8720.000  
    8730.000  
    8740.000  
    8750.000  
    8760.000  
    8770.000  
    8780.000  
    8790.000  
    8800.000  
    8810.000  
    8820.000  
    8830.000  
    8840.000  
    8850.000  
    8860.000  
    8870.000  
    8880.000  
    8890.000  
    8900.000  
    8910.000  
    8920.000  
    8930.000  
    8940.000  
    8950.000  
    8960.000  
    8970.000  
    8980.000  
    8990.000  
    9000.000  
    9010.000  
    9020.000  
    9030.000  
    9040.000  
    9050.000  
    9060.000  
    9070.000  
    9080.000  
    9090.000  
    9100.000  
    9110.000  
    9120.000  
    9130.000  
    9140.000  
    9150.000  
    9160.000  
    9170.000  
    9180.000  
    9190.000  
    9200.000  
    9210.000  
    9220.000  
    9230.000  
    9240.000  
    9250.000  
    9260.000  
    9270.000  
    9280.000  
    9290.000  
    9300.000  
    9310.000  
    9320.000  
    9330.000  
    9340.000  
    9350.000  
    9360.000  
    9370.000  
    9380.000  
    9390.000  
    9400.000  
    9410.000  
    9420.000  
    9430.000  
    9440.000  
    9450.000  
    9460.000  
    9470.000  
    9480.000  
    9490.000  
    9500.000  
    9510.000  
    9520.000  
    9530.000  
    9540.000  
    9550.000  
    9560.000  
    9570.000  
    9580.000  
    9590.000  
    9600.000  
    9610.000  
    9620.000  
    9630.000  
    9640.000  
    9650.000  
    9660.000  
    9670.000  
    9680.000  
    9690.000  
    9700.000  
    9710.000  
    9720.000  
    9730.000  
    9740.000  
    9750.000  
    9760.000  
    9770.000  
    9780.000  
    9790.000  
    9800.000  
    9810.000  
    9820.000  
    9830.000  
    9840.000  
    9850.000  
    9860.000  
    9870.000  
    9880.000  
    9890.000  
    9900.000  
    9910.000  
    9920.000  
    9930.000  
    9940.000  
    9950.000  
    9960.000  
    9970.000  
    9980.000  
    9990.000  
   10000.000  
   10010.000  
   10020.000  
   10030.000  
   10040.000  
   10050.000  
   10060.000  
   10070.000  
   10080.000  
   10090.000  
   10100.000  
   10110.000  
   10120.000  
   10130.000  
   10140.000  
   10150.000  
   10160.000  
   10170.000  
   10180.000  
   10190.000  
   10200.000  
   10210.000  
   10220.000  
   10230.000  
   10240.000  
   10250.000  
   10260.000  
   10270.000  
   10280.000  
   10290.000  
   10300.000  
   10310.000  
   10320.000  
   10330.000  
   10340.000  
   10350.000  
   10360.000  
   10370.000  
   10380.000  
   10390.000  
   10400.000  
   10410.000  
   10420.000  
   10430.000  
   10440.000  
   10450.000  
   10460.000  
   10470.000  
   10480.000  
   10490.000  
   10500.000  
   10510.000  
   10520.000  
   10530.000  
   10540.000  
   10550.000  
   10560.000  
   10570.000  
   10580.000  
   10590.000  
   10600.000  
   10610.000  
   10620.000  
   10630.000  
   10640.000  
   10650.000  
   10660.000  
   10670.000  
   10680.000  
   10690.000  
   10700.000  
   10710.000  
   10720.000  
   10730.000  
   10740.000  
   10750.000  
   10760.000  
   10770.000  
   10780.000  
   10790.000  
   10800.000  
   10810.000  
   10820.000  
   10830.000  
   10840.000  
   10850.000  
   10860.000  
   10870.000  
   10880.000  
   10890.000  
   10900.000  
   10910.000  
   10920.000  
   10930.000  
   10940.000  
   10950.000  
   10960.000  
   10970.000  
   10980.000  
   10990.000  
   11000.000  
   11010.000  
   11020.000  
   11030.000  
   11040.000  
   11050.000  
   11060.000  
   11070.000  
   11080.000  
   11090.000  
   11100.000  
   11110.000  
   11120.000  
   11130.000  
   11140.000  
   11150.000  
   11160.000  
   11170.000  
   11180.000  
   11190.000  
   11200.000  
   11210.000  
   11220.000  
   11230.000  
   11240.000  
   11250.000  
   11260.000  
   11270.000  
   11280.000  
   11290.000  
   11300.000  
   11310.000  
   11320.000  
   11330.000  
   11340.000  
   11350.000  
   11360.000  
   11370.000  
   11380.000  
   11390.000  
   11400.000  
   11410.000  
   11420.000  
   11430.000  
   11440.000  
   11450.000  
   11460.000  
   11470.000  
   11480.000  
   11490.000  
   11500.000  
   11510.000  
   11520.000  
   11530.000  
   11540.000  
   11550.000  
   11560.000  
   11570.000  
   11580.000  
   11590.000  
   11600.000  
   11610.000  
   11620.000  
   11630.000  
   11640.000  
   11650.000  
   11660.000  
   11670.000  
   11680.000  
   11690.000  
   11700.000  
   11710.000  
   11720.000  
   11730.000  
   11740.000  
   11750.000  
   11760.000  
   11770.000  
   11780.000  
   11790.000  
   11800.000  
   11810.000  
   11820.000  
   11830.000  
   11840.000  
   11850.000  
   11860.000  
   11870.000  
   11880.000  
   11890.000  
   11900.000  
   11910.000  
   11920.000  
   11930.000  
   11940.000  
   11950.000  
   11960.000  
   11970.000  
   11980.000  
   11990.000  
   12000.000  
   12010.000  
   12020.000  
   12030.000  
   12040.000  
   12050.000  
   12060.000  
   12070.000  
   12080.000  
   12090.000  
   12100.000  
   12110.000  
   12120.000  
   12130.000  
   12140.000  
   12150.000  
   12160.000  
   12170.000  
   12180.000  
   12190.000  
   12200.000  
   12210.000  
   12220.000  
   12230.000  
   12240.000  
   12250.000  
   12260.000  
   12270.000  
   12280.000  
   12290.000  
   12300.000  
   12310.000  
   12320.000  
   12330.000  
   12340.000  
   12350.000  
   12360.000  
   12370.000  
   12380.000  
   12390.000  
   12400.000  
   12410.000  
   12420.000  
   12430.000  
   12440.000  
   12450.000  
   12460.000  
   12470.000  
   12480.000  
   12490.000  
   12500.000  
   12510.000  
   12520.000  
   12530.000  
   12540.000  
   12550.000  
   12560.000  
   12570.000  
   12580.000  
   12590.000  
   12600.000  
   12610.000  
   12620.000  
   12630.000  
   12640.000  
   12650.000  
   12660.000  
   12670.000  
   12680.000  
   12690.000  
   12700.000  
   12710.000  
   12720.000  
   12730.000  
   12740.000  
   12750.000  
   12760.000  
   12770.000  
   12780.000  
   12790.000  
   12800.000  
   12810.000  
   12820.000  
   12830.000  
   12840.000  
   12850.000  
   12860.000  
   12870.000  
   12880.000  
   12890.000  
   12900.000  
   12910.000  
   12920.000  
   12930.000  
   12940.000  
   12950.000  
   12960.000  
   12970.000  
   12980.000  
   12990.000  
   13000.000  
   13010.000  
   13020.000  
   13030.000  
   13040.000  
   13050.000  
   13060.000  
   13070.000  
   13080.000  
   13090.000  
   13100.000  
   13110.000  
   13120.000  
   13130.000  
   13140.000  
   13150.000  
   13160.000  
   13170.000  
   13180.000  
   13190.000  
   13200.000  
   13210.000  
   13220.000  
   13230.000  
   13240.000  
   13250.000  
   13260.000  
   13270.000  
   13280.000  
   13290.000  
   13300.000  
   13310.000  
   13320.000  
   13330.000  
   13340.000  
   13350.000  
   13360.000  
   13370.000  
   13380.000  
   13390.000  
   13400.000  
   13410.000  
   13420.000  
   13430.000  
   13440.000  
   13450.000  
   13460.000  
   13470.000  
   13480.000  
   13490.000  
   13500.000  
   13510.000  
   13520.000  
   13530.000  
   13540.000  
   13550.000  
   13560.000  
   13570.000  
   13580.000  
   13590.000  
   13600.000  
   13610.000  
   13620.000  
   13630.000  
   13640.000  
   13650.000  
   13660.000  
   13670.000  
   13680.000  
   13690.000  
   13700.000  
   13710.000  
   13720.000  
   13730.000  
   13740.000  
   13750.000  
   13760.000  
   13770.000  
   13780.000  
   13790.000  
   13800.000  
   13810.000  
   13820.000  
   13830.000  
   13840.000  
   13850.000  
   13860.000  
   13870.000  
   13880.000  
   13890.000  
   13900.000  
   13910.000  
   13920.000  
   13930.000  
   13940.000  
   13950.000  
   13960.000  
   13970.000  
   13980.000  
   13990.000  
   14000.000  
   14010.000  
   14020.000  
   14030.000  
   14040.000  
   14050.000  
   14060.000  
   14070.000  
   14080.000  
   14090.000  
   14100.000  
   14110.000  
   14120.000  
   14130.000  
   14140.000  
   14150.000  
   14160.000  
   14170.000  
   14180.000  
   14190.000  
   14200.000  
   14210.000  
   14220.000  
   14230.000  
   14240.000  
   14250.000  
   14260.000  
   14270.000  
   14280.000  
   14290.000  
   14300.000  
   14310.000  
   14320.000  
   14330.000  
   14340.000  
   14350.000  
   14360.000  
   14370.000  
   14380.000  
   14390.000  
   14400.000  
   14410.000  
   14420.000  
   14430.000  
   14440.000  
   14450.000  
   14460.000  
   14470.000  
   14480.000  
   14490.000  
   14500.000  
   14510.000  
   14520.000  
   14530.000  
   14540.000  
   14550.000  
   14560.000  
   14570.000  
   14580.000  
   14590.000  
   14600.000  
   14610.000  
   14620.000  
   14630.000  
   14640.000  
   14650.000  
   14660.000  
   14670.000  
   14680.000  
   14690.000  
   14700.000  
   14710.000  
   14720.000  
   14730.000  
   14740.000  
   14750.000  
   14760.000  
   14770.000  
   14780.000  
   14790.000  
   14800.000  
   14810.000  
   14820.000  
   14830.000  
   14840.000  
   14850.000  
   14860.000  
   14870.000  
   14880.000  
   14890.000  
   14900.000  
   14910.000  
   14920.000  
   14930.000  
   14940.000  
   14950.000  
   14960.000  
   14970.000  
   14980.000  
   14990.000  
   15000.000  
   15010.000  
   15020.000  
   15030.000  
   15040.000  
   15050.000  
   15060.000  
   15070.000  
   15080.000  
   15090.000  
   15100.000  
   15110.000  
   15120.000  
   15130.000  
   15140.000  
   15150.000  
   15160.000  
   15170.000  
   15180.000  
   15190.000  
   15200.000  
   15210.000  
   15220.000  
   15230.000  
   15240.000  
   15250.000  
   15260.000  
   15270.000  
   15280.000  
   15290.000  
   15300.000  
   15310.000  
   15320.000  
   15330.000  
   15340.000  
   15350.000  
   15360.000  
   15370.000  
   15380.000  
   15390.000  
   15400.000  
   15410.000  
   15420.000  
   15430.000  
   15440.000  
   15450.000  
   15460.000  
   15470.000  
   15480.000  
   15490.000  
   15500.000  
   15510.000  
   15520.000  
   15530.000  
   15540.000  
   15550.000  
   15560.000  
   15570.000  
   15580.000  
   15590.000  
   15600.000  
   15610.000  
   15620.000  
   15630.000  
   15640.000  
   15650.000  
   15660.000  
   15670.000  
   15680.000  
   15690.000  
   15700.000  
   15710.000  
   15720.000  
   15730.000  
   15740.000  
   15750.000  
   15760.000  
   15770.000  
   15780.000  
   15790.000  
   15800.000  
   15810.000  
   15820.000  
   15830.000  
   15840.000  
   15850.000  
   15860.000  
   15870.000  
   15880.000  
   15890.000  
   15900.000  
   15910.000  
   15920.000  
   15930.000  
   15940.000  
   15950.000  
   15960.000  
   15970.000  
   15980.000  
   15990.000  
   16000.000  
   16010.000  
   16020.000  
   16030.000  
   16040.000  
   16050.000  
   16060.000  
   16070.000  
   16080.000  
   16090.000  
   16100.000  
   16110.000  
   16120.000  
   16130.000  
   16140.000  
   16150.000  
   16160.000  
   16170.000  
   16180.000  
   16190.000  
   16200.000  
   16210.000  
   16220.000  
   16230.000  
   16240.000  
   16250.000  
   16260.000  
   16270.000  
   16280.000  
   16290.000  
   16300.000  
   16310.000  
   16320.000  
   16330.000  
   16340.000  
   16350.000  
   16360.000  
   16370.000  
   16380.000  
   16390.000  
   16400.000  
   16410.000  
   16420.000  
   16430.000  
   16440.000  
   16450.000  
   16460.000  
   16470.000  
   16480.000  
   16490.000  
   16500.000  
   16510.000  
   16520.000  
   16530.000  
   16540.000  
   16550.000  
   16560.000  
   16570.000  
   16580.000  
   16590.000  
   16600.000  
   16610.000  
   16620.000  
   16630.000  
   16640.000  
   16650.000  
   16660.000  
   16670.000  
   16680.000  
   16690.000  
   16700.000  
   16710.000  
   16720.000  
   16730.000  
   16740.000  
   16750.000  
   16760.000  
   16770.000  
   16780.000  
   16790.000  
   16800.000  
   16810.000  
   16820.000  
   16830.000  
   16840.000  
   16850.000  
   16860.000  
   16870.000  
   16880.000  
   16890.000  
   16900.000  
   16910.000  
   16920.000  
   16930.000  
   16940.000  
   16950.000  
   16960.000  
   16970.000  
   16980.000  
   16990.000  
   17000.000  
   17010.000  
   17020.000  
   17030.000  
   17040.000  
   17050.000  
   17060.000  
   17070.000  
   17080.000  
   17090.000  
   17100.000  
   17110.000  
   17120.000  
   17130.000  
   17140.000  
   17150.000  
   17160.000  
   17170.000  
   17180.000  
   17190.000  
   17200.000  
   17210.000  
   17220.000  
   17230.000  
   17240.000  
   17250.000  
   17260.000  
   17270.000  
   17280.000  
   17290.000  
   17300.000  
   17310.000  
   17320.000  
   17330.000  
   17340.000  
   17350.000  
   17360.000  
   17370.000  
   17380.000  
   17390.000  
   17400.000  
   17410.000  
   17420.000  
   17430.000  
   17440.000  
   17450.000  
   17460.000  
   17470.000  
   17480.000  
   17490.000  
   17500.000  
   17510.000  
   17520.000  
   17530.000  
   17540.000  
   17550.000  
   17560.000  
   17570.000  
   17580.000  
   17590.000  
   17600.000  
   17610.000  
   17620.000  
   17630.000  
   17640.000  
   17650.000  
   17660.000  
   17670.000  
   17680.000  
   17690.000  
   17700.000  
   17710.000  
   17720.000  
   17730.000  
   17740.000  
   17750.000  
   17760.000  
   17770.000  
   17780.000  
   17790.000  
   17800.000  
   17810.000  
   17820.000  
   17830.000  
   17840.000  
   17850.000  
   17860.000  
   17870.000  
   17880.000  
   17890.000  
   17900.000  
   17910.000  
   17920.000  
   17930.000  
   17940.000  
   17950.000  
   17960.000  
   17970.000  
   17980.000  
   17990.000  
   18000.000  
   18010.000  
   18020.000  
   18030.000  
   18040.000  
   18050.000  
   18060.000  
   18070.000  
   18080.000  
   18090.000  
   18100.000  
   18110.000  
   18120.000  
   18130.000  
   18140.000  
   18150.000  
   18160.000  
   18170.000  
   18180.000  
   18190.000  
   18200.000  
   18210.000  
   18220.000  
   18230.000  
   18240.000  
   18250.000  
   18260.000  
   18270.000  
   18280.000  
   18290.000  
   18300.000  
   18310.000  
   18320.000  
   18330.000  
   18340.000  
   18350.000  
   18360.000  
   18370.000  
   18380.000  
   18390.000  
   18400.000  
   18410.000  
   18420.000  
   18430.000  
   18440.000  
   18450.000  
   18460.000  
   18470.000  
   18480.000  
   18490.000  
   18500.000  
   18510.000  
   18520.000  
   18530.000  
   18540.000  
   18550.000  
   18560.000  
   18570.000  
   18580.000  
   18590.000  
   18600.000  
   18610.000  
   18620.000  
   18630.000  
   18640.000  
   18650.000  
   18660.000  
   18670.000  
   18680.000  
   18690.000  
   18700.000  
   18710.000  
   18720.000  
   18730.000  
   18740.000  
   18750.000  
   18760.000  
   18770.000  
   18780.000  
   18790.000  
   18800.000  
   18810.000  
   18820.000  
   18830.000  
   18840.000  
   18850.000  
   18860.000  
   18870.000  
   18880.000  
   18890.000  
   18900.000  
   18910.000  
   18920.000  
   18930.000  
   18940.000  
   18950.000  
   18960.000  
   18970.000  
   18980.000  
   18990.000  
   19000.000  
   19010.000  
   19020.000  
   19030.000  
   19040.000  
   19050.000  
   19060.000  
   19070.000  
   19080.000  
   19090.000  
   19100.000  
   19110.000  
   19120.000  
   19130.000  
   19140.000  
   19150.000  
   19160.000  
   19170.000  
   19180.000  
   19190.000  
   19200.000  
   19210.000  
   19220.000  
   19230.000  
   19240.000  
   19250.000  
   19260.000  
   19270.000  
   19280.000  
   19290.000  
   19300.000  
   19310.000  
   19320.000  
   19330.000  
   19340.000  
   19350.000  
   19360.000  
   19370.000  
   19380.000  
   19390.000  
   19400.000  
   19410.000  
   19420.000  
   19430.000  
   19440.000  
   19450.000  
   19460.000  
   19470.000  
   19480.000  
   19490.000  
   19500.000  
   19510.000  
   19520.000  
   19530.000  
   19540.000  
   19550.000  
   19560.000  
   19570.000  
   19580.000  
   19590.000  
   19600.000  
   19610.000  
   19620.000  
   19630.000  
   19640.000  
   19650.000  
   19660.000  
   19670.000  
   19680.000  
   19690.000  
   19700.000  
   19710.000  
   19720.000  
   19730.000  
   19740.000  
   19750.000  
   19760.000  
   19770.000  
   19780.000  
   19790.000  
   19800.000  
   19810.000  
   19820.000  
   19830.000  
   19840.000  
   19850.000  
   19860.000  
   19870.000  
   19880.000  
   19890.000  
   19900.000  
   19910.000  
   19920.000  
   19930.000  
   19940.000  
   19950.000  
   19960.000  
   19970.000  
   19980.000  
   19990.000  
   20000.000  
   20010.000  
   20020.000  
   20030.000  
   20040.000  
   20050.000  
   20060.000  
   20070.000  
   20080.000  
   20090.000  
   20100.000  
   20110.000  
   20120.000  
   20130.000  
   20140.000  
   20150.000  
   20160.000  
   20170.000  
   20180.000  
   20190.000  
   20200.000  
   20210.000  
   20220.000  
   20230.000  
   20240.000  
   20250.000  
   20260.000  
   20270.000  
   20280.000  
   20290.000  
   20300.000  
   20310.000  
   20320.000  
   20330.000  
   20340.000  
   20350.000  
   20360.000  
   20370.000  
   20380.000  
   20390.000  
   20400.000  
   20410.000  
   20420.000  
   20430.000  
   20440.000  
   20450.000  
   20460.000  
   20470.000  
   20480.000  
   20490.000  
   20500.000  
   20510.000  
   20520.000  
   20530.000  
   20540.000  
   20550.000  
   20560.000  
   20570.000  
   20580.000  
   20590.000  
   20600.000  
   20610.000  
   20620.000  
   20630.000  
   20640.000  
   20650.000  
   20660.000  
   20670.000  
   20680.000  
   20690.000  
   20700.000  
   20710.000  
   20720.000  
   20730.000  
   20740.000  
   20750.000  
   20760.000  
   20770.000  
   20780.000  
   20790.000  
   20800.000  
   20810.000  
   20820.000  
   20830.000  
   20840.000  
   20850.000  
   20860.000  
   20870.000  
   20880.000  
   20890.000  
   20900.000  
   20910.000  
   20920.000  
   20930.000  
   20940.000  
   20950.000  
   20960.000  
   20970.000  
   20980.000  
   20990.000  
   21000.000  
   21010.000  
   21020.000  
   21030.000  
   21040.000  
   21050.000  
   21060.000  
   21070.000  
   21080.000  
   21090.000  
   21100.000  
   21110.000  
   21120.000  
   21130.000  
   21140.000  
   21150.000  
   21160.000  
   21170.000  
   21180.000  
   21190.000  
   21200.000  
   21210.000  
   21220.000  
   21230.000  
   21240.000  
   21250.000  
   21260.000  
   21270.000  
   21280.000  
   21290.000  
   21300.000  
   21310.000  
   21320.000  
   21330.000  
   21340.000  
   21350.000  
   21360.000  
   21370.000  
   21380.000  
   21390.000  
   21400.000  
   21410.000  
   21420.000  
   21430.000  
   21440.000  
   21450.000  
   21460.000  
   21470.000  
   21480.000  
   21490.000  
   21500.000  
   21510.000  
   21520.000  
   21530.000  
   21540.000  
   21550.000  
   21560.000  
   21570.000  
   21580.000  
   21590.000  
   21600.000  
   21610.000  
   21620.000  
   21630.000  
   21640.000  
   21650.000  
   21660.000  
   21670.000  
   21680.000  
   21690.000  
   21700.000  
   21710.000  
   21720.000  
   21730.000  
   21740.000  
   21750.000  
   21760.000  
   21770.000  
   21780.000  
   21790.000  
   21800.000  
   21810.000  
   21820.000  
   21830.000  
   21840.000  
   21850.000  
   21860.000  
   21870.000  
   21880.000  
   21890.000  
   21900.000  
   21910.000  
   21920.000  
   21930.000  
   21940.000  
   21950.000  
   21960.000  
   21970.000  
   21980.000  
   21990.000  
   22000.000  
   22010.000  
   22020.000  
   22030.000  
   22040.000  
   22050.000  
   22060.000  
   22070.000  
   22080.000  
   22090.000  
   22100.000  
   22110.000  
   22120.000  
   22130.000  
   22140.000  
   22150.000  
   22160.000  
   22170.000  
   22180.000  
   22190.000  
   22200.000  
   22210.000  
   22220.000  
   22230.000  
   22240.000  
   22250.000  
   22260.000  
   22270.000  
   22280.000  
   22290.000  
   22300.000  
   22310.000  
   22320.000  
   22330.000  
   22340.000  
   22350.000  
   22360.000  
   22370.000  
   22380.000  
   22390.000  
   22400.000  
   22410.000  
   22420.000  
   22430.000  
   22440.000  
   22450.000  
   22460.000  
   22470.000  
   22480.000  
   22490.000  
   22500.000  
   22510.000  
   22520.000  
   22530.000  
   22540.000  
   22550.000  
   22560.000  
   22570.000  
   22580.000  
   22590.000  
   22600.000  
   22610.000  
   22620.000  
   22630.000  
   22640.000  
   22650.000  
   22660.000  
   22670.000  
   22680.000  
   22690.000  
   22700.000  
   22710.000  
   22720.000  
   22730.000  
   22740.000  
   22750.000  
   22760.000  
   22770.000  
   22780.000  
   22790.000  
   22800.000  
   22810.000  
   22820.000  
   22830.000  
   22840.000  
   22850.000  
   22860.000  
   22870.000  
   22880.000  
   22890.000  
   22900.000  
   22910.000  
   22920.000  
   22930.000  
   22940.000  
   22950.000  
   22960.000  
   22970.000  
   22980.000  
   22990.000  
   23000.000  
   23010.000  
   23020.000  
   23030.000  
   23040.000  
   23050.000  
   23060.000  
   23070.000  
   23080.000  
   23090.000  
   23100.000  
   23110.000  
   23120.000  
   23130.000  
   23140.000  
   23150.000  
   23160.000  
   23170.000  
   23180.000  
   23190.000  
   23200.000  
   23210.000  
   23220.000  
   23230.000  
   23240.000  
   23250.000  
   23260.000  
   23270.000  
   23280.000  
   23290.000  
   23300.000  
   23310.000  
   23320.000  
   23330.000  
   23340.000  
   23350.000  
   23360.000  
   23370.000  
   23380.000  
   23390.000  
   23400.000  
   23410.000  
   23420.000  
   23430.000  
   23440.000  
   23450.000  
   23460.000  
   23470.000  
   23480.000  
   23490.000  
   23500.000  
   23510.000  
   23520.000  
   23530.000  
   23540.000  
   23550.000  
   23560.000  
   23570.000  
   23580.000  
   23590.000  
   23600.000  
   23610.000  
   23620.000  
   23630.000  
   23640.000  
   23650.000  
   23660.000  
   23670.000  
   23680.000  
   23690.000  
   23700.000  
   23710.000  
   23720.000  
   23730.000  
   23740.000  
   23750.000  
   23760.000  
   23770.000  
   23780.000  
   23790.000  
   23800.000  
   23810.000  
   23820.000  
   23830.000  
   23840.000  
   23850.000  
   23860.000  
   23870.000  
   23880.000  
   23890.000  
   23900.000  
   23910.000  
   23920.000  
   23930.000  
   23940.000  
   23950.000  
   23960.000  
   23970.000  
   23980.000  
   23990.000  
   24000.000  
   24010.000  
   24020.000  
   24030.000  
   24040.000  
   24050.000  
   24060.000  
   24070.000  
   24080.000  
   24090.000  
   24100.000  
   24110.000  
   24120.000  
   24130.000  
   24140.000  
   24150.000  
   24160.000  
   24170.000  
   24180.000  
   24190.000  
   24200.000  
   24210.000  
   24220.000  
   24230.000  
   24240.000  
   24250.000  
   24260.000  
   24270.000  
   24280.000  
   24290.000  
   24300.000  
   24310.000  
   24320.000  
   24330.000  
   24340.000  
   24350.000  
   24360.000  
   24370.000  
   24380.000  
   24390.000  
   24400.000  
   24410.000  
   24420.000  
   24430.000  
   24440.000  
   24450.000  
   24460.000  
   24470.000  
   24480.000  
   24490.000  
   24500.000  
   24510.000  
   24520.000  
   24530.000  
   24540.000  
   24550.000  
   24560.000  
   24570.000  
   24580.000  
   24590.000  
   24600.000  
   24610.000  
   24620.000  
   24630.000  
   24640.000  
   24650.000  
   24660.000  
   24670.000  
   24680.000  
   24690.000  
   24700.000  
   24710.000  
   24720.000  
   24730.000  
   24740.000  
   24750.000  
   24760.000  
   24770.000  
   24780.000  
   24790.000  
   24800.000  
   24810.000  
   24820.000  
   24830.000  
   24840.000  
   24850.000  
   24860.000  
   24870.000  
   24880.000  
   24890.000  
   24900.000  
   24910.000  
   24920.000  
   24930.000  
   24940.000  
   24950.000  
   24960.000  
   24970.000  
   24980.000  
   24990.000  
   25000.000  
   25010.000  
   25020.000  
   25030.000  
   25040.000  
   25050.000  
   25060.000  
   25070.000  
   25080.000  
   25090.000  
   25100.000  
   25110.000  
   25120.000  
   25130.000  
   25140.000  
   25150.000  
   25160.000  
   25170.000  
   25180.000  
   25190.000  
   25200.000  
   25210.000  
   25220.000  
   25230.000  
   25240.000  
   25250.000  
   25260.000  
   25270.000  
   25280.000  
   25290.000  
   25300.000  
   25310.000  
   25320.000  
   25330.000  
   25340.000  
   25350.000  
   25360.000  
   25370.000  
   25380.000  
   25390.000  
   25400.000  
   25410.000  
   25420.000  
   25430.000  
   25440.000  
   25450.000  
   25460.000  
   25470.000  
   25480.000  
   25490.000  
   25500.000  
   25510.000  
   25520.000  
   25530.000  
   25540.000  
   25550.000  
   25560.000  
   25570.000  
   25580.000  
   25590.000  
   25600.000  
   25610.000  
   25620.000  
   25630.000  
   25640.000  
   25650.000  
   25660.000  
   25670.000  
   25680.000  
   25690.000  
   25700.000  
   25710.000  
   25720.000  
   25730.000  
   25740.000  
   25750.000  
   25760.000  
   25770.000  
   25780.000  
   25790.000  
   25800.000  
   25810.000  
   25820.000  
   25830.000  
   25840.000  
   25850.000  
   25860.000  
   25870.000  
   25880.000  
   25890.000  
   25900.000  
   25910.000  
   25920.000  
   25930.000  
   25940.000  
   25950.000  
   25960.000  
   25970.000  
   25980.000  
   25990.000  
   26000.000  
   26010.000  
   26020.000  
   26030.000  
   26040.000  
   26050.000  
   26060.000  
   26070.000  
   26080.000  
   26090.000  
   26100.000  
   26110.000  
   26120.000  
   26130.000  
   26140.000  
   26150.000  
   26160.000  
   26170.000  
   26180.000  
   26190.000  
   26200.000  
   26210.000  
   26220.000  
   26230.000  
   26240.000  
   26250.000  
   26260.000  
   26270.000  
   26280.000  
   26290.000  
   26300.000  
   26310.000  
   26320.000  
   26330.000  
   26340.000  
   26350.000  
   26360.000  
   26370.000  
   26380.000  
   26390.000  
   26400.000  
   26410.000  
   26420.000  
   26430.000  
   26440.000  
   26450.000  
   26460.000  
   26470.000  
   26480.000  
   26490.000  
   26500.000  
   26510.000  
   26520.000  
   26530.000  
   26540.000  
   26550.000  
   26560.000  
   26570.000  
   26580.000  
   26590.000  
   26600.000  
   26610.000  
   26620.000  
   26630.000  
   26640.000  
   26650.000  
   26660.000  
   26670.000  
   26680.000  
   26690.000  
   26700.000  
   26710.000  
   26720.000  
   26730.000  
   26740.000  
   26750.000  
   26760.000  
   26770.000  
   26780.000  
   26790.000  
   26800.000  
   26810.000  
   26820.000  
   26830.000  
   26840.000  
   26850.000  
   26860.000  
   26870.000  
   26880.000  
   26890.000  
   26900.000  
   26910.000  
   26920.000  
   26930.000  
   26940.000  
   26950.000  
   26960.000  
   26970.000  
   26980.000  
   26990.000  
   27000.000  
   27010.000  
   27020.000  
   27030.000  
   27040.000  
   27050.000  
   27060.000  
   27070.000  
   27080.000  
   27090.000  
   27100.000  
   27110.000  
   27120.000  
   27130.000  
   27140.000  
   27150.000  
   27160.000  
   27170.000  
   27180.000  
   27190.000  
   27200.000  
   27210.000  
   27220.000  
   27230.000  
   27240.000  
   27250.000  
   27260.000  
   27270.000  
   27280.000  
   27290.000  
   27300.000  
   27310.000  
   27320.000  
   27330.000  
   27340.000  
   27350.000  
   27360.000  
   27370.000  
   27380.000  
   27390.000  
   27400.000  
   27410.000  
   27420.000  
   27430.000  
   27440.000  
   27450.000  
   27460.000  
   27470.000  
   27480.000  
   27490.000  
   27500.000  
   27510.000  
   27520.000  
   27530.000  
   27540.000  
   27550.000  
   27560.000  
   27570.000  
   27580.000  
   27590.000  
   27600.000  
   27610.000  
   27620.000  
   27630.000  
   27640.000  
   27650.000  
   27660.000  
   27670.000  
   27680.000  
   27690.000  
   27700.000  
   27710.000  
   27720.000  
   27730.000  
   27740.000  
   27750.000  
   27760.000  
   27770.000  
   27780.000  
   27790.000  
   27800.000  
   27810.000  
   27820.000  
   27830.000  
   27840.000  
   27850.000  
   27860.000  
   27870.000  
   27880.000  
   27890.000  
   27900.000  
   27910.000  
   27920.000  
   27930.000  
   27940.000  
   27950.000  
   27960.000  
   27970.000  
   27980.000  
   27990.000  
   28000.000  
   28010.000  
   28020.000  
   28030.000  
   28040.000  
   28050.000  
   28060.000  
   28070.000  
   28080.000  
   28090.000  
   28100.000  
   28110.000  
   28120.000  
   28130.000  
   28140.000  
   28150.000  
   28160.000  
   28170.000  
   28180.000  
   28190.000  
   28200.000  
   28210.000  
   28220.000  
   28230.000  
   28240.000  
   28250.000  
   28260.000  
   28270.000  
   28280.000  
   28290.000  
   28300.000  
   28310.000  
   28320.000  
   28330.000  
   28340.000  
   28350.000  
   28360.000  
   28370.000  
   28380.000  
   28390.000  
   28400.000  
   28410.000  
   28420.000  
   28430.000  
   28440.000  
   28450.000  
   28460.000  
   28470.000  
   28480.000  
   28490.000  
   28500.000  
   28510.000  
   28520.000  
   28530.000  
   28540.000  
   28550.000  
   28560.000  
   28570.000  
   28580.000  
   28590.000  
   28600.000  
   28610.000  
   28620.000  
   28630.000  
   28640.000  
   28650.000  
   28660.000  
   28670.000  
   28680.000  
   28690.000  
   28700.000  
   28710.000  
   28720.000  
   28730.000  
   28740.000  
   28750.000  
   28760.000  
   28770.000  
   28780.000  
   28790.000  
   28800.000  
   28810.000  
   28820.000  
   28830.000  
   28840.000  
   28850.000  
   28860.000  
   28870.000  
   28880.000  
   28890.000  
   28900.000  
   28910.000  
   28920.000  
   28930.000  
   28940.000  
   28950.000  
   28960.000  
   28970.000  
   28980.000  
   28990.000  
   29000.000  
   29010.000  
   29020.000  
   29030.000  
   29040.000  
   29050.000  
   29060.000  
   29070.000  
   29080.000  
   29090.000  
   29100.000  
   29110.000  
   29120.000  
   29130.000  
   29140.000  
   29150.000  
   29160.000  
   29170.000  
   29180.000  
   29190.000  
   29200.000  
   29210.000  
   29220.000  
   29230.000  
