   1.489
   0.623
  -0.615
  -1.478
  -1.479
  -1.529
   0.028
   1.634
   0.929
   1.869
   0.313
   0.820
  -3.557
  -2.949
   0.274
  -1.301
   0.699
   1.852
  -1.822
   1.633
   2.084
  -1.676
   1.105
  -0.087
   1.086
  -2.205
   0.423
  -1.737
  -1.872
   2.208
  -6.229
  -1.487
   0.907
   4.285
   2.237
  -1.800
   4.249
  -5.185
  -2.267
  -1.613
  -0.032
  -0.399
  -0.205
   1.806
   2.277
   0.765
  -2.465
   4.060
  -3.082
  -0.532
   3.566
  -2.979
  -1.723
   0.812
  -2.209
   5.141
   2.429
  -1.773
   3.331
  -3.323
   1.817
  -2.168
   0.005
   1.227
   1.811
  -0.444
   0.872
   0.795
  -0.073
   0.566
   0.786
  -0.109
  -2.837
   3.339
  -2.105
  -0.512
  -3.322
   1.279
   1.066
   3.521
   0.428
   3.194
  -3.169
   1.661
   0.095
  -2.273
   4.096
   2.420
  -0.044
  -1.217
   0.803
   2.607
   1.329
  -0.314
   0.529
  -3.700
   0.001
   1.668
   2.020
  -1.054
  -3.403
   4.641
   1.698
  -2.096
   0.627
   1.849
   0.744
  -1.822
  -1.380
   0.185
   0.015
   2.827
  -3.794
   0.089
   2.686
  -1.547
   1.657
  -0.180
  -1.436
  -0.329
   1.899
   0.012
   2.177
  -1.979
   2.284
  -3.110
   1.495
   1.624
  -1.155
   2.739
  -2.482
   0.335
  -0.426
   1.088
   0.999
  -2.403
  -2.007
   0.971
  -0.309
   2.216
   3.716
  -1.710
  -1.213
   0.718
  -1.079
  -0.523
   1.992
   1.217
   0.289
  -0.954
  -1.382
   3.286
  -3.937
  -0.421
  -4.039
   0.124
   3.523
   2.404
  -4.151
   0.119
   0.882
   0.045
   0.902
  -0.566
  -0.519
  -3.176
  -1.030
  -1.219
  -0.627
   2.413
  -0.574
  -2.936
  -1.892
  -0.338
   4.773
  -1.620
  -3.207
  -5.039
  -1.183
   1.754
  -0.464
   2.850
  -0.707
   4.078
   1.699
   0.738
   1.929
  -2.027
  -4.991
   1.978
   1.524
   2.068
  -0.389
   1.282
  -2.218
   0.909
  -1.037
   5.315
  -1.288
  -1.884
  -0.987
  -1.872
   1.095
  -8.521
   1.196
  -1.737
   2.621
   4.516
   2.664
  -0.072
   3.587
   5.460
   1.758
  -1.200
   2.654
   5.232
   3.641
  -2.176
  -4.144
   3.747
   0.489
  -0.301
  -2.405
   0.246
   2.194
  -0.077
  -2.602
   2.291
   1.026
  -2.575
  -2.059
   1.605
   1.795
   0.302
  -3.823
   4.269
   2.134
   1.792
  -4.298
  -2.244
  -0.795
   2.895
   3.354
  -8.619
  -2.052
   6.124
  -5.954
   2.987
   2.564
   0.191
   2.288
   3.268
  -0.820
  -2.252
  -0.676
  -0.258
   0.724
   3.791
  -0.621
  -3.340
   0.690
   2.254
  -3.897
  -2.959
   2.268
   2.454
  -1.385
  -4.582
   0.919
  -3.613
  -0.268
   1.010
  -1.865
  -5.057
   4.431
   3.717
   2.008
  -1.627
   1.213
   5.552
  -0.039
  -2.945
  -0.659
  -2.587
  -1.021
  -2.570
  -0.099
   0.626
  -0.069
  -0.336
   0.870
  -0.323
  -4.587
   1.528
  -1.299
   6.668
   4.737
  -2.762
   3.770
  -0.874
  -0.690
  -0.215
  -2.558
  -5.241
   1.772
   0.827
   2.807
   5.705
   2.721
   3.963
   3.419
  -3.008
  -0.789
  -0.611
   4.564
  -0.691
  -0.876
   6.476
  -1.699
  -1.994
   5.396
   6.318
   2.789
   0.659
   3.561
  -2.209
  -1.733
  -4.068
  -2.202
  -4.319
   3.631
  -1.813
   3.063
