#Atom            RMSF
  36.000       5.2691
  55.000       4.3549
  74.000       4.3947
  93.000       3.8640
 112.000       2.8257
 134.000       2.0341
 148.000       2.1995
 172.000       1.8861
 191.000       1.5662
 209.000       1.8527
 223.000       2.0142
 242.000       1.5505
 259.000       1.5208
 270.000       1.4312
 286.000       0.9505
 296.000       1.1403
 318.000       1.3361
 332.000       1.2837
 351.000       1.1160
 365.000       1.3061
 372.000       1.0455
 391.000       1.2139
 407.000       1.3678
 424.000       1.4534
 441.000       1.1382
 463.000       0.9500
 473.000       1.1592
 487.000       1.1346
 503.000       0.9779
 519.000       1.1656
 538.000       1.3477
 557.000       1.4907
 564.000       1.4889
 578.000       1.8229
 597.000       1.5761
 613.000       1.9330
 629.000       1.8702
 648.000       1.2484
 664.000       1.1057
 686.000       1.1298
 708.000       0.7807
 724.000       0.7490
 741.000       0.8093
 760.000       0.7321
 781.000       0.7473
 792.000       0.8243
 811.000       0.9239
 821.000       0.9995
 840.000       0.9749
 859.000       1.1672
 881.000       1.5836
 895.000       1.5639
 915.000       1.4494
 929.000       1.3217
 948.000       1.1582
 967.000       1.9559
 983.000       2.7696
1005.000       2.9754
1019.000       2.1832
1033.000       2.2585
1049.000       1.7365
1069.000       1.3218
1099.000       2.1495
1105.000       2.0059
1122.000       2.4273
1129.000       2.4745
1148.000       2.0354
1170.000       2.8308
1180.000       2.6150
1196.000       2.1218
1213.000       2.0175
1232.000       2.2457
1251.000       1.9567
1270.000       1.7293
1289.000       1.7626
1305.000       1.6909
1324.000       1.6370
1338.000       1.3271
1349.000       1.2479
1365.000       1.3141
1387.000       1.2243
1404.000       1.1675
1423.000       1.5079
1439.000       1.5703
1450.000       1.3650
1466.000       1.6833
1476.000       3.2056
1487.000       2.2015
1501.000       1.5756
1520.000       1.9488
1531.000       1.4389
1550.000       1.8771
1569.000       1.4281
1591.000       1.3251
1597.000       1.1599
1615.000       0.8703
1634.000       0.8554
1656.000       0.8123
1666.000       0.7305
1677.000       0.7464
1699.000       0.8116
1718.000       0.8126
1734.000       0.8572
1751.000       0.9922
1761.000       1.0942
1777.000       1.0894
1788.000       1.1680
1810.000       1.2768
1831.000       1.3168
1853.000       1.0449
1867.000       1.2746
1884.000       1.2492
1906.000       1.5365
