  -2.349
  -2.329
  -1.026
  -2.732
  -1.160
   0.929
   0.646
   0.324
  -0.763
   0.244
  -0.711
   0.186
   0.308
  -1.402
  -1.382
   0.023
  -1.266
   1.535
  -2.227
   2.223
   2.158
  -0.778
   0.945
   1.518
  -0.785
   0.795
   0.516
   1.066
  -0.889
   0.148
   1.015
   4.550
   3.121
   3.993
   3.148
  -0.238
  -3.575
   5.543
   3.928
   0.836
  -2.205
   1.270
   0.640
  -0.595
   2.877
  -2.554
  -3.622
   1.434
   0.657
  -4.786
  -5.306
  -2.289
   1.059
  -0.269
   3.144
   0.460
   4.371
   2.676
  -0.331
  -0.570
   1.061
   4.994
  -0.571
  -1.755
   0.705
  -1.559
   2.013
   2.494
  -0.224
   3.269
   0.381
   1.840
  -2.964
   0.775
   1.269
  -3.251
   2.662
   0.594
   2.109
  -2.796
  -0.685
  -2.193
   0.119
   0.036
  -1.533
  -1.241
   1.892
  -3.901
   1.956
  -0.010
  -3.081
  -0.020
  -0.854
  -0.168
   1.113
   1.345
   0.509
   1.044
  -0.323
  -0.286
  -0.553
   1.514
  -1.032
   1.973
  -0.552
   0.820
   1.741
   1.233
   0.137
   1.098
  -1.691
  -0.868
  -1.628
   2.493
  -0.474
   1.156
  -0.256
  -0.681
  -1.176
   1.092
   2.155
  -1.506
   0.166
   1.856
   0.158
  -0.699
   1.921
  -1.354
  -0.682
   1.098
   2.827
   0.571
   1.689
  -1.073
   0.395
   0.718
   2.637
   2.825
  -3.460
  -2.375
  -1.758
   2.564
   2.154
   0.200
  -2.537
   0.385
  -1.729
  -1.707
  -0.166
  -1.141
   0.770
  -1.531
  -0.639
  -0.943
  -0.918
   2.276
  -0.977
   1.783
   1.046
  -0.153
   0.655
   3.430
   1.372
   2.393
   1.107
  -0.570
   0.341
  -0.475
   0.281
  -0.403
  -3.390
   0.151
  -1.646
   0.693
  -2.040
  -0.508
  -5.222
  -2.607
  -0.757
  -1.056
  -0.894
  -1.753
   0.726
   5.404
   0.424
  -1.507
  -2.545
   0.116
   0.101
  -2.806
   1.914
  -0.233
   2.745
  -1.788
   0.042
  -2.091
   1.371
   0.835
  -3.658
  -2.234
   2.619
  -3.008
   0.190
   2.125
  -2.797
   0.846
   2.758
  -3.335
   1.383
   2.610
  -2.147
  -0.444
  -3.376
   0.295
   0.865
   1.179
   1.634
  -2.823
  -2.172
   2.579
  -1.666
  -1.222
  -0.823
  -2.622
  -1.162
  -0.470
  -0.660
   1.723
   0.917
   3.467
  -0.166
   2.005
  -2.042
  -1.651
  -1.501
   3.132
   1.339
   1.489
   1.517
  -4.594
  -2.677
  -2.533
  -0.969
  -0.400
   1.738
  -0.868
   0.599
  -2.223
   1.312
   1.550
  -2.460
  -1.298
   0.189
  -3.806
  -1.794
   1.255
   2.263
   0.315
  -7.074
   3.861
  -2.160
   3.362
   1.064
  -1.569
  -0.992
   1.476
  -2.084
   2.942
  -0.836
  -3.327
   1.352
   4.363
   5.182
   2.705
  -2.777
  -1.391
   3.199
  -1.056
  -2.420
  -0.845
   0.761
  -0.256
  -2.001
   0.894
  -1.335
  -0.439
   3.390
  -2.460
  -1.329
   0.752
   0.650
  -3.463
  -1.028
  -1.703
   0.580
  -3.547
   0.976
   1.357
   0.505
  -0.766
  -1.274
   0.302
  -0.618
   1.430
  -1.908
  -0.740
  -2.547
   1.885
   0.459
   2.176
   0.938
  -1.609
   0.743
  -0.493
  -0.099
   1.943
  -0.911
  -1.107
  -4.119
  -2.420
  -6.443
   2.870
   0.403
   0.490
  -0.632
  -3.525
   1.502
  -2.156
   3.167
   2.514
  -0.577
  -1.738
  -3.159
