#Atom            RMSF
  36.000       1.2409
  55.000       1.4061
  74.000       1.3201
  93.000       1.0650
 112.000       1.1663
 134.000       1.3286
 148.000       1.3132
 172.000       1.2677
 191.000       1.5066
 209.000       1.6791
 223.000       1.2643
 242.000       0.9914
 259.000       0.9607
 270.000       0.9728
 286.000       0.7065
 296.000       0.8261
 318.000       1.0132
 332.000       1.0158
 351.000       0.9018
 365.000       1.0543
 372.000       0.8824
 391.000       1.0575
 407.000       1.1631
 424.000       1.2090
 441.000       0.9013
 463.000       0.7892
 473.000       1.0217
 487.000       0.8894
 503.000       0.7228
 519.000       0.9944
 538.000       1.2029
 557.000       1.5685
 564.000       1.0030
 578.000       0.8916
 597.000       0.8351
 613.000       0.6466
 629.000       0.7323
 648.000       0.6954
 664.000       0.7366
 686.000       0.6493
 708.000       0.4969
 724.000       0.4880
 741.000       0.5565
 760.000       0.4634
 781.000       0.4809
 791.000       0.5606
 810.000       0.5528
 820.000       0.5248
 839.000       0.5540
 858.000       0.6575
 880.000       0.7405
 894.000       0.7288
 914.000       0.7985
 928.000       0.7555
 947.000       0.7839
 966.000       1.4806
 982.000       2.0674
1004.000       2.1891
1018.000       1.4582
1032.000       1.6093
1048.000       1.1308
1068.000       0.7219
1098.000       1.2016
1104.000       1.2190
1121.000       1.6981
1128.000       1.4464
1147.000       1.0212
1169.000       1.4803
1179.000       1.2422
1195.000       0.8831
1212.000       1.0325
1231.000       1.0713
1250.000       1.1007
1269.000       1.0334
1288.000       1.1612
1304.000       1.1636
1323.000       1.1448
1337.000       0.8669
1348.000       0.7806
1364.000       0.8847
1386.000       0.8695
1403.000       0.8465
1422.000       1.0299
1438.000       1.2234
1449.000       1.0757
1465.000       0.7728
1475.000       1.2491
1486.000       1.6806
1500.000       1.2753
1519.000       1.5788
1530.000       1.0486
1549.000       1.3750
1568.000       1.0036
1590.000       0.9593
1596.000       0.8032
1614.000       0.6413
1633.000       0.6425
1655.000       0.6302
1665.000       0.5136
1676.000       0.5158
1698.000       0.5925
1717.000       0.6336
1733.000       0.6663
1750.000       0.7230
1760.000       0.9198
1776.000       0.9414
1787.000       0.9164
1809.000       0.9379
1830.000       0.9306
1852.000       0.8795
1866.000       1.2307
1883.000       1.5247
1905.000       1.7517
