  13.088
  -0.386
  25.574
   0.086
 -35.186
  -0.459
   4.567
   0.101
   1.288
  -0.412
  -0.674
   0.579
  -0.194
   0.829
   1.697
  -1.424
  -1.374
  -0.927
   0.406
  -2.082
  -1.205
  -0.270
   1.595
   0.766
   1.548
   3.030
   0.806
   4.859
   0.507
   0.601
  -1.308
  -0.250
   0.705
  -1.691
  -2.821
  -1.737
  -1.992
  -0.555
   2.605
  -0.594
   2.189
   0.533
  -6.006
  -0.261
   0.541
  -1.208
   1.956
  -0.901
   0.170
  -2.580
   3.973
  -0.917
  -2.156
  -1.063
   5.147
  -2.621
   1.072
   2.630
  -4.419
  -2.069
   0.048
  -0.958
   3.830
  -1.337
   0.811
   1.772
   0.874
  -2.092
  -0.916
   2.262
   2.027
   2.763
  -0.281
   2.065
  -1.226
  -4.333
  -1.724
  -0.061
   1.042
  -0.724
  -1.612
  -0.321
  -0.826
  -0.397
  -0.799
  -0.260
   1.160
  -0.185
  -1.552
  -1.064
   0.717
   1.016
  -0.441
   1.364
   2.922
   0.885
   1.297
  -1.720
  -0.023
  -0.039
  -1.803
   2.661
  -0.541
   0.261
   0.156
   2.270
  -1.105
   0.600
  -2.087
  -1.721
  -4.349
   2.207
  -0.246
   4.431
   2.971
  -0.097
   0.144
   2.127
   0.119
   1.279
   1.094
   3.045
   0.753
  -0.468
   2.284
  -2.273
  -1.416
   3.268
  -0.726
   1.199
   0.100
   1.811
   0.322
  -1.021
   0.115
   1.071
  -0.998
   2.223
   0.305
  -0.574
   0.677
  -0.319
  -1.135
  -2.223
  -0.291
   1.339
  -2.080
  -0.354
  -2.303
  -2.406
   1.201
  -1.226
   1.013
  -0.305
   0.172
  -2.760
  -0.041
   0.181
  -1.496
  -0.124
  -1.097
  -0.727
  -0.755
  -2.045
  -3.701
  -1.366
  -0.494
  -0.874
  -1.443
  -0.793
   1.529
  -1.058
  -1.167
   2.004
   3.365
  -1.291
  -0.139
   0.549
   1.765
  -0.675
  -2.026
   2.706
   1.725
  -0.784
  -1.380
   1.799
  -0.639
  -2.756
   0.438
  -1.629
   0.692
   1.337
   1.616
   3.352
  -2.718
   5.425
  -4.663
  -0.832
  -1.618
   2.542
   0.689
   0.321
  -3.267
   2.051
  -0.385
   0.894
   0.741
   2.384
  -0.934
   0.644
  -1.411
  -0.320
  -3.923
  -0.120
   0.860
  -1.755
  -4.332
  -4.179
   0.971
  -1.504
   0.400
   0.868
   2.821
  -0.084
   6.404
  -1.129
   1.131
   0.172
  -0.876
   0.174
  -0.220
  -1.012
  -3.214
   0.507
  -1.106
  -1.208
   0.679
   1.104
   0.145
  -0.140
  -1.391
   1.004
  -2.098
  -1.299
   2.247
   1.033
   1.980
   1.118
   0.055
  -2.450
  -0.589
   1.281
  -0.185
   0.093
   2.588
  -1.181
  -1.190
   0.890
   0.534
  -1.511
   0.506
   1.945
   1.221
   2.014
  -1.076
  -0.681
   0.240
  -1.545
   0.472
   1.399
   1.409
  -0.271
   0.308
  -1.240
   0.776
   1.461
   1.485
   0.748
  -0.978
  -1.857
  -1.592
   1.429
  -2.732
   5.059
   4.447
  -0.976
  -1.165
  -1.384
   0.504
   3.933
  -0.538
   3.534
   1.512
  -2.248
  -0.656
  -2.652
  -3.729
   2.761
  -1.954
  -0.010
  -1.202
  -1.059
   1.740
  -0.938
   0.391
   3.162
   0.546
  -0.917
   0.358
   1.066
  -2.251
   2.234
  -0.092
  -0.136
  -0.729
   1.555
  -3.872
   0.827
  -1.282
  -0.732
  -2.138
   0.775
   1.714
   1.255
   1.275
   4.130
  -1.286
   1.611
   2.945
  -1.321
  -1.741
  -1.547
   0.359
