  -0.423
  -0.211
   0.393
  -1.664
   1.531
  -0.006
   2.558
  -2.588
   0.059
   0.932
  -1.163
   2.476
  -0.584
   0.254
   2.536
  -1.373
  -1.405
  -0.691
  -1.073
  -1.347
   0.275
   1.990
   1.278
  -1.823
   0.561
  -0.558
  -1.622
   1.138
   1.109
   3.530
   1.578
  -2.132
  -1.652
   0.094
  -1.732
  -4.055
   3.417
  -0.783
  -1.466
   0.622
   1.627
  -0.677
   2.581
   2.716
   2.309
  -2.106
  -3.531
  -2.248
  -5.916
   3.545
   0.083
   3.294
  -4.072
   4.493
   4.284
  -0.788
   0.299
  -0.451
   1.017
  -0.662
   3.848
   0.492
   1.507
  -2.187
  -2.418
  -0.015
  -1.046
   1.575
   0.991
   0.446
   0.410
  -0.852
  -2.229
   1.500
  -2.496
   1.060
  -0.360
   0.322
   0.313
  -1.676
  -2.459
  -0.407
  -0.902
  -1.115
   3.296
  -1.247
   2.431
   2.358
   2.793
  -0.694
   2.173
  -3.662
  -2.624
   1.942
   0.767
   1.617
   0.729
   1.891
  -2.346
  -0.352
  -1.855
   2.361
  -2.277
  -1.138
   3.577
   1.137
  -2.049
  -2.074
   3.232
   2.482
  -4.529
   1.506
   1.894
   2.876
  -1.423
   0.949
  -0.690
   0.890
   3.743
  -1.834
  -0.387
  -3.770
  -1.799
   1.633
   2.570
   0.829
   1.945
  -1.823
   1.624
   2.667
  -1.151
   4.407
  -5.297
  -0.087
  -1.082
  -1.299
   0.410
   3.598
   0.636
   0.722
   0.846
  -1.313
  -0.739
   3.075
  -1.532
   3.383
  -0.662
  -1.270
   1.720
  -1.400
  -0.750
  -1.849
   0.187
  -0.870
  -1.242
  -1.201
   0.800
  -2.945
   1.510
   1.974
  -3.067
  -0.620
   1.459
  -2.187
   0.527
  -1.141
   0.636
  -0.013
  -0.311
   0.957
   3.687
  -1.732
   0.243
   1.684
  -0.841
   1.616
   0.616
   1.284
  -1.948
  -1.442
   4.301
   0.222
  -2.673
   0.263
  -1.618
   2.739
   4.361
   3.867
  -6.516
   1.870
  -1.354
  -4.286
   0.283
  -2.355
  -1.045
  -4.193
  -3.501
   4.447
   3.283
  -1.105
   0.391
   1.598
  -1.147
   1.343
  -2.535
  -1.678
   4.130
  -2.833
   0.190
  -1.629
  -0.487
  -0.590
  -0.504
   3.155
   0.040
  -1.551
   0.715
   1.119
  -3.436
  -1.366
  -0.076
  -0.143
   1.044
   2.024
  -0.641
   0.181
  -0.326
   1.094
  -0.431
  -0.870
  -0.476
  -1.374
  -4.001
   0.722
  -0.676
  -0.884
   1.996
  -4.455
   0.090
  -0.214
   1.949
  -1.614
  -0.602
  -0.984
  -0.283
   0.150
  -1.406
   0.423
  -0.368
  -0.295
  -2.256
   0.345
   2.877
  -3.569
  -4.741
   0.291
   1.225
  -1.767
  -0.055
   2.056
   1.727
  -0.138
  -0.297
  -0.555
  -0.100
   3.492
   1.283
  -6.541
   0.028
  -4.134
  -2.233
  -2.520
   5.324
  -2.322
   1.809
   1.297
   2.815
   0.137
  -0.328
   1.004
   2.580
   3.237
  -0.081
  -2.825
   2.757
   5.843
   3.103
  -3.016
   2.639
   2.691
   2.146
  -0.045
  -4.368
   1.419
   0.674
   0.672
   0.871
   0.287
  -0.756
   0.565
   0.613
   0.390
   2.569
   2.541
  -4.227
   4.999
  -4.261
  -0.223
   0.576
   0.110
  -1.087
  -0.033
   0.800
   0.018
   0.206
   1.690
  -1.631
  -1.994
  -1.563
  -0.754
   2.299
   0.861
   0.046
   0.159
   2.274
  -2.746
  -1.014
  -3.041
   2.404
   5.028
  -0.982
   0.307
   0.523
