#Atom            RMSF
  36.000       1.6367
  55.000       1.2864
  74.000       1.4436
  93.000       1.4423
 112.000       1.0912
 134.000       1.2178
 148.000       1.3211
 172.000       1.2012
 191.000       1.2629
 209.000       1.2958
 223.000       1.3256
 242.000       1.2863
 259.000       1.1930
 270.000       1.0854
 286.000       0.7573
 296.000       0.8548
 318.000       1.1242
 332.000       1.0784
 351.000       0.8478
 365.000       1.0382
 372.000       0.9208
 391.000       1.1116
 407.000       1.0864
 424.000       1.0841
 441.000       0.9539
 463.000       0.8559
 473.000       1.0231
 487.000       0.9266
 503.000       0.7745
 519.000       0.8326
 538.000       0.8935
 557.000       1.9672
 564.000       1.2928
 578.000       1.1259
 597.000       1.3044
 613.000       1.3754
 629.000       1.2782
 648.000       1.0101
 664.000       1.0256
 686.000       0.8946
 708.000       0.6469
 724.000       0.6744
 741.000       0.7439
 760.000       0.5625
 781.000       0.6349
 791.000       0.7857
 810.000       0.5624
 820.000       0.6979
 839.000       0.7234
 858.000       0.7735
 880.000       0.9311
 894.000       1.0232
 914.000       1.1005
 928.000       1.0003
 947.000       0.9315
 966.000       1.4339
 982.000       1.8576
1004.000       2.0043
1018.000       1.4381
1032.000       1.6195
1048.000       1.2996
1068.000       0.9509
1098.000       1.5804
1104.000       1.8482
1121.000       2.7041
1128.000       2.0202
1147.000       1.5655
1169.000       1.9728
1179.000       1.6200
1195.000       1.0240
1212.000       1.1514
1231.000       1.4328
1250.000       1.1577
1269.000       1.1489
1288.000       1.3491
1304.000       1.3511
1323.000       1.4199
1337.000       1.1054
1348.000       0.8360
1364.000       0.9789
1386.000       1.0372
1403.000       0.8531
1422.000       0.9959
1438.000       1.2556
1449.000       1.0838
1465.000       0.8881
1475.000       1.2192
1486.000       1.5507
1500.000       1.3248
1519.000       1.8217
1530.000       1.3227
1549.000       1.7110
1568.000       1.3467
1590.000       1.2509
1596.000       1.3381
1614.000       0.9601
1633.000       0.7081
1655.000       0.7976
1665.000       0.8210
1676.000       0.6677
1698.000       0.6074
1717.000       0.6169
1733.000       0.6201
1750.000       0.6801
1760.000       0.6751
1776.000       0.6897
1787.000       0.8818
1809.000       0.9007
1830.000       0.8916
1852.000       0.7343
1866.000       0.8056
1883.000       0.8531
1905.000       1.0418
