  -1.329
  -1.194
   0.842
  -1.204
   1.787
   1.378
  -1.531
   0.605
   1.747
  -1.804
  -0.154
   2.456
   1.080
   3.439
   3.463
  -1.596
   0.163
  -1.261
   1.265
   0.091
  -2.495
  -0.333
  -4.508
   0.033
   0.330
  -1.173
   1.433
  -0.820
  -1.625
  -0.205
   1.800
  -1.800
  -0.717
   0.022
   2.635
   4.575
  -5.751
  -1.023
  -1.531
   4.693
   3.377
  -3.581
  -1.172
   0.241
  -4.964
  -1.337
   1.064
  -3.281
  -0.289
   8.028
  -6.657
  -4.563
  -0.142
   5.262
   2.845
  -2.901
  -1.849
  -0.032
  -1.056
   4.189
   4.627
  -2.835
   0.814
   5.422
  -0.794
  -0.114
   5.112
  -3.705
  -3.136
   2.116
  -4.670
  -3.167
   0.172
   0.870
   2.072
  -0.459
  -1.582
   0.303
   2.772
   4.053
   3.858
  -4.354
   1.420
   0.478
   0.361
   0.118
  -1.182
  -1.485
  -0.491
   5.941
   0.743
   1.488
   0.551
   0.550
   3.436
   3.137
  -1.725
   0.822
   1.063
   1.160
   1.908
   1.368
   0.725
  -1.697
   0.601
   0.400
   3.363
   1.948
   1.833
   1.088
   0.949
   2.568
   0.298
  -1.144
  -0.069
   0.627
  -2.756
  -4.913
   0.871
  -2.027
   1.163
  -1.297
  -0.488
  -2.025
   2.044
  -5.328
   1.869
   1.770
   0.105
   1.702
  -3.172
   2.406
   5.201
  -0.668
   3.017
  -1.468
   0.806
  -2.122
   4.165
   0.733
   0.319
  -2.761
  -2.728
  -0.414
   2.930
   1.318
  -0.269
   1.743
  -1.804
  -2.243
  -1.198
  -2.314
  -0.784
   0.061
  -2.512
   1.605
  -0.562
  -0.823
   1.837
  -3.910
  -1.279
  -0.867
  -5.135
  -4.882
  -0.097
  -1.639
   0.695
  -1.856
  -0.006
   2.071
   2.746
   2.295
   2.290
  -0.168
  -2.622
   2.061
  -0.001
  -3.866
  -0.856
  -2.486
   1.200
   4.041
   1.568
   1.100
   0.995
  -1.182
   1.883
   5.218
   1.501
   0.027
   3.215
   0.566
   0.021
  -1.387
  -2.980
  -2.050
  -3.220
   0.292
   7.907
  -2.808
   2.886
  -4.463
  -1.207
   5.782
  -1.183
   2.371
   4.604
  -1.786
   0.738
  -1.718
  -4.488
  -2.225
   1.034
   0.762
  -1.835
  -3.426
  -3.557
   4.687
  -0.680
  -2.009
   1.487
  -1.737
   1.580
  -1.915
  -0.501
  -0.316
  -2.052
  -0.094
   1.365
  -1.813
  -0.893
  -4.313
   0.892
   6.636
   0.931
   1.520
   0.108
  -1.568
  -3.964
   6.966
  -7.893
   3.774
   3.325
  -5.862
   0.826
  -2.173
  -3.570
   1.921
  -2.835
   1.808
   0.513
   1.359
  -1.515
  -3.773
  -0.285
  -3.175
  -0.459
   2.542
  -0.956
  -2.776
   2.536
   0.549
   3.317
   4.435
  -3.295
   7.534
   2.602
  -0.840
   3.780
  -1.520
   2.153
   5.430
   4.904
  -0.931
   4.616
   7.360
  -4.402
   3.387
  -5.417
   1.022
  -0.758
  -1.768
   0.036
   0.214
  -1.899
  -0.293
   0.247
  -0.220
  -0.884
  -1.207
   2.673
  -0.519
   3.319
  -0.988
   0.254
   0.775
   3.466
   3.527
   3.098
   0.780
  -3.279
  -2.065
  -2.389
   1.855
   0.477
  -0.435
   1.694
   1.870
  -3.512
   2.121
   0.247
  -1.974
   5.392
   1.538
  -2.967
   4.350
  -1.973
   2.441
   4.034
  -0.914
  -0.405
   5.735
   2.975
   1.282
   0.565
   1.204
   0.480
  -1.297
  -0.041
  -1.720
   0.371
  -1.476
   2.010
