#Atom            RMSF
  36.000       1.3269
  55.000       1.4894
  74.000       1.4259
  93.000       1.1166
 112.000       1.1251
 134.000       1.2939
 148.000       1.3803
 172.000       1.2331
 191.000       1.2623
 209.000       1.5103
 223.000       1.5893
 242.000       1.5463
 259.000       1.5464
 270.000       1.3415
 286.000       0.9403
 296.000       1.0996
 318.000       1.3815
 332.000       1.3138
 351.000       1.1024
 365.000       1.2672
 372.000       1.1012
 391.000       1.2050
 407.000       1.2718
 424.000       1.2367
 441.000       0.9214
 463.000       0.8649
 473.000       0.9618
 487.000       0.8711
 503.000       0.8740
 519.000       1.0671
 538.000       1.3964
 557.000       1.5629
 564.000       1.0450
 578.000       1.4812
 597.000       1.3139
 613.000       1.4210
 629.000       1.4108
 648.000       0.9864
 664.000       0.8269
 686.000       0.7482
 708.000       0.6025
 724.000       0.5689
 741.000       0.6208
 760.000       0.5728
 781.000       0.6051
 792.000       0.7028
 811.000       0.8044
 821.000       0.8847
 840.000       0.9142
 859.000       1.0601
 881.000       1.3773
 895.000       1.2188
 915.000       1.4373
 929.000       1.1109
 948.000       1.0702
 967.000       1.9506
 983.000       3.0772
1005.000       3.3154
1019.000       2.6312
1033.000       2.3171
1049.000       1.5342
1069.000       0.9711
1099.000       1.4946
1105.000       1.4277
1122.000       1.2118
1129.000       1.1952
1148.000       1.2771
1170.000       1.3711
1180.000       1.1342
1196.000       1.0483
1213.000       1.0539
1232.000       1.3504
1251.000       1.3113
1270.000       1.0323
1289.000       1.0628
1305.000       1.1165
1324.000       1.2467
1338.000       1.0312
1349.000       0.8594
1365.000       1.1030
1387.000       1.1350
1404.000       0.9799
1423.000       1.1722
1439.000       1.2818
1450.000       1.0031
1466.000       1.0278
1476.000       1.6308
1487.000       1.6087
1501.000       1.3462
1520.000       1.7194
1531.000       1.2910
1550.000       1.5537
1569.000       1.2169
1591.000       1.1098
1597.000       0.8909
1615.000       0.7791
1634.000       0.8173
1656.000       0.7477
1666.000       0.6261
1677.000       0.6662
1699.000       0.7047
1718.000       0.6657
1734.000       0.7264
1751.000       0.8072
1761.000       0.7963
1777.000       0.8349
1788.000       0.9223
1810.000       1.0780
1831.000       1.1162
1853.000       0.9038
1867.000       1.0397
1884.000       1.0989
1906.000       1.2084
