#Atom            RMSF
  36.000       1.2026
  55.000       1.3607
  74.000       1.3228
  93.000       0.9733
 112.000       0.8540
 134.000       0.9837
 148.000       0.9875
 172.000       0.8760
 191.000       0.9696
 209.000       1.1359
 223.000       1.2180
 242.000       1.1147
 259.000       1.1417
 270.000       1.0318
 286.000       0.7481
 296.000       0.7985
 318.000       1.0197
 332.000       0.9807
 351.000       0.8794
 365.000       1.0366
 372.000       0.8807
 391.000       1.0343
 407.000       1.0068
 424.000       1.0410
 441.000       0.8718
 463.000       0.7233
 473.000       0.8096
 487.000       0.7108
 503.000       0.6442
 519.000       0.6941
 538.000       0.7173
 557.000       0.7642
 564.000       0.8216
 578.000       0.9116
 597.000       1.1782
 613.000       1.2884
 629.000       1.4485
 648.000       1.0043
 664.000       0.8275
 686.000       0.6907
 708.000       0.5439
 724.000       0.4934
 741.000       0.5470
 760.000       0.5127
 781.000       0.5085
 791.000       0.5520
 810.000       0.6021
 820.000       0.6308
 839.000       0.5641
 858.000       0.7248
 880.000       0.9069
 894.000       0.8246
 914.000       0.8987
 928.000       0.7619
 947.000       0.8478
 966.000       2.0021
 982.000       2.8458
1004.000       2.1539
1018.000       1.7911
1032.000       1.4479
1048.000       1.1173
1068.000       0.8695
1098.000       1.2353
1104.000       1.2377
1121.000       1.0513
1128.000       0.8688
1147.000       0.9853
1169.000       1.2365
1179.000       1.1031
1195.000       0.9158
1212.000       1.0031
1231.000       1.1343
1250.000       0.9103
1269.000       0.8888
1288.000       1.2109
1304.000       1.4189
1323.000       1.5477
1337.000       1.1217
1348.000       0.9786
1364.000       1.3139
1386.000       1.0679
1403.000       0.7823
1422.000       1.0560
1438.000       1.0726
1449.000       0.8317
1465.000       0.8815
1475.000       1.8676
1486.000       2.1208
1500.000       1.7666
1519.000       2.3140
1530.000       1.6660
1549.000       1.7672
1568.000       1.5176
1590.000       1.4320
1596.000       0.9326
1614.000       0.7277
1633.000       0.7254
1655.000       0.6410
1665.000       0.5084
1676.000       0.5272
1698.000       0.5503
1717.000       0.5620
1733.000       0.6089
1750.000       0.6900
1760.000       0.6898
1776.000       0.6424
1787.000       0.7926
1809.000       0.7315
1830.000       0.7092
1852.000       0.6532
1866.000       0.6945
1883.000       0.7579
1905.000       1.0368
