  -0.041
   0.094
  -0.084
   0.314
   0.657
  -0.597
  -0.209
   0.208
   0.463
  -0.011
  -0.025
  -0.366
   0.425
   0.232
  -0.113
   0.373
   0.360
  -0.419
  -0.132
  -0.364
  -0.121
  -0.760
   0.068
   0.308
  -0.518
  -0.306
  -0.713
  -0.630
   0.816
   0.113
   0.346
  -0.246
   0.898
   0.148
   0.073
   0.403
  -0.207
   0.373
   0.176
  -0.053
  -0.554
  -0.706
   0.088
  -0.524
   0.062
   0.225
  -0.011
  -0.132
   0.882
  -0.445
   0.620
  -0.215
  -1.076
   1.190
   0.153
  -0.478
  -0.125
  -0.993
  -1.675
   0.738
  -0.677
   1.402
  -0.374
   0.110
   1.177
   0.137
  -0.617
   0.410
   1.018
   0.118
  -0.245
   0.081
  -0.746
  -0.234
   1.613
  -0.315
  -0.051
  -1.282
  -0.493
   0.777
  -0.695
   0.368
  -0.280
   0.029
   0.230
  -0.141
  -0.669
   0.361
  -0.243
  -0.262
   0.421
   0.543
  -0.196
  -0.523
   0.321
   0.833
  -0.923
  -1.530
  -0.142
   0.263
  -0.116
  -0.172
   0.005
   0.023
   0.304
  -0.724
   0.183
  -0.513
  -0.800
   0.124
  -0.400
   0.198
   0.443
   0.035
   0.142
  -0.204
   0.035
   0.447
  -0.038
   0.563
   0.459
   0.731
  -0.613
   0.431
   0.348
  -0.547
  -0.466
   0.220
   0.217
  -0.604
  -0.902
  -0.482
  -0.911
  -0.519
   0.528
  -0.064
  -1.105
   1.765
  -0.155
  -1.033
   0.568
  -1.438
  -1.290
   0.108
  -0.254
  -0.394
   0.288
   0.932
   0.244
  -1.071
   0.279
  -0.487
  -0.094
  -0.551
  -1.211
  -0.617
   0.209
   0.482
  -0.897
   0.058
   0.503
   0.958
  -0.208
  -1.142
   0.220
   0.714
   0.213
   0.313
   0.685
   0.866
   0.110
  -0.396
  -0.391
  -0.904
  -0.383
  -0.297
   0.118
  -0.079
   0.029
   0.462
  -0.340
   0.155
  -0.570
   0.500
  -0.360
  -0.686
   1.240
   0.515
  -0.475
   1.225
  -0.494
  -0.133
   0.812
  -1.286
   0.158
  -0.845
  -0.844
  -1.179
  -0.034
   1.322
  -0.095
   0.090
   0.473
   0.037
  -0.948
   0.581
  -1.033
  -0.169
  -0.104
  -0.895
   0.959
   0.525
  -0.769
   1.245
   0.635
  -0.561
   0.581
  -0.356
  -0.826
   0.780
  -0.274
   0.649
  -0.034
   0.124
   0.304
  -0.421
  -0.033
   0.104
  -0.170
  -0.353
   0.458
   0.963
  -0.647
  -0.586
  -0.345
   0.280
  -0.512
   0.533
  -0.362
   0.175
  -0.093
   0.269
  -0.136
  -0.509
  -0.663
   0.128
   0.892
   0.898
  -0.430
   0.319
  -0.050
   0.508
  -1.400
   0.442
  -1.121
   0.036
  -0.284
  -1.494
  -0.576
  -0.780
  -0.207
   1.418
   0.743
   0.016
   0.217
   0.233
  -0.460
   0.911
   0.517
  -1.001
   0.260
  -0.556
  -0.604
   0.360
  -0.234
   1.104
   0.043
  -0.566
   0.146
  -0.298
  -0.213
   0.983
  -0.072
   0.134
   0.479
   0.353
   0.584
   0.319
  -0.212
   0.297
   0.097
   0.241
  -0.709
   0.163
   0.039
  -0.171
  -1.345
   0.575
  -1.232
  -0.763
   0.318
  -0.859
   0.024
   0.322
   0.580
   0.140
   0.875
  -0.622
  -0.545
  -0.539
  -0.866
  -0.250
   1.702
   1.824
   0.920
   1.494
  -0.756
  -1.111
  -0.859
   0.435
   0.646
  -0.220
   0.112
   0.019
   0.072
  -0.113
   0.839
   0.406
  -0.292
   0.301
  -0.147
   0.082
  -0.750
