#Atom            RMSF
  36.000       1.7254
  55.000       1.8265
  74.000       1.5622
  93.000       1.2731
 112.000       1.3508
 134.000       1.3605
 148.000       1.1860
 172.000       1.0665
 191.000       1.1031
 209.000       1.1362
 223.000       1.3009
 242.000       1.4240
 259.000       1.4927
 270.000       1.4758
 286.000       1.3291
 296.000       1.7068
 318.000       2.0360
 332.000       1.7796
 351.000       1.2075
 365.000       1.3846
 372.000       1.2351
 391.000       1.4538
 407.000       1.7360
 424.000       1.8871
 441.000       1.4609
 463.000       1.4227
 473.000       1.4794
 487.000       1.3252
 503.000       1.2564
 519.000       1.1567
 538.000       1.4631
 557.000       2.6092
 564.000       1.2582
 578.000       1.1696
 597.000       1.2642
 613.000       0.9767
 629.000       1.2991
 648.000       0.9821
 664.000       0.7771
 686.000       0.6491
 708.000       0.6391
 724.000       0.5673
 741.000       0.6027
 760.000       0.6184
 781.000       0.5799
 791.000       0.5975
 810.000       0.7343
 820.000       0.8010
 839.000       0.6978
 858.000       0.8330
 880.000       1.0834
 894.000       1.2749
 914.000       1.4114
 928.000       1.1930
 947.000       1.1508
 966.000       1.6197
 982.000       2.1045
1004.000       1.7382
1018.000       1.5317
1032.000       1.3613
1048.000       1.0598
1068.000       0.9434
1098.000       1.3436
1104.000       1.5287
1121.000       1.4028
1128.000       0.9313
1147.000       0.8457
1169.000       1.0685
1179.000       1.0227
1195.000       0.7905
1212.000       0.8407
1231.000       1.1073
1250.000       1.2914
1269.000       1.2516
1288.000       1.4411
1304.000       1.3970
1323.000       1.6389
1337.000       1.2686
1348.000       0.8764
1364.000       1.1953
1386.000       1.1402
1403.000       0.7671
1422.000       0.9462
1438.000       1.1842
1449.000       0.9145
1465.000       0.7937
1475.000       1.7303
1486.000       1.9056
1500.000       1.2321
1519.000       1.4541
1530.000       1.1765
1549.000       1.2510
1568.000       1.0620
1590.000       0.9064
1596.000       0.8262
1614.000       0.7674
1633.000       0.6721
1655.000       0.6457
1665.000       0.6655
1676.000       0.6408
1698.000       0.5946
1717.000       0.6749
1733.000       0.7286
1750.000       0.7234
1760.000       0.6928
1776.000       0.8122
1787.000       0.9558
1809.000       0.9186
1830.000       0.9699
1852.000       0.9594
1866.000       1.0566
1883.000       1.2313
1905.000       1.5850
