#Atom            RMSF
  36.000       0.9075
  55.000       0.9281
  74.000       0.8966
  93.000       0.7305
 112.000       0.7004
 134.000       0.7723
 148.000       0.8117
 172.000       0.8039
 191.000       0.8973
 209.000       0.9890
 223.000       0.8730
 242.000       1.0288
 259.000       1.3933
 270.000       1.2732
 286.000       1.1125
 296.000       1.3875
 318.000       1.5940
 332.000       1.4901
 351.000       0.9072
 365.000       1.2479
 372.000       1.0657
 391.000       1.5905
 407.000       1.9067
 424.000       2.1264
 441.000       1.5550
 463.000       1.2392
 473.000       1.3381
 487.000       1.3156
 503.000       1.2646
 519.000       1.0216
 538.000       0.9273
 557.000       1.6020
 564.000       1.3593
 578.000       1.0553
 597.000       1.0420
 613.000       0.9197
 629.000       1.0149
 648.000       0.8369
 664.000       0.7542
 686.000       0.7954
 708.000       0.6086
 724.000       0.5379
 741.000       0.6865
 760.000       0.6740
 781.000       0.6096
 791.000       0.7932
 810.000       0.9694
 820.000       0.8818
 839.000       0.9364
 858.000       1.2857
 880.000       1.0534
 894.000       1.0606
 914.000       1.2842
 928.000       1.4089
 947.000       1.1941
 966.000       1.8053
 982.000       2.7352
1004.000       2.4742
1018.000       2.6879
1032.000       2.3160
1048.000       1.4835
1068.000       1.8833
1098.000       1.7275
1104.000       1.5389
1121.000       1.5955
1128.000       1.3306
1147.000       0.8963
1169.000       1.2707
1179.000       1.0998
1195.000       0.8451
1212.000       0.8925
1231.000       1.1041
1250.000       1.1886
1269.000       0.8946
1288.000       0.9348
1304.000       0.9850
1323.000       1.1255
1337.000       0.8318
1348.000       0.6415
1364.000       0.8456
1386.000       0.7737
1403.000       0.6668
1422.000       0.8576
1438.000       0.9310
1449.000       0.7774
1465.000       0.7356
1475.000       1.2658
1486.000       1.5675
1500.000       1.5062
1519.000       1.8681
1530.000       1.5197
1549.000       1.8095
1568.000       1.3761
1590.000       1.2306
1596.000       0.9584
1614.000       0.7968
1633.000       0.8722
1655.000       0.7319
1665.000       0.5776
1676.000       0.6940
1698.000       0.6981
1717.000       0.6603
1733.000       0.6690
1750.000       0.6979
1760.000       0.6489
1776.000       0.7671
1787.000       0.8745
1809.000       0.7686
1830.000       0.7842
1852.000       0.7269
1866.000       0.9836
1883.000       0.8999
1905.000       1.2635
