   4.305
   0.198
   3.763
   5.052
  -1.919
   2.817
   4.830
   3.305
  -7.481
   6.974
   2.691
  -1.427
   3.790
   0.934
  -1.749
   1.174
  -7.515
 -11.473
  -0.304
  -2.548
  -7.778
  -9.024
   4.416
  -1.649
   0.504
   3.416
   1.835
   9.073
   0.015
   2.039
  -4.234
   4.172
  -5.085
   8.658
   5.688
  -2.611
   3.951
   5.714
   3.833
  -4.930
  -0.677
 -15.349
   3.623
  -0.812
  -6.703
 -18.764
  -0.118
   5.434
   0.987
  12.159
   1.364
   8.963
   8.531
  -5.911
  -5.120
  -2.776
   3.456
   1.997
   8.884
 -10.439
   3.333
   7.249
  -9.104
  -6.841
  -5.659
  -1.758
   1.103
   8.785
   9.256
   3.171
 -10.748
   9.330
  -3.726
  -3.814
 -13.621
  -2.348
  -7.808
  -8.569
 -17.428
   8.470
   5.184
  -8.982
  -5.766
   0.648
 -12.202
   7.018
   0.174
   8.639
  -5.630
  -6.089
  -0.068
  -1.102
  -6.425
  -4.172
   2.257
   4.061
   7.933
   7.893
   4.154
  -5.723
  -3.512
  -6.772
  -7.190
  -0.097
   3.546
  -0.475
  -2.507
   0.399
  -6.360
   2.693
   7.892
  -1.443
  -3.389
  -0.888
   1.263
  -1.023
  -6.510
  -4.554
   4.963
  -5.889
  -2.340
   2.137
   1.632
  -0.200
   2.671
  -5.460
   5.991
  11.433
   4.296
  -0.615
  -2.809
  -2.287
   1.632
   0.687
  -5.045
  -6.889
  -5.412
   7.922
  11.025
  -8.202
   2.888
   6.312
  -6.324
   7.531
   2.809
  -4.940
  -1.997
  -0.398
   0.630
  -0.903
   2.607
   1.168
   1.335
  -4.577
   7.097
   3.797
  -5.063
  -6.593
   1.809
   0.756
 -10.897
  -0.071
  -3.325
  -9.043
 -10.283
   7.961
   1.111
   4.026
   2.915
  -8.418
   1.658
   5.482
   1.363
   5.782
  -5.001
  -3.532
  -4.638
   0.125
  -0.822
   0.619
   4.823
  -0.585
  -4.712
  -8.864
   2.873
   5.576
  -1.174
  -5.487
   8.335
   8.036
  -8.048
  -8.962
  -9.595
  -7.454
   8.419
  -2.847
   3.146
 -16.486
  10.927
  -0.226
 -11.226
  -0.799
  -0.340
   2.781
   3.399
  -2.562
   3.957
  -5.400
   4.517
   3.531
  -2.201
  -2.679
  -8.222
  10.200
   4.100
   0.221
  -5.184
   3.489
  -7.294
   1.820
   8.307
   0.792
  -7.478
   0.132
   8.422
  -1.612
   9.432
  -0.024
  -2.494
   5.431
   7.260
  -3.401
 -10.266
   4.907
  12.211
  -4.090
  -3.949
  -6.892
   2.629
  12.370
   0.078
  -4.550
  13.968
   3.752
  -5.227
 -11.445
  -5.570
 -18.004
   0.147
  -0.344
  -8.636
   4.167
  -4.945
  -2.133
  15.211
   6.655
  -3.110
 -10.147
  -1.479
  -1.988
   5.366
  -4.988
   7.030
   5.111
   1.685
  -4.632
  -1.898
 -10.647
  -2.354
   7.036
   0.376
  -2.577
   6.566
   3.988
  -0.389
   6.103
   0.000
  -7.568
  -7.909
   4.014
  -8.052
  -3.354
  -7.613
   0.094
  -0.631
  -1.954
  -0.705
   2.163
   1.773
   0.820
   0.419
   0.248
   0.948
  -0.756
  -3.135
  -7.203
   2.862
  -3.057
  -8.488
   6.749
   7.462
  -1.326
   3.116
   1.023
  -1.533
   0.921
  -5.231
   5.347
  -3.755
   1.594
   2.048
   5.264
   0.511
   7.800
  12.505
   2.704
  -4.356
  -6.692
   0.679
  -7.041
  -7.731
   2.163
   0.173
  -3.640
   8.283
  -2.264
   5.348
  -1.608
   3.376
  -5.773
   1.713
   0.374
  -1.508
