#Atom            RMSF
  36.000       1.5311
  55.000       1.4709
  74.000       1.3106
  93.000       0.9528
 112.000       1.1322
 134.000       1.2003
 148.000       1.1329
 172.000       1.0216
 191.000       1.2328
 209.000       1.3146
 223.000       0.9952
 242.000       0.9187
 259.000       1.1640
 270.000       1.0288
 286.000       0.8174
 296.000       1.0024
 318.000       1.1333
 332.000       1.0574
 351.000       0.9177
 365.000       1.1928
 372.000       0.9594
 391.000       1.1100
 407.000       1.1205
 424.000       1.0854
 441.000       0.8712
 463.000       0.7470
 473.000       0.8223
 487.000       0.7402
 503.000       0.6221
 519.000       0.6373
 538.000       0.7157
 557.000       0.7592
 564.000       0.7623
 578.000       0.8610
 597.000       1.0713
 613.000       0.8054
 629.000       0.8934
 648.000       0.7599
 664.000       0.7325
 686.000       0.6638
 708.000       0.4932
 724.000       0.4610
 741.000       0.5640
 760.000       0.5145
 781.000       0.4901
 791.000       0.6095
 810.000       0.6963
 820.000       0.8131
 839.000       0.9378
 858.000       1.0914
 880.000       1.2239
 894.000       0.9896
 914.000       1.0371
 928.000       0.9717
 947.000       0.8365
 966.000       1.3804
 982.000       1.5669
1004.000       1.4159
1018.000       0.9682
1032.000       1.1929
1048.000       1.0125
1068.000       0.9929
1098.000       1.5455
1104.000       1.7848
1121.000       1.3784
1128.000       1.1867
1147.000       1.0968
1169.000       1.1119
1179.000       1.0778
1195.000       0.9685
1212.000       0.9964
1231.000       1.2959
1250.000       1.2310
1269.000       1.0105
1288.000       1.1568
1304.000       1.2161
1323.000       1.3742
1337.000       0.9769
1348.000       0.8087
1364.000       1.0417
1386.000       0.9528
1403.000       0.7590
1422.000       1.0079
1438.000       1.1532
1449.000       0.9132
1465.000       0.8299
1475.000       1.7699
1486.000       1.9759
1500.000       1.4294
1519.000       1.4162
1530.000       0.9666
1549.000       1.0726
1568.000       0.8686
1590.000       0.7565
1596.000       0.7039
1614.000       0.6055
1633.000       0.5858
1655.000       0.5665
1665.000       0.4927
1676.000       0.5658
1698.000       0.5422
1717.000       0.5064
1733.000       0.5524
1750.000       0.5761
1760.000       0.5646
1776.000       0.6066
1787.000       0.7255
1809.000       0.7286
1830.000       0.7405
1852.000       0.7044
1866.000       0.7044
1883.000       0.7100
1905.000       0.9989
