  -0.223
   1.167
  -0.111
   0.252
   0.102
  -0.725
   0.328
  -0.320
   0.075
  -0.141
   0.793
  -1.732
   0.716
  -0.525
  -1.817
   0.358
  -0.651
  -0.759
   1.430
  -0.613
  -0.343
  -0.172
   0.818
   0.359
   0.291
  -0.245
   1.135
  -0.484
  -0.751
   1.281
   0.056
   2.375
   0.273
   1.378
  -0.522
   0.190
  -1.554
   1.067
   0.684
   0.663
  -0.475
  -0.097
  -0.645
  -0.878
  -0.801
  -0.544
  -1.679
   0.065
  -0.037
  -1.433
  -0.676
  -2.469
  -2.391
  -0.692
  -2.732
   1.775
   2.065
  -2.543
  -2.433
  -0.389
  -0.027
  -0.485
   0.208
   0.997
   1.675
  -1.010
   0.655
   3.479
  -2.300
   0.940
   1.901
   1.213
   0.959
   1.942
  -1.069
   1.535
   0.125
   1.045
   1.287
   1.646
   1.305
  -0.859
  -0.700
   0.033
   1.835
   1.326
  -1.531
  -1.687
   0.632
  -1.520
  -0.201
  -1.328
  -0.772
  -0.469
   1.303
  -0.019
   0.180
   0.971
  -0.759
   1.906
   0.925
  -0.255
   0.317
   0.755
   0.701
  -0.305
  -0.372
  -1.247
  -1.105
   1.019
  -0.794
  -1.005
  -0.429
   1.196
   1.239
   0.791
   0.023
  -0.984
  -0.088
   0.358
   0.317
  -0.497
   0.011
  -0.280
  -0.399
   0.328
   0.274
  -0.079
  -1.939
  -1.391
   0.103
   0.109
  -1.500
   0.634
   0.093
  -1.384
   0.686
  -1.146
   0.038
  -0.491
   2.016
   0.375
   1.233
  -1.414
  -0.063
  -0.749
  -0.522
  -0.101
  -1.297
   0.174
  -0.872
   2.152
  -1.256
   0.811
   0.898
  -2.443
  -1.025
  -1.862
   1.319
  -0.440
   0.056
  -0.221
   0.340
   0.578
  -1.715
   0.296
  -0.277
   0.764
  -1.374
   1.461
   1.883
   0.724
  -0.244
  -1.413
  -1.185
   0.611
  -0.309
   0.262
   1.436
  -0.027
   0.795
  -1.756
   0.141
   1.220
   0.214
  -2.743
  -2.188
   4.873
   2.664
  -1.603
  -4.373
   1.383
   1.897
   1.045
  -1.031
  -1.657
   1.093
  -0.358
   1.555
   1.902
   0.409
  -0.274
  -0.908
   0.125
   0.967
  -0.408
   1.333
   0.454
  -2.018
   0.086
   1.423
   3.143
  -1.570
  -0.171
  -0.859
   0.352
   1.445
   0.594
  -0.259
   1.538
   1.264
   0.310
  -0.601
   1.447
  -1.298
   0.794
   3.153
  -0.753
  -2.212
   0.301
  -0.691
  -1.804
  -1.026
  -0.374
   2.038
   1.110
   0.354
  -1.044
   1.521
   0.239
  -0.246
  -0.698
   0.189
   0.313
   1.133
   0.362
  -1.298
  -1.611
  -0.349
  -1.257
  -0.059
  -2.021
   2.613
   1.594
   1.881
  -0.179
  -0.823
  -0.707
   1.232
  -0.589
   1.939
   0.570
  -0.624
  -0.648
   1.186
  -0.858
  -0.760
   0.369
   0.359
  -0.952
  -1.078
   0.383
   0.224
  -0.361
   4.537
  -1.678
   1.163
  -1.015
  -0.359
  -0.377
  -0.668
   0.666
   0.544
   0.290
   0.791
  -0.546
  -1.038
  -0.559
   0.112
  -0.841
  -0.429
  -1.330
   1.899
   0.873
   1.014
   0.041
   0.438
   0.051
   0.547
   0.436
  -0.648
  -2.432
   0.439
   1.352
  -0.634
   0.836
   1.629
   0.376
   0.370
  -0.149
   0.313
  -0.227
  -0.037
   1.315
   1.760
   0.380
  -0.652
   0.031
  -0.893
   1.140
  -1.035
  -0.454
  -2.554
   0.830
   1.355
  -1.096
   1.047
  -0.544
  -0.025
  -0.609
   0.341
   0.934
  -0.075
