#Atom            RMSF
  36.000       1.0424
  55.000       1.1182
  74.000       1.2684
  93.000       0.9613
 112.000       0.7813
 134.000       1.0174
 148.000       1.0936
 172.000       0.7926
 191.000       0.8370
 209.000       0.8560
 223.000       0.7344
 242.000       0.7251
 259.000       0.9578
 270.000       0.8121
 286.000       0.7150
 296.000       0.9379
 318.000       1.1198
 332.000       1.0458
 351.000       0.8661
 365.000       1.1848
 372.000       0.8846
 391.000       0.9570
 407.000       1.0078
 424.000       0.9763
 441.000       0.7768
 463.000       0.7024
 473.000       0.8103
 487.000       0.7177
 503.000       0.6591
 519.000       0.6852
 538.000       0.8221
 557.000       0.9123
 564.000       0.8951
 578.000       0.9640
 597.000       1.0113
 613.000       1.0427
 629.000       1.0384
 648.000       0.8267
 664.000       0.8042
 686.000       0.7386
 708.000       0.6112
 724.000       0.5894
 741.000       0.6711
 760.000       0.5894
 781.000       0.5971
 791.000       0.6972
 810.000       0.6770
 820.000       0.7153
 839.000       0.7571
 858.000       0.7867
 880.000       0.8235
 894.000       0.9466
 914.000       1.0853
 928.000       1.2824
 947.000       1.2612
 966.000       1.7508
 982.000       2.4287
1004.000       2.3395
1018.000       2.0397
1032.000       1.9783
1048.000       1.7506
1068.000       1.9405
1098.000       2.0228
1104.000       1.7494
1121.000       1.9327
1128.000       1.7119
1147.000       1.1126
1169.000       1.6134
1179.000       1.6366
1195.000       1.1028
1212.000       1.0894
1231.000       1.4798
1250.000       1.3951
1269.000       1.1510
1288.000       1.2233
1304.000       1.1905
1323.000       1.2721
1337.000       1.0234
1348.000       0.8079
1364.000       0.9721
1386.000       0.9653
1403.000       0.8394
1422.000       1.0425
1438.000       1.2020
1449.000       1.0718
1465.000       0.9940
1475.000       1.7798
1486.000       2.1370
1500.000       2.7287
1519.000       2.5177
1530.000       2.2028
1549.000       1.6743
1568.000       1.1954
1590.000       1.1032
1596.000       0.9431
1614.000       0.7127
1633.000       0.6893
1655.000       0.7226
1665.000       0.5895
1676.000       0.6246
1698.000       0.6471
1717.000       0.5993
1733.000       0.6083
1750.000       0.6774
1760.000       0.6717
1776.000       0.6239
1787.000       0.7351
1809.000       0.7856
1830.000       0.7635
1852.000       0.6876
1866.000       0.6678
1883.000       0.7433
1905.000       0.9283
