#Atom            RMSF
  36.000       2.7768
  55.000       2.4866
  74.000       2.3304
  93.000       1.8024
 112.000       1.3178
 134.000       1.5622
 148.000       1.8397
 172.000       1.8358
 191.000       1.7698
 209.000       1.8099
 223.000       1.9734
 242.000       1.6992
 259.000       1.5876
 270.000       1.5567
 286.000       1.3065
 296.000       1.4125
 318.000       1.6208
 332.000       1.5231
 351.000       1.0987
 365.000       1.3263
 372.000       1.0805
 391.000       1.2743
 407.000       1.4145
 424.000       1.4371
 441.000       1.1210
 463.000       1.0674
 473.000       1.2527
 487.000       1.1122
 503.000       1.0502
 519.000       1.1339
 538.000       1.1952
 557.000       2.2821
 564.000       1.3256
 578.000       1.3318
 597.000       1.3827
 613.000       1.3907
 629.000       1.5946
 648.000       1.1994
 664.000       1.0846
 686.000       0.9086
 708.000       0.7897
 724.000       0.8786
 741.000       0.9505
 760.000       0.8287
 781.000       0.9136
 791.000       1.0569
 810.000       1.0389
 820.000       1.0838
 839.000       1.0617
 858.000       1.2267
 880.000       1.6820
 894.000       1.8257
 914.000       1.6590
 928.000       1.5824
 947.000       1.3286
 966.000       2.1848
 982.000       2.8149
1004.000       2.8859
1018.000       2.6107
1032.000       2.7510
1048.000       2.2004
1068.000       1.8690
1098.000       2.5794
1104.000       2.4826
1121.000       2.8585
1128.000       2.6066
1147.000       1.7913
1169.000       2.4051
1179.000       2.2498
1195.000       1.3331
1212.000       1.4194
1231.000       1.9027
1250.000       1.5619
1269.000       1.3639
1288.000       1.6402
1304.000       1.5447
1323.000       1.7121
1337.000       1.3719
1348.000       0.9485
1364.000       1.1272
1386.000       1.2737
1403.000       1.1250
1422.000       1.4221
1438.000       1.7222
1449.000       1.5964
1465.000       1.3562
1475.000       2.1867
1486.000       2.4135
1500.000       1.5276
1519.000       1.9213
1530.000       1.5726
1549.000       2.0439
1568.000       1.7209
1590.000       1.6321
1596.000       1.3316
1614.000       1.0983
1633.000       1.1138
1655.000       1.0774
1665.000       0.9093
1676.000       0.8050
1698.000       0.8943
1717.000       0.8706
1733.000       0.7921
1750.000       0.9489
1760.000       1.0643
1776.000       1.0086
1787.000       1.1468
1809.000       1.1779
1830.000       1.0985
1852.000       0.9192
1866.000       1.2163
1883.000       1.3415
1905.000       1.9283
