#Atom            RMSF
  36.000       1.2788
  55.000       1.4115
  74.000       1.5407
  93.000       1.2785
 112.000       1.0818
 134.000       1.3602
 148.000       1.4617
 172.000       1.1066
 191.000       1.0116
 209.000       1.0529
 223.000       1.1101
 242.000       1.1296
 259.000       1.2440
 270.000       1.1961
 286.000       1.0322
 296.000       1.1898
 318.000       1.3423
 332.000       1.1741
 351.000       1.0268
 365.000       1.3009
 372.000       1.0496
 391.000       1.1890
 407.000       1.2103
 424.000       1.1834
 441.000       0.9531
 463.000       0.8674
 473.000       0.9509
 487.000       1.1502
 503.000       1.1705
 519.000       1.0601
 538.000       1.0957
 557.000       0.9953
 564.000       0.9510
 578.000       0.9802
 597.000       1.0000
 613.000       1.1723
 629.000       1.2828
 648.000       0.8868
 664.000       0.7258
 686.000       0.6912
 708.000       0.6427
 724.000       0.6044
 741.000       0.6334
 760.000       0.6607
 781.000       0.6895
 791.000       0.8015
 810.000       0.8706
 820.000       1.0181
 839.000       1.1154
 858.000       1.1982
 880.000       1.1865
 894.000       1.0282
 914.000       0.9910
 928.000       0.8708
 947.000       0.9095
 966.000       1.4790
 982.000       2.0580
1004.000       1.7115
1018.000       1.3101
1032.000       1.2743
1048.000       1.0741
1068.000       0.8369
1098.000       1.1094
1104.000       1.3740
1121.000       1.2556
1128.000       0.9580
1147.000       1.0440
1169.000       1.2435
1179.000       1.1028
1195.000       0.9050
1212.000       0.9375
1231.000       1.2647
1250.000       0.9748
1269.000       0.8620
1288.000       0.9707
1304.000       1.0381
1323.000       1.0841
1337.000       0.8491
1348.000       0.7276
1364.000       0.8872
1386.000       0.8276
1403.000       0.6929
1422.000       0.8487
1438.000       0.9736
1449.000       0.7707
1465.000       0.7431
1475.000       1.0806
1486.000       1.3302
1500.000       1.1661
1519.000       1.8010
1530.000       1.3410
1549.000       1.5905
1568.000       1.3308
1590.000       1.2118
1596.000       1.0093
1614.000       0.8307
1633.000       0.8277
1655.000       0.7977
1665.000       0.6132
1676.000       0.6247
1698.000       0.6564
1717.000       0.6127
1733.000       0.5780
1750.000       0.6331
1760.000       0.6387
1776.000       0.6545
1787.000       0.7998
1809.000       0.7713
1830.000       0.7286
1852.000       0.6942
1866.000       0.7754
1883.000       0.8386
1905.000       1.0815
