#Atom            RMSF
  36.000       1.7453
  55.000       1.9067
  74.000       1.6548
  93.000       1.2053
 112.000       1.3944
 134.000       1.3678
 148.000       1.2886
 172.000       1.0526
 191.000       1.0053
 209.000       1.1052
 223.000       1.1098
 242.000       1.1339
 259.000       1.3048
 270.000       1.1822
 286.000       1.0027
 296.000       1.1946
 318.000       1.4271
 332.000       1.2893
 351.000       1.0167
 365.000       1.3238
 372.000       1.0428
 391.000       1.2858
 407.000       1.3930
 424.000       1.4560
 441.000       1.1322
 463.000       0.9530
 473.000       1.1126
 487.000       1.0859
 503.000       1.0850
 519.000       1.1775
 538.000       1.2283
 557.000       1.6915
 564.000       1.2048
 578.000       1.2563
 597.000       1.3437
 613.000       1.5923
 629.000       1.5309
 648.000       1.1011
 664.000       0.8746
 686.000       0.8332
 708.000       0.7131
 724.000       0.6234
 741.000       0.6724
 760.000       0.6364
 781.000       0.6703
 791.000       0.7955
 810.000       0.8594
 820.000       0.9601
 839.000       1.0639
 858.000       1.2470
 880.000       1.3906
 894.000       1.2916
 914.000       1.2436
 928.000       1.2321
 947.000       1.1347
 966.000       2.0472
 982.000       2.4561
1004.000       2.1619
1018.000       1.7032
1032.000       1.7365
1048.000       1.4461
1068.000       1.3195
1098.000       1.8916
1104.000       1.8737
1121.000       1.8008
1128.000       1.6940
1147.000       1.2694
1169.000       1.7596
1179.000       1.7393
1195.000       1.1750
1212.000       1.2766
1231.000       1.6222
1250.000       1.4190
1269.000       1.2650
1288.000       1.4682
1304.000       1.4653
1323.000       1.6257
1337.000       1.3148
1348.000       0.9707
1364.000       1.1273
1386.000       1.1204
1403.000       0.9305
1422.000       1.1487
1438.000       1.3495
1449.000       1.2206
1465.000       1.1414
1475.000       2.1208
1486.000       2.2727
1500.000       1.7920
1519.000       1.8758
1530.000       1.6608
1549.000       1.5120
1568.000       1.3002
1590.000       1.2011
1596.000       1.0434
1614.000       0.8797
1633.000       0.8441
1655.000       0.8458
1665.000       0.7017
1676.000       0.7508
1698.000       0.7983
1717.000       0.7429
1733.000       0.7354
1750.000       0.8367
1760.000       0.8380
1776.000       0.8193
1787.000       0.9299
1809.000       0.9567
1830.000       1.0874
1852.000       1.5355
1866.000       1.7226
1883.000       1.5677
1905.000       1.6013
