#Atom            RMSF
  36.000       1.1389
  55.000       1.1018
  74.000       1.1121
  93.000       0.9253
 112.000       0.7852
 134.000       0.8801
 148.000       0.8526
 172.000       0.6857
 191.000       0.7989
 209.000       0.8391
 223.000       0.7164
 242.000       0.8084
 259.000       1.0719
 270.000       0.8954
 286.000       0.7682
 296.000       1.2264
 318.000       1.4125
 332.000       1.1653
 351.000       0.8763
 365.000       1.2136
 372.000       1.0115
 391.000       1.2171
 407.000       1.1575
 424.000       1.1738
 441.000       1.0335
 463.000       0.7975
 473.000       0.9289
 487.000       0.9098
 503.000       0.7503
 519.000       0.6969
 538.000       0.7812
 557.000       0.8562
 564.000       0.8857
 578.000       0.9201
 597.000       1.0289
 613.000       1.2037
 629.000       1.2863
 648.000       0.9664
 664.000       0.8441
 686.000       0.7190
 708.000       0.5778
 724.000       0.5728
 741.000       0.6166
 760.000       0.5390
 781.000       0.5804
 791.000       0.6488
 810.000       0.6270
 820.000       0.6522
 839.000       0.7033
 858.000       0.7935
 880.000       0.9404
 894.000       0.9428
 914.000       1.0912
 928.000       1.0931
 947.000       1.0877
 966.000       1.5549
 982.000       2.0473
1004.000       1.8089
1018.000       1.4424
1032.000       1.5232
1048.000       1.3515
1068.000       1.2010
1098.000       1.3977
1104.000       1.4720
1121.000       1.3450
1128.000       1.2257
1147.000       1.0156
1169.000       1.1887
1179.000       1.2107
1195.000       0.9776
1212.000       1.1407
1231.000       1.4176
1250.000       1.2302
1269.000       1.0533
1288.000       1.3327
1304.000       1.4045
1323.000       1.5804
1337.000       1.2471
1348.000       1.0254
1364.000       1.3527
1386.000       1.6460
1403.000       1.4062
1422.000       1.3823
1438.000       1.8359
1449.000       1.6888
1465.000       1.1176
1475.000       2.5807
1486.000       2.6198
1500.000       2.1374
1519.000       2.2291
1530.000       2.0248
1549.000       1.6520
1568.000       1.2073
1590.000       1.0132
1596.000       0.8396
1614.000       0.7465
1633.000       0.7376
1655.000       0.6999
1665.000       0.6009
1676.000       0.6589
1698.000       0.6882
1717.000       0.6288
1733.000       0.6811
1750.000       0.7390
1760.000       0.7140
1776.000       0.7097
1787.000       0.8623
1809.000       0.8352
1830.000       0.7950
1852.000       0.7480
1866.000       0.7563
1883.000       0.7230
1905.000       0.9651
