#Atom            RMSF
  36.000       5.0169
  55.000       3.6267
  74.000       2.3057
  93.000       1.9740
 112.000       1.7054
 134.000       1.8891
 148.000       2.1829
 172.000       1.6695
 191.000       1.7419
 209.000       1.4651
 223.000       1.2766
 242.000       1.5935
 259.000       1.9503
 270.000       1.7501
 286.000       1.3832
 296.000       1.5324
 318.000       1.8033
 332.000       1.6661
 351.000       1.1319
 365.000       1.4158
 372.000       1.1835
 391.000       1.4442
 407.000       1.6898
 424.000       1.7317
 441.000       1.2842
 463.000       1.1782
 473.000       1.4446
 487.000       1.4631
 503.000       1.3338
 519.000       1.3789
 538.000       1.9031
 557.000       2.4129
 564.000       1.2679
 578.000       1.0581
 597.000       1.1408
 613.000       0.9892
 629.000       1.1430
 648.000       0.9472
 664.000       0.8896
 686.000       0.7696
 708.000       0.6303
 724.000       0.5985
 741.000       0.7584
 760.000       0.7402
 781.000       0.6443
 791.000       0.8707
 810.000       1.1299
 820.000       1.1004
 839.000       1.0609
 858.000       1.5062
 880.000       1.4709
 894.000       1.2471
 914.000       1.1674
 928.000       1.1334
 947.000       0.9632
 966.000       1.5582
 982.000       2.2728
1004.000       2.1069
1018.000       1.8738
1032.000       1.3885
1048.000       1.0480
1068.000       1.0290
1098.000       1.4637
1104.000       1.6796
1121.000       1.4661
1128.000       1.0651
1147.000       1.1585
1169.000       1.4692
1179.000       1.3488
1195.000       1.1206
1212.000       1.1970
1231.000       1.7631
1250.000       1.6480
1269.000       1.3481
1288.000       1.5014
1304.000       1.4414
1323.000       1.6357
1337.000       1.3582
1348.000       1.0026
1364.000       1.1889
1386.000       1.2223
1403.000       1.1470
1422.000       1.5071
1438.000       1.5227
1449.000       1.2351
1465.000       1.1786
1475.000       2.2085
1486.000       2.4376
1500.000       1.3235
1519.000       1.9778
1530.000       1.4270
1549.000       1.7637
1568.000       1.4864
1590.000       1.3200
1596.000       1.0621
1614.000       0.8875
1633.000       0.8232
1655.000       0.7930
1665.000       0.7156
1676.000       0.7006
1698.000       0.6317
1717.000       0.6658
1733.000       0.7389
1750.000       0.7124
1760.000       0.7581
1776.000       0.8344
1787.000       1.1199
1809.000       1.1857
1830.000       1.0432
1852.000       1.0160
1866.000       1.0977
1883.000       1.1982
1905.000       1.5893
