#Atom            RMSF
  36.000       1.9314
  55.000       2.0267
  74.000       1.8263
  93.000       1.3866
 112.000       1.4827
 134.000       1.4703
 148.000       1.2915
 172.000       1.1010
 191.000       1.1525
 209.000       1.1091
 223.000       1.1440
 242.000       1.2770
 259.000       1.4356
 270.000       1.3993
 286.000       1.1932
 296.000       1.4660
 318.000       1.8080
 332.000       1.6216
 351.000       1.1267
 365.000       1.4197
 372.000       1.1699
 391.000       1.5762
 407.000       1.9071
 424.000       2.1570
 441.000       1.6650
 463.000       1.3993
 473.000       1.4257
 487.000       1.3792
 503.000       1.4677
 519.000       1.4813
 538.000       1.4043
 557.000       2.0100
 564.000       1.4118
 578.000       1.2858
 597.000       1.4096
 613.000       1.4065
 629.000       1.5174
 648.000       1.1330
 664.000       0.9594
 686.000       0.8554
 708.000       0.7238
 724.000       0.6731
 741.000       0.7247
 760.000       0.6799
 781.000       0.7027
 791.000       0.8197
 810.000       0.8967
 820.000       0.9853
 839.000       1.0340
 858.000       1.1837
 880.000       1.3267
 894.000       1.2846
 914.000       1.2817
 928.000       1.2634
 947.000       1.2271
 966.000       1.9934
 982.000       2.4506
1004.000       2.3328
1018.000       1.8332
1032.000       1.8577
1048.000       1.6271
1068.000       1.5412
1098.000       2.2100
1104.000       2.2115
1121.000       1.9530
1128.000       1.7888
1147.000       1.3713
1169.000       1.7332
1179.000       1.7314
1195.000       1.1818
1212.000       1.3324
1231.000       1.7510
1250.000       1.5902
1269.000       1.5827
1288.000       1.9785
1304.000       2.1106
1323.000       2.6369
1337.000       2.1721
1348.000       1.5195
1364.000       1.6743
1386.000       1.6382
1403.000       1.2983
1422.000       1.4637
1438.000       1.7448
1449.000       1.6858
1465.000       1.4992
1475.000       2.8369
1486.000       2.7736
1500.000       1.8496
1519.000       2.1773
1530.000       1.7887
1549.000       1.7392
1568.000       1.4556
1590.000       1.3571
1596.000       1.1438
1614.000       1.0226
1633.000       1.0160
1655.000       0.9701
1665.000       0.8364
1676.000       0.9199
1698.000       0.9546
1717.000       0.8774
1733.000       0.9166
1750.000       1.0067
1760.000       1.0309
1776.000       0.9842
1787.000       1.0433
1809.000       1.1144
1830.000       1.4486
1852.000       2.2290
1866.000       2.3965
1883.000       2.1162
1905.000       2.1691
