#Atom            RMSF
  36.000       1.7289
  55.000       1.8673
  74.000       1.6116
  93.000       1.2250
 112.000       1.4086
 134.000       1.4520
 148.000       1.3763
 172.000       1.0968
 191.000       1.0305
 209.000       1.1573
 223.000       1.1557
 242.000       1.1602
 259.000       1.3645
 270.000       1.2332
 286.000       1.0194
 296.000       1.2082
 318.000       1.4053
 332.000       1.2522
 351.000       1.0371
 365.000       1.3022
 372.000       1.0381
 391.000       1.2017
 407.000       1.2509
 424.000       1.2226
 441.000       0.9576
 463.000       0.8523
 473.000       0.9772
 487.000       0.9788
 503.000       0.9748
 519.000       1.0929
 538.000       1.1655
 557.000       1.5168
 564.000       1.1551
 578.000       1.2355
 597.000       1.3457
 613.000       1.5862
 629.000       1.5118
 648.000       1.1421
 664.000       0.9012
 686.000       0.8776
 708.000       0.7328
 724.000       0.6354
 741.000       0.6631
 760.000       0.6733
 781.000       0.7023
 791.000       0.7873
 810.000       0.8715
 820.000       1.0124
 839.000       1.0936
 858.000       1.2902
 880.000       1.4274
 894.000       1.2948
 914.000       1.2706
 928.000       1.2215
 947.000       1.1192
 966.000       2.0147
 982.000       2.3133
1004.000       2.0724
1018.000       1.7680
1032.000       1.7943
1048.000       1.4603
1068.000       1.2591
1098.000       1.8417
1104.000       1.6804
1121.000       1.8834
1128.000       1.9834
1147.000       1.3487
1169.000       2.0439
1179.000       2.0712
1195.000       1.2262
1212.000       1.3447
1231.000       1.6318
1250.000       1.2781
1269.000       1.1132
1288.000       1.3060
1304.000       1.2831
1323.000       1.2992
1337.000       1.0149
1348.000       0.7707
1364.000       0.9286
1386.000       0.9336
1403.000       0.8097
1422.000       1.0593
1438.000       1.2787
1449.000       1.0522
1465.000       0.9673
1475.000       1.6602
1486.000       1.8680
1500.000       1.7707
1519.000       1.8429
1530.000       1.6352
1549.000       1.5433
1568.000       1.2894
1590.000       1.1886
1596.000       0.9815
1614.000       0.8041
1633.000       0.7921
1655.000       0.8045
1665.000       0.6664
1676.000       0.6804
1698.000       0.7228
1717.000       0.6886
1733.000       0.6767
1750.000       0.7496
1760.000       0.7324
1776.000       0.7355
1787.000       0.8518
1809.000       0.8345
1830.000       0.8650
1852.000       1.0330
1866.000       1.2391
1883.000       1.2132
1905.000       1.2617
