   0.744
   4.381
  -2.282
   0.848
  -8.462
   1.332
   0.119
   1.550
  -0.534
  -0.432
   1.194
  -2.528
  -3.087
  -6.518
  -3.210
   1.518
   5.806
  -4.120
   5.478
  -4.104
   2.370
   5.251
  -6.098
  -6.461
   1.251
  -2.319
   5.144
  -1.616
  -1.544
   4.040
   5.105
  -0.353
   0.140
   0.387
   3.224
   0.573
   4.292
  -3.788
  -3.024
   2.942
  -7.857
   5.293
   0.220
   3.122
  -1.196
  10.262
 -11.159
  -3.054
  -4.895
  -1.446
  -7.490
   5.543
  -0.817
   4.869
  -9.137
  -1.035
  -2.439
  -3.593
  -7.107
   7.094
  -7.157
   2.881
  -1.930
  -1.095
   0.947
   7.090
  -4.033
  -2.624
   0.762
   1.273
   5.250
  -5.017
   0.102
  -3.707
   1.863
  -4.076
   3.014
  -0.042
   2.199
   6.397
  -2.804
  -0.753
  -4.956
  -4.157
   8.000
  -0.576
   1.821
   0.629
  -0.911
   7.328
  -2.719
   2.476
   3.094
  -4.753
  -3.469
   2.832
  -4.864
   3.114
  -0.276
  -6.450
  -4.214
  -1.778
   3.501
 -10.006
  -4.750
   0.469
   5.311
  -2.139
  -0.475
  -3.344
   1.466
   5.966
  -3.893
  -1.690
   7.024
  -1.656
  -0.362
  -3.898
   3.647
   3.483
  -0.546
  -0.438
   0.620
  -0.478
  -1.069
   3.609
   8.540
   9.570
   2.288
   4.892
  -1.970
  -3.004
  -1.563
   3.915
  -1.224
   8.027
   4.682
  -2.325
  -8.569
  -0.542
   4.820
  -0.929
  -3.755
  -7.334
  -6.321
   0.075
   1.278
   3.499
  11.941
   6.077
   6.119
  13.893
   1.809
   4.211
   1.426
   4.594
   0.106
   0.029
   2.237
   0.970
   3.178
   1.975
   1.941
  -0.743
  -1.407
  -1.811
  -1.577
   5.776
 -10.108
   9.089
  11.574
   0.788
   7.356
  14.915
 -15.768
   4.293
   5.035
  -1.283
  -9.735
   0.288
  -6.147
  -4.139
   6.683
   0.314
   3.790
   5.058
  -3.285
   0.991
   5.280
  -7.255
  -0.183
   0.956
   2.351
   7.490
  11.948
   3.560
   3.381
 -13.888
  -2.518
 -17.085
 -13.247
   8.556
   5.360
   6.143
   1.631
   5.842
  -3.694
  -5.559
  10.533
   1.602
  -7.168
  -3.843
   9.905
   1.133
   2.205
  -1.645
  -5.885
   0.611
  -1.433
   2.178
  -3.773
   2.616
  -0.050
  -2.851
  -1.556
   0.157
  -5.633
  -8.421
  -2.856
  -6.827
  -1.155
  -1.427
  -1.647
  -5.080
   4.917
   7.331
   9.075
  -0.106
   1.458
   5.118
   4.247
  -0.185
  -1.122
  -2.627
   3.532
  -0.137
   2.535
   0.179
   2.698
  -3.080
  -3.958
   1.558
   2.275
   0.722
   1.440
   5.042
   0.525
   5.061
  -0.050
   5.601
   0.464
  -2.715
   0.347
   2.297
   0.774
  -1.475
   4.869
  -1.518
   2.050
  -0.237
   1.066
   3.233
   2.300
   0.802
   4.209
   3.936
  -1.973
   0.581
  -0.280
  -0.186
  -2.676
  -0.013
  -6.883
  -3.331
 -10.179
   8.127
   5.869
  -1.589
  -5.868
  -9.182
  -0.360
  -0.028
   1.498
  -1.761
 -11.760
  -2.379
   0.788
   0.552
  -0.987
   1.956
   0.326
  -0.245
  -1.584
   2.719
   4.872
   3.447
  -1.427
  -6.102
   0.543
   0.220
  -2.419
   3.856
   7.500
   3.761
   3.391
   4.219
   3.197
  -4.956
   3.784
  -1.060
   1.426
  -2.447
  -2.103
   0.014
   4.147
  -0.264
  -3.052
  -0.621
  -0.107
  -0.340
  -1.217
  -0.935
  -3.320
