#Atom            RMSF
  36.000       1.0315
  55.000       1.1053
  74.000       1.1419
  93.000       0.9011
 112.000       0.7923
 134.000       0.8722
 148.000       0.8618
 172.000       0.7702
 191.000       0.7827
 209.000       0.8127
 223.000       0.8439
 242.000       0.9773
 259.000       1.1963
 270.000       1.1143
 286.000       0.9204
 296.000       1.0234
 318.000       1.2899
 332.000       1.2017
 351.000       0.8847
 365.000       1.1913
 372.000       0.9254
 391.000       1.1357
 407.000       1.0682
 424.000       1.0521
 441.000       0.9165
 463.000       0.7026
 473.000       0.7192
 487.000       0.6979
 503.000       0.6340
 519.000       0.6826
 538.000       0.7220
 557.000       0.7472
 564.000       0.7261
 578.000       0.7413
 597.000       0.9735
 613.000       0.9561
 629.000       0.9755
 648.000       0.9434
 664.000       0.9161
 686.000       0.9503
 708.000       0.5006
 724.000       0.4626
 741.000       0.5676
 760.000       0.5419
 781.000       0.5456
 791.000       0.6761
 810.000       0.7701
 820.000       0.9185
 839.000       1.0571
 858.000       1.2468
 880.000       1.1684
 894.000       0.8161
 914.000       0.7841
 928.000       0.7578
 947.000       0.6900
 966.000       1.4487
 982.000       1.5670
1004.000       1.2651
1018.000       0.9805
1032.000       0.9495
1048.000       0.8140
1068.000       0.6746
1098.000       0.8426
1104.000       1.0572
1121.000       1.0018
1128.000       0.7105
1147.000       0.7343
1169.000       0.9660
1179.000       0.8809
1195.000       0.7066
1212.000       0.7711
1231.000       1.0138
1250.000       0.8244
1269.000       0.7676
1288.000       0.9092
1304.000       0.9901
1323.000       1.0689
1337.000       0.7959
1348.000       0.6228
1364.000       0.8230
1386.000       0.7563
1403.000       0.6091
1422.000       0.7775
1438.000       0.9032
1449.000       0.7016
1465.000       0.6875
1475.000       1.1048
1486.000       1.3072
1500.000       1.0599
1519.000       1.4430
1530.000       1.0332
1549.000       1.0904
1568.000       0.8842
1590.000       0.7825
1596.000       0.6938
1614.000       0.6064
1633.000       0.5973
1655.000       0.5829
1665.000       0.4936
1676.000       0.5281
1698.000       0.5544
1717.000       0.5253
1733.000       0.5347
1750.000       0.5432
1760.000       0.5375
1776.000       0.5718
1787.000       0.6676
1809.000       0.6239
1830.000       0.6387
1852.000       0.6066
1866.000       0.6218
1883.000       0.6800
1905.000       0.9279
