  -1.315
  -1.182
   1.499
  -0.476
   0.625
  -1.256
  -0.695
  -0.478
   1.080
   0.840
  -0.659
  -0.402
  -1.717
   0.332
  -0.527
  -1.899
  -0.414
   0.921
  -0.081
   0.739
  -1.132
  -1.369
   3.087
   2.421
  -3.504
   0.159
   0.123
   0.219
  -2.251
   0.534
   0.735
   0.204
   2.570
  -2.557
  -0.312
   1.594
  -2.151
  -1.635
   1.876
  -2.022
   1.136
   0.850
   0.350
  -1.638
  -2.398
   3.642
  -2.857
  -2.159
   2.672
   2.349
   1.469
   1.242
  -1.363
   1.413
   1.682
  -1.250
   1.217
  -0.671
  -2.624
   1.745
  -0.268
  -0.112
   1.051
  -3.402
   4.821
  -2.248
   2.020
   2.693
   0.341
   1.407
  -1.513
   0.831
   1.060
  -2.390
   0.315
  -0.519
   1.030
   0.187
  -1.073
   1.277
  -1.028
  -0.702
  -1.324
  -0.251
  -1.063
  -0.411
  -2.167
   0.977
  -2.100
   0.215
  -0.083
  -2.630
  -1.502
   3.274
   0.548
  -0.980
   0.770
   0.114
   3.540
  -2.390
  -1.359
  -3.138
   2.180
  -0.795
  -1.589
  -3.074
   0.185
  -2.366
  -2.813
  -0.465
  -1.495
   2.067
   1.819
  -2.984
   1.673
  -3.192
  -3.437
   0.647
   1.065
  -2.191
  -0.565
   0.121
   0.970
  -0.691
  -0.498
   1.186
   3.116
   2.250
  -3.206
   1.634
  -2.518
  -0.601
   2.573
   1.666
  -0.879
  -2.127
  -1.945
   1.306
  -1.322
   4.594
  -0.010
   1.418
   1.395
  -0.807
   0.639
   0.601
   1.328
   0.542
  -0.101
   0.189
  -3.824
   1.265
  -1.340
   0.859
   0.132
  -3.010
  -0.725
   2.377
   1.175
   2.360
   0.906
   3.664
   2.917
  -0.362
   3.594
   0.682
   1.543
   0.844
  -0.601
  -2.363
  -0.531
   0.298
  -1.600
   1.377
   0.646
   1.339
   0.402
   0.781
   0.764
  -2.084
  -0.864
  -2.129
   1.108
   2.500
   0.714
   1.682
   3.860
  -1.796
   1.758
  -2.330
   0.708
  -3.396
  -1.064
   1.744
   1.371
  -2.626
   1.480
  -3.260
   0.430
   3.676
   2.991
   3.631
  -1.612
  -0.141
  -2.732
   0.656
  -0.191
  -0.576
   2.693
  -0.852
  -1.840
   2.373
   0.680
  -0.242
  -2.880
   1.712
   5.100
  -2.559
  -4.272
  -2.434
   0.180
  -3.215
  -1.842
  -0.132
  -3.275
   3.710
   1.979
  -0.322
   2.821
  -5.158
  -0.914
   4.843
   1.393
   2.291
  -0.431
   3.901
   3.661
   2.793
  -0.202
   1.533
  -3.022
   1.033
  -0.479
  -0.126
   2.243
   0.596
  -1.248
  -0.056
   2.814
  -0.468
   1.660
   2.986
  -0.272
  -1.931
   1.210
  -0.973
   0.192
   0.856
   1.261
   1.882
  -1.748
   1.424
   1.647
   3.399
   0.158
   1.320
   4.789
  -4.596
  -3.334
  -1.911
   3.352
  -0.838
   0.962
  -0.520
  -0.779
  -2.685
  -2.343
   0.433
   0.173
   1.750
  -2.647
  -1.763
  -0.817
   1.514
   0.051
   1.044
   0.277
   1.312
   2.549
  -0.611
   2.738
   0.943
  -1.063
  -0.279
  -1.210
  -1.163
   0.430
   2.569
   0.446
   1.038
  -0.062
  -1.700
   0.987
   1.676
   1.845
   0.829
  -1.345
  -1.666
   0.442
   2.214
  -3.009
  -0.143
   2.660
  -0.570
   3.968
  -1.839
  -1.700
   0.182
  -1.155
  -1.452
   1.783
  -3.961
   0.508
   0.182
   0.790
   3.231
   1.396
   1.715
  -1.679
   0.221
  -3.186
   1.133
  -0.823
