   0.222
  -0.485
  -0.639
  -1.294
  -1.608
   0.717
  -0.948
  -3.466
  -0.242
   1.246
  -1.098
   1.533
  -0.802
   0.588
   3.528
   0.998
  -0.939
  -0.939
   0.120
   1.645
  -0.593
  -3.181
   3.591
   1.635
   1.547
  -2.912
  -0.117
  -1.663
   0.551
   3.698
  -1.333
   2.798
  -0.760
  -1.241
   5.193
   2.318
  -0.193
  -3.535
  -0.345
  -1.195
   1.691
   1.122
  -2.085
  -0.481
  -4.838
   0.754
  -1.867
  -3.605
  -6.469
   2.704
   0.450
  -3.249
  -7.383
  -1.457
  -0.040
  -5.553
  -0.315
   0.182
   4.430
   2.437
  -4.221
  -1.293
  -0.151
   1.638
  -0.698
  -2.941
  -1.203
  -1.189
  -3.086
  -2.467
   1.682
  -2.654
   1.622
   2.500
   0.811
  -1.478
   0.040
  -0.854
  -0.087
   0.436
   3.583
  -2.631
   2.200
  -0.975
  -1.849
  -4.737
   1.528
  -0.073
  -0.512
   1.618
  -1.274
   1.378
  -0.801
   2.231
  -2.659
   2.337
  -0.977
  -2.401
   2.791
  -1.120
   1.497
   2.432
  -2.041
  -0.947
  -2.496
  -2.777
  -2.086
  -1.537
  -0.280
   4.632
  -3.058
   3.399
  -0.676
  -0.803
  -1.484
   3.982
   2.727
   0.760
   3.409
  -0.462
   0.639
  -2.896
  -5.320
   2.700
   1.792
  -1.130
   2.354
  -3.216
  -0.490
   0.287
  -2.392
   3.183
   3.984
  -1.727
  -0.087
   1.983
  -0.431
  -1.287
   2.197
  -1.574
  -2.070
  -0.737
   0.697
  -3.026
  -0.465
   0.743
  -2.840
  -1.661
  -1.884
   1.175
  -1.247
   1.440
   0.037
   1.258
  -1.303
   2.837
  -1.728
   0.338
   0.150
  -0.193
  -5.147
  -2.116
  -1.420
   0.129
   2.508
  -2.041
  -1.270
  -1.171
   0.728
   1.008
  -0.904
   1.888
  -1.666
  -0.172
  -2.122
  -0.743
  -1.417
  -0.122
   0.576
   1.090
   2.088
   1.648
   0.237
  -3.644
   0.548
  -1.289
  -0.980
   4.441
   4.098
   0.588
   0.095
  -0.956
   3.868
   5.143
   3.780
   3.205
  -2.692
  -2.711
  -3.069
  -3.970
   2.212
   5.363
  -4.221
   5.298
   1.080
  -2.290
   1.682
  -1.529
   6.221
   6.982
  -5.849
   4.198
  -0.180
  -0.651
  -2.767
   2.752
  -1.178
   3.087
   0.225
   0.602
   0.427
   0.530
   0.076
   1.568
  -1.068
   3.168
   0.377
  -0.428
  -0.965
  -4.188
  -2.319
   5.554
  -5.274
   4.751
   0.588
   0.195
  -2.757
  -2.848
   6.438
   1.191
  -4.213
  -2.381
  -1.968
   0.212
   1.734
   0.089
  -4.478
   3.819
  -4.773
   0.003
  -0.845
  -0.807
   5.605
   0.474
   2.382
   0.650
  -0.452
   0.979
   1.273
   2.198
   1.615
  -1.249
   2.189
   1.972
   0.507
  -3.661
   3.750
   8.258
  -3.961
  -0.927
  -0.598
   3.257
  -0.383
   0.625
  -4.954
   6.341
   2.368
  -3.004
  -1.430
  -6.248
  -0.722
  -0.249
  -2.505
   3.410
  -0.208
  -1.660
  -2.670
  -4.842
  -0.524
   4.218
   0.073
  -3.331
  -3.079
   2.283
   2.599
  -2.945
  -1.543
  -1.072
   2.014
   0.631
   0.140
  -2.773
   2.536
  -0.549
  -1.143
  -1.037
  -1.434
   7.129
   1.631
   2.226
   0.671
   1.745
  -0.179
   1.224
   1.292
   1.823
  -1.815
  -0.368
   1.303
  -1.736
  -0.523
  -0.037
   0.178
  -1.015
  -1.796
  -6.191
  -3.740
  -5.590
  -2.111
   0.315
   3.450
   0.163
  -1.346
