#Atom            RMSF
  36.000       1.0529
  55.000       1.1255
  74.000       1.0835
  93.000       0.7982
 112.000       0.8359
 134.000       1.0730
 148.000       0.9917
 172.000       1.0137
 191.000       1.2562
 209.000       1.2407
 223.000       1.1980
 242.000       1.0912
 259.000       1.2064
 270.000       1.1004
 286.000       0.8530
 296.000       0.9452
 318.000       1.1913
 332.000       1.1317
 351.000       0.8899
 365.000       1.1395
 372.000       0.9058
 391.000       1.0531
 407.000       1.0318
 424.000       1.0633
 441.000       0.9353
 463.000       0.7387
 473.000       0.9161
 487.000       0.8683
 503.000       0.6580
 519.000       0.8243
 538.000       0.8654
 557.000       0.8079
 564.000       0.8576
 578.000       0.8293
 597.000       1.0209
 613.000       0.9799
 629.000       0.9634
 648.000       0.8017
 664.000       0.7799
 686.000       0.6957
 708.000       0.5663
 724.000       0.5607
 741.000       0.6320
 760.000       0.5946
 781.000       0.6058
 791.000       0.6987
 810.000       0.7511
 820.000       0.8899
 839.000       1.1157
 858.000       1.2116
 880.000       1.2283
 894.000       1.1266
 914.000       1.2833
 928.000       1.3154
 947.000       1.2222
 966.000       1.9885
 982.000       2.7944
1004.000       2.6488
1018.000       1.9689
1032.000       2.3353
1048.000       1.6292
1068.000       0.9465
1098.000       1.3328
1104.000       1.2122
1121.000       1.1915
1128.000       1.0571
1147.000       0.9271
1169.000       1.1362
1179.000       1.0255
1195.000       0.8038
1212.000       0.8120
1231.000       0.9988
1250.000       0.9238
1269.000       0.7612
1288.000       0.9093
1304.000       0.9958
1323.000       1.1016
1337.000       0.8549
1348.000       0.7142
1364.000       0.9280
1386.000       0.9068
1403.000       0.7679
1422.000       0.9521
1438.000       1.1169
1449.000       0.9585
1465.000       0.8314
1475.000       1.7377
1486.000       2.2780
1500.000       1.4802
1519.000       1.7541
1530.000       1.4564
1549.000       1.6964
1568.000       1.3743
1590.000       1.2603
1596.000       1.0233
1614.000       0.8396
1633.000       0.8914
1655.000       0.8437
1665.000       0.6232
1676.000       0.6079
1698.000       0.7081
1717.000       0.6460
1733.000       0.5727
1750.000       0.6709
1760.000       0.6790
1776.000       0.6661
1787.000       0.7688
1809.000       0.7189
1830.000       0.7201
1852.000       0.6465
1866.000       0.6963
1883.000       0.7945
1905.000       1.1286
