#Atom            RMSF
  36.000       6.0347
  55.000       4.8795
  74.000       4.9616
  93.000       4.3484
 112.000       3.0983
 134.000       2.1013
 148.000       2.2754
 172.000       1.9999
 191.000       1.6333
 209.000       1.9041
 223.000       2.1158
 242.000       1.5853
 259.000       1.5968
 270.000       1.4858
 286.000       0.9845
 296.000       1.2125
 318.000       1.3984
 332.000       1.3271
 351.000       1.1577
 365.000       1.3387
 372.000       1.0816
 391.000       1.2700
 407.000       1.4624
 424.000       1.5616
 441.000       1.2033
 463.000       1.0131
 473.000       1.2260
 487.000       1.1881
 503.000       1.0153
 519.000       1.2115
 538.000       1.3815
 557.000       1.5928
 564.000       1.6416
 578.000       1.9966
 597.000       1.6287
 613.000       2.0020
 629.000       1.9346
 648.000       1.2155
 664.000       1.0652
 686.000       1.0852
 708.000       0.7714
 724.000       0.7197
 741.000       0.7947
 760.000       0.7211
 781.000       0.7254
 792.000       0.8047
 811.000       0.9138
 821.000       0.9879
 840.000       0.9633
 859.000       1.1599
 881.000       1.5528
 895.000       1.5332
 915.000       1.4414
 929.000       1.3107
 948.000       1.1683
 967.000       2.0151
 983.000       2.7822
1005.000       2.9804
1019.000       2.1359
1033.000       2.3050
1049.000       1.7650
1069.000       1.3235
1099.000       2.0517
1105.000       1.9442
1122.000       2.3689
1129.000       2.4176
1148.000       2.0510
1170.000       2.8567
1180.000       2.6617
1196.000       2.1740
1213.000       2.0840
1232.000       2.2812
1251.000       1.9926
1270.000       1.7539
1289.000       1.7983
1305.000       1.7708
1324.000       1.7041
1338.000       1.3843
1349.000       1.3162
1365.000       1.3708
1387.000       1.2495
1404.000       1.1678
1423.000       1.4865
1439.000       1.5517
1450.000       1.3473
1466.000       1.6042
1476.000       3.0353
1487.000       2.1269
1501.000       1.5287
1520.000       1.9172
1531.000       1.3971
1550.000       1.7437
1569.000       1.3439
1591.000       1.2283
1597.000       1.0720
1615.000       0.8566
1634.000       0.8397
1656.000       0.7843
1666.000       0.7161
1677.000       0.7453
1699.000       0.7983
1718.000       0.7960
1734.000       0.8502
1751.000       0.9817
1761.000       1.0864
1777.000       1.0872
1788.000       1.1706
1810.000       1.3203
1831.000       1.3520
1853.000       1.0842
1867.000       1.3162
1884.000       1.2808
1906.000       1.5726
