#Atom            RMSF
  36.000       2.6342
  55.000       2.3129
  74.000       2.0981
  93.000       1.6441
 112.000       1.2663
 134.000       1.5083
 148.000       1.7225
 172.000       1.6219
 191.000       1.6265
 209.000       1.7137
 223.000       1.8286
 242.000       1.6275
 259.000       1.5791
 270.000       1.5024
 286.000       1.2766
 296.000       1.4005
 318.000       1.6251
 332.000       1.5072
 351.000       1.0755
 365.000       1.3468
 372.000       1.1049
 391.000       1.3042
 407.000       1.4279
 424.000       1.4354
 441.000       1.1222
 463.000       1.0462
 473.000       1.2327
 487.000       1.1175
 503.000       1.0443
 519.000       1.1090
 538.000       1.1055
 557.000       2.0495
 564.000       1.2744
 578.000       1.2239
 597.000       1.3114
 613.000       1.3576
 629.000       1.5338
 648.000       1.1803
 664.000       1.0779
 686.000       0.9116
 708.000       0.7911
 724.000       0.8743
 741.000       0.9450
 760.000       0.8307
 781.000       0.9160
 791.000       1.0583
 810.000       1.0492
 820.000       1.1058
 839.000       1.0954
 858.000       1.2760
 880.000       1.6786
 894.000       1.7997
 914.000       1.6761
 928.000       1.6064
 947.000       1.3864
 966.000       2.3860
 982.000       3.1728
1004.000       3.2396
1018.000       2.9784
1032.000       3.0808
1048.000       2.4321
1068.000       2.0803
1098.000       2.7290
1104.000       2.5220
1121.000       2.8673
1128.000       2.5834
1147.000       1.8198
1169.000       2.3207
1179.000       2.1782
1195.000       1.2968
1212.000       1.3748
1231.000       1.8362
1250.000       1.4728
1269.000       1.2878
1288.000       1.5814
1304.000       1.5369
1323.000       1.7307
1337.000       1.3671
1348.000       0.9868
1364.000       1.2402
1386.000       1.3430
1403.000       1.1440
1422.000       1.4439
1438.000       1.7292
1449.000       1.5526
1465.000       1.3431
1475.000       2.1696
1486.000       2.3939
1500.000       1.5646
1519.000       2.0197
1530.000       1.6900
1549.000       2.1329
1568.000       1.7964
1590.000       1.7043
1596.000       1.3632
1614.000       1.1073
1633.000       1.1470
1655.000       1.0769
1665.000       0.8833
1676.000       0.8188
1698.000       0.9154
1717.000       0.8732
1733.000       0.7880
1750.000       0.9482
1760.000       1.0384
1776.000       0.9859
1787.000       1.1373
1809.000       1.1019
1830.000       1.0267
1852.000       0.8957
1866.000       1.1344
1883.000       1.2511
1905.000       1.7414
