#Atom            RMSF
  36.000       1.9412
  55.000       2.2036
  74.000       2.0450
  93.000       1.5890
 112.000       1.6310
 134.000       1.8943
 148.000       1.9224
 172.000       1.2172
 191.000       1.0685
 209.000       1.1140
 223.000       1.3740
 242.000       1.1878
 259.000       1.1396
 270.000       1.0972
 286.000       0.7597
 296.000       0.8639
 318.000       1.1476
 332.000       1.0482
 351.000       0.8469
 365.000       1.0070
 372.000       0.9430
 391.000       1.3152
 407.000       1.3748
 424.000       1.3348
 441.000       1.0600
 463.000       0.9283
 473.000       1.0493
 487.000       0.9119
 503.000       0.7689
 519.000       1.1273
 538.000       1.2768
 557.000       1.1991
 564.000       0.9428
 578.000       1.0229
 597.000       1.1410
 613.000       1.1402
 629.000       1.1560
 648.000       0.9586
 664.000       0.9036
 686.000       0.9501
 708.000       0.5577
 724.000       0.5137
 741.000       0.5951
 760.000       0.5330
 781.000       0.5623
 792.000       0.6536
 811.000       0.6971
 821.000       0.7320
 840.000       0.8781
 859.000       0.9739
 881.000       1.1812
 895.000       1.3587
 915.000       1.4143
 929.000       1.3552
 948.000       1.0577
 967.000       1.2922
 983.000       1.9268
1005.000       2.0493
1019.000       1.5003
1033.000       1.3621
1049.000       1.1507
1069.000       1.0204
1099.000       1.7241
1105.000       1.7788
1122.000       1.7846
1129.000       1.7769
1148.000       1.6761
1170.000       2.4241
1180.000       1.9981
1196.000       1.6022
1213.000       1.6300
1232.000       1.8255
1251.000       1.6329
1270.000       1.4080
1289.000       1.4251
1305.000       1.3023
1324.000       1.2649
1338.000       0.9637
1349.000       0.8424
1365.000       0.8929
1387.000       0.8593
1404.000       0.8124
1423.000       1.0306
1439.000       1.1295
1450.000       0.8787
1466.000       0.7860
1476.000       0.9591
1487.000       1.1766
1501.000       1.0197
1520.000       1.6943
1531.000       1.2438
1550.000       1.6397
1569.000       1.1378
1591.000       1.1193
1597.000       0.9066
1615.000       0.6505
1634.000       0.7089
1656.000       0.6461
1666.000       0.5691
1677.000       0.6060
1699.000       0.6080
1718.000       0.6657
1734.000       0.7159
1751.000       0.7117
1761.000       0.8088
1777.000       0.8901
1788.000       0.8668
1810.000       0.9428
1831.000       1.0483
1853.000       0.8353
1867.000       1.0795
1884.000       0.9913
1906.000       1.1381
