#Atom            RMSF
  36.000       1.0226
  55.000       1.0782
  74.000       1.1314
  93.000       0.9125
 112.000       0.8518
 134.000       1.1311
 148.000       1.1349
 172.000       0.7788
 191.000       0.9360
 209.000       1.1388
 223.000       0.8444
 242.000       0.7210
 259.000       1.0338
 270.000       0.8823
 286.000       0.7640
 296.000       1.0577
 318.000       1.3458
 332.000       1.2008
 351.000       0.8416
 365.000       1.2216
 372.000       0.9665
 391.000       1.0560
 407.000       1.0845
 424.000       0.9841
 441.000       0.7870
 463.000       0.7371
 473.000       0.7068
 487.000       0.7284
 503.000       0.7361
 519.000       0.5980
 538.000       0.7625
 557.000       1.0928
 564.000       0.7981
 578.000       0.6994
 597.000       0.8086
 613.000       0.6288
 629.000       0.7755
 648.000       0.7171
 664.000       0.7447
 686.000       0.7018
 708.000       0.5752
 724.000       0.5157
 741.000       0.5958
 760.000       0.5567
 781.000       0.5338
 791.000       0.5981
 810.000       0.6790
 820.000       0.7690
 839.000       0.7996
 858.000       0.9261
 880.000       0.8962
 894.000       0.9019
 914.000       1.1547
 928.000       1.0892
 947.000       1.3575
 966.000       2.0206
 982.000       3.1188
1004.000       3.2820
1018.000       3.1173
1032.000       2.5893
1048.000       1.9352
1068.000       2.0796
1098.000       2.6180
1104.000       1.9423
1121.000       2.2955
1128.000       1.3919
1147.000       1.2393
1169.000       1.5125
1179.000       1.2617
1195.000       1.0160
1212.000       1.1977
1231.000       1.4355
1250.000       1.2295
1269.000       1.0554
1288.000       1.3635
1304.000       1.6200
1323.000       1.8079
1337.000       1.2663
1348.000       1.0378
1364.000       1.3832
1386.000       1.2613
1403.000       1.0850
1422.000       1.3110
1438.000       1.2926
1449.000       0.9200
1465.000       0.9237
1475.000       1.6102
1486.000       2.2213
1500.000       1.5046
1519.000       1.5204
1530.000       1.1000
1549.000       1.2875
1568.000       0.9176
1590.000       0.7511
1596.000       0.7026
1614.000       0.6322
1633.000       0.6113
1655.000       0.5783
1665.000       0.5045
1676.000       0.5497
1698.000       0.5643
1717.000       0.5353
1733.000       0.5554
1750.000       0.6044
1760.000       0.6265
1776.000       0.6375
1787.000       0.8753
1809.000       0.8783
1830.000       0.7803
1852.000       0.6428
1866.000       0.6222
1883.000       0.6664
1905.000       0.9104
