#Atom            RMSF
  36.000       1.5223
  55.000       1.4755
  74.000       1.4892
  93.000       1.4177
 112.000       1.1912
 134.000       1.1480
 148.000       1.1800
 172.000       1.1786
 191.000       1.1833
 209.000       1.2135
 223.000       1.1438
 242.000       1.0588
 259.000       1.0309
 270.000       0.9118
 286.000       0.6980
 296.000       0.6910
 318.000       0.8873
 332.000       0.8832
 351.000       0.7875
 365.000       0.8838
 372.000       0.7622
 391.000       0.9576
 407.000       1.0208
 424.000       1.0185
 441.000       0.8102
 463.000       0.6719
 473.000       0.7928
 487.000       0.7598
 503.000       0.7524
 519.000       0.8164
 538.000       0.9051
 557.000       1.0110
 564.000       0.9667
 578.000       1.0452
 597.000       1.1867
 613.000       1.5349
 629.000       1.4196
 648.000       1.0205
 664.000       0.9187
 686.000       0.6654
 708.000       0.5394
 724.000       0.4988
 741.000       0.5577
 760.000       0.5073
 781.000       0.5354
 792.000       0.5881
 811.000       0.6853
 821.000       0.7592
 840.000       0.7345
 859.000       0.8986
 881.000       1.1530
 895.000       1.2628
 915.000       1.2472
 929.000       1.0425
 948.000       0.8352
 967.000       1.3498
 983.000       1.9525
1005.000       2.0049
1019.000       1.3950
1033.000       1.2540
1049.000       0.8694
1069.000       0.7091
1099.000       1.3303
1105.000       1.4302
1122.000       2.1332
1129.000       2.0035
1148.000       1.1880
1170.000       1.8493
1180.000       1.7677
1196.000       1.0928
1213.000       0.9655
1232.000       1.0805
1251.000       1.1263
1270.000       1.0341
1289.000       1.0491
1305.000       1.0199
1324.000       1.0162
1338.000       0.8241
1349.000       0.6647
1365.000       0.7611
1387.000       0.7572
1404.000       0.6465
1423.000       0.7606
1439.000       0.9392
1450.000       0.7545
1466.000       0.6648
1476.000       0.8895
1487.000       1.1711
1501.000       1.0495
1520.000       1.5266
1531.000       1.0345
1550.000       1.5557
1569.000       1.0059
1591.000       0.8961
1597.000       0.9472
1615.000       0.6415
1634.000       0.5636
1656.000       0.5664
1666.000       0.5391
1677.000       0.5533
1699.000       0.5485
1718.000       0.5935
1734.000       0.6028
1751.000       0.5966
1761.000       0.6502
1777.000       0.6402
1788.000       0.7444
1810.000       0.7538
1831.000       0.7521
1853.000       0.6291
1867.000       0.7743
1884.000       0.8171
1906.000       1.0855
