  -3.590
  -0.850
   0.516
   0.704
  -0.774
   3.491
  -0.650
   0.361
   1.388
  -3.980
   0.166
   2.460
  -1.202
   0.059
   3.907
   3.410
  -1.012
   1.080
   1.619
  -1.547
  -1.549
  -0.821
  -5.369
  -1.572
  -7.466
   5.133
  11.792
   6.663
   3.874
  -8.327
  -1.768
   1.200
   3.665
   6.133
 -10.092
  -7.114
   4.830
  -9.655
   0.926
  -5.939
   5.269
  -3.377
   9.307
  -6.403
  -8.210
  -2.390
   3.371
   1.794
 -12.410
   4.583
   1.420
  11.513
  -6.375
  -4.823
  17.471
  -0.890
  11.022
 -10.261
  -8.462
   2.863
  -3.660
 -11.199
  12.835
  -8.496
 -15.073
 -14.720
  -5.437
 -10.468
   7.764
 -17.959
   8.665
 -17.581
  12.762
   0.899
  14.709
 -15.609
 -13.090
   9.583
  -7.191
  -9.240
   2.519
  -8.439
  -0.216
  -1.128
  -4.605
   8.429
   1.901
   4.506
   0.910
  -3.457
  10.221
   3.716
 -10.276
  11.156
  -8.269
 -11.325
 -10.870
  -5.980
   0.315
  14.972
   9.790
  17.863
  11.893
  12.392
  14.543
 -15.571
 -12.364
 -14.541
  16.030
  16.485
 -13.448
  -7.515
  -4.726
  -6.723
   3.150
 -23.965
  12.308
 -20.524
 -22.581
   2.479
   3.972
  13.135
  13.710
   5.862
  -0.205
  18.638
  -3.224
 -17.852
 -17.135
 -21.045
  24.443
  12.233
  21.298
  21.757
  -3.247
  16.736
  -0.174
   2.274
  -2.095
 -25.172
   0.147
 -19.545
  27.544
 -19.011
  -2.709
   0.084
  -3.999
  22.138
  26.253
 -22.628
  18.521
 -28.099
   3.315
 -19.683
   5.480
   5.578
  26.865
  20.490
 -23.615
  21.484
   3.266
 -25.825
  -2.102
  -1.096
  23.033
  -2.614
  23.003
  24.024
   0.041
  -0.746
   0.685
   2.747
 -27.514
  -0.316
  29.358
   0.621
 -22.571
  23.290
  27.664
   0.144
 -26.452
   0.641
   2.881
 -26.686
  -1.000
 -32.217
   0.162
  -5.592
  27.068
   2.320
 -33.515
  25.328
  29.135
 -27.567
   1.606
   9.079
  -5.313
  -4.784
   2.468
   3.459
   3.391
   2.737
 -36.892
  -1.170
   5.585
  -4.369
   6.540
   3.953
  -3.537
  -2.815
 -22.797
   8.049
 -38.271
   0.354
   0.386
  -8.338
  34.309
   3.220
  -1.601
  32.985
  -6.145
  -2.819
   4.750
   5.319
   1.896
  -0.212
   1.734
   4.138
   1.736
   0.956
   0.786
   2.619
   1.337
   2.543
  -1.695
  34.283
   3.811
   3.691
  -1.340
  -2.787
   4.462
  -6.483
 -37.963
  -3.527
   1.955
   0.041
   1.686
   1.410
  34.963
   7.861
  39.968
  -0.461
   1.233
   2.600
  -3.476
   3.776
   2.420
  -1.251
  -5.091
   6.577
  -2.994
   4.906
   4.658
   3.720
  -7.865
  -2.876
   2.061
  -4.454
   4.191
  -4.913
  -0.335
  -8.379
  -1.504
  32.257
  -0.439
   1.071
  -1.718
   5.410
 -36.718
  -6.621
  -1.039
   1.439
  -4.521
   4.146
 -11.833
  -3.991
  -2.938
  -2.151
  -2.587
  -1.833
  48.486
   4.019
  -5.675
   3.346
  -2.072
   0.790
   0.988
  -0.831
   0.901
   2.929
  -1.389
  -4.488
 -40.371
  45.729
  -2.067
   4.954
   3.777
  -1.514
   0.307
  -4.433
   2.698
   0.088
  -0.298
  -1.419
   0.138
  -0.841
  45.350
 -44.431
 -42.681
 -45.402
   3.527
   0.462
   0.225
  49.357
 -49.080
  -0.681
   0.847
  47.523
   1.731
  -0.620
  -1.276
   1.021
  -0.892
