#Atom            RMSF
  36.000       1.3531
  55.000       1.5181
  74.000       1.4230
  93.000       1.1248
 112.000       1.1455
 134.000       1.3012
 148.000       1.3855
 172.000       1.2977
 191.000       1.2769
 209.000       1.5151
 223.000       1.6255
 242.000       1.5187
 259.000       1.5224
 270.000       1.3285
 286.000       0.9257
 296.000       1.0894
 318.000       1.3769
 332.000       1.3106
 351.000       1.1151
 365.000       1.2634
 372.000       1.0790
 391.000       1.2357
 407.000       1.2945
 424.000       1.2619
 441.000       0.9537
 463.000       0.8845
 473.000       0.9736
 487.000       0.9066
 503.000       0.9012
 519.000       1.1034
 538.000       1.3510
 557.000       1.4617
 564.000       0.9794
 578.000       1.3336
 597.000       1.2409
 613.000       1.3241
 629.000       1.3341
 648.000       0.9543
 664.000       0.8241
 686.000       0.7464
 708.000       0.6114
 724.000       0.5903
 741.000       0.6593
 760.000       0.6103
 781.000       0.6379
 792.000       0.7343
 811.000       0.8311
 821.000       0.8929
 840.000       0.9038
 859.000       1.0400
 881.000       1.3065
 895.000       1.1895
 915.000       1.3700
 929.000       1.1427
 948.000       1.0454
 967.000       1.9968
 983.000       3.1639
1005.000       3.3860
1019.000       2.6766
1033.000       2.4161
1049.000       1.5814
1069.000       0.9607
1099.000       1.4015
1105.000       1.3703
1122.000       1.2166
1129.000       1.1793
1148.000       1.2619
1170.000       1.3656
1180.000       1.1509
1196.000       1.0319
1213.000       1.0273
1232.000       1.2969
1251.000       1.2634
1270.000       0.9839
1289.000       1.0408
1305.000       1.1260
1324.000       1.2619
1338.000       1.0163
1349.000       0.8546
1365.000       1.0726
1387.000       1.0844
1404.000       0.9516
1423.000       1.1029
1439.000       1.2201
1450.000       0.9642
1466.000       0.9919
1476.000       1.6451
1487.000       1.7456
1501.000       1.4615
1520.000       1.7818
1531.000       1.3486
1550.000       1.6230
1569.000       1.2646
1591.000       1.1457
1597.000       0.9008
1615.000       0.7977
1634.000       0.8450
1656.000       0.7621
1666.000       0.6394
1677.000       0.6742
1699.000       0.7054
1718.000       0.6622
1734.000       0.7178
1751.000       0.7937
1761.000       0.7928
1777.000       0.8425
1788.000       0.9218
1810.000       1.0559
1831.000       1.0667
1853.000       0.8491
1867.000       0.9894
1884.000       1.0447
1906.000       1.2255
