#Atom            RMSF
  36.000       1.6780
  55.000       1.7668
  74.000       1.5666
  93.000       1.2009
 112.000       1.3220
 134.000       1.4035
 148.000       1.3517
 172.000       1.0363
 191.000       1.0270
 209.000       1.1726
 223.000       1.1250
 242.000       1.1184
 259.000       1.3453
 270.000       1.2459
 286.000       1.0227
 296.000       1.1991
 318.000       1.4094
 332.000       1.2587
 351.000       1.0404
 365.000       1.3181
 372.000       1.0431
 391.000       1.2055
 407.000       1.2500
 424.000       1.2080
 441.000       0.9532
 463.000       0.8456
 473.000       0.9694
 487.000       0.9631
 503.000       0.9401
 519.000       1.0848
 538.000       1.1744
 557.000       1.5006
 564.000       1.1657
 578.000       1.2591
 597.000       1.4365
 613.000       1.7160
 629.000       1.6120
 648.000       1.2640
 664.000       0.9992
 686.000       0.9880
 708.000       0.7561
 724.000       0.6334
 741.000       0.6631
 760.000       0.6885
 781.000       0.7144
 791.000       0.7748
 810.000       0.8747
 820.000       1.0408
 839.000       1.1034
 858.000       1.2970
 880.000       1.3837
 894.000       1.2158
 914.000       1.2097
 928.000       1.1620
 947.000       1.0667
 966.000       1.9919
 982.000       2.2773
1004.000       2.0611
1018.000       1.7100
1032.000       1.7265
1048.000       1.3976
1068.000       1.2242
1098.000       1.7639
1104.000       1.6250
1121.000       1.7961
1128.000       1.8852
1147.000       1.2857
1169.000       1.9747
1179.000       1.9851
1195.000       1.1660
1212.000       1.2907
1231.000       1.5710
1250.000       1.2201
1269.000       1.0721
1288.000       1.2760
1304.000       1.2656
1323.000       1.2767
1337.000       0.9942
1348.000       0.7722
1364.000       0.9351
1386.000       0.9233
1403.000       0.8028
1422.000       1.0295
1438.000       1.2283
1449.000       1.0104
1465.000       0.9317
1475.000       1.5638
1486.000       1.7670
1500.000       1.6801
1519.000       1.8566
1530.000       1.5623
1549.000       1.5370
1568.000       1.2527
1590.000       1.1522
1596.000       0.9530
1614.000       0.7904
1633.000       0.7775
1655.000       0.7796
1665.000       0.6489
1676.000       0.6844
1698.000       0.7136
1717.000       0.6794
1733.000       0.6793
1750.000       0.7446
1760.000       0.7187
1776.000       0.7222
1787.000       0.8374
1809.000       0.8116
1830.000       0.8413
1852.000       0.9926
1866.000       1.2513
1883.000       1.1940
1905.000       1.2404
