   2.725
   0.704
  -1.256
  -0.697
  -1.568
  -1.090
  -1.086
   0.049
  -0.788
  -0.318
  -0.032
  -1.077
  -0.291
  -1.398
   0.741
   1.244
  -0.164
  -0.946
   1.725
   0.135
  -1.378
  -1.593
   2.813
   0.994
  -1.807
   0.015
  -0.728
  -1.438
   0.987
  -1.536
   1.302
  -1.170
  -1.532
  -2.094
  -0.635
  -0.596
  -3.062
   1.298
   0.472
  -0.012
   0.819
  -0.522
   0.393
  -2.577
  -0.266
  -1.933
  -0.143
   2.101
   0.181
  -1.236
  -2.867
  -0.915
  -1.082
  -0.128
  -1.382
  -0.160
  -0.816
   0.768
   0.362
  -1.032
  -1.272
   0.026
  -0.227
   0.066
   1.123
   2.548
   3.649
  -0.795
  -1.254
  -1.850
  -0.980
  -1.027
  -1.410
   0.664
  -1.166
   1.038
   1.950
  -0.806
  -0.651
   1.053
   1.106
   1.512
  -1.233
  -0.561
   1.699
  -0.145
  -1.243
   3.754
   2.407
   0.487
  -0.212
   1.148
   0.890
   0.548
  -0.148
  -0.043
  -1.384
   1.962
  -0.069
   1.230
   2.561
  -1.141
   0.443
   1.119
  -2.133
  -0.001
  -0.463
  -0.629
   1.686
  -1.753
   1.403
  -1.027
  -0.789
  -1.807
  -0.795
   0.390
  -1.004
  -1.634
   1.060
   1.445
   1.803
  -0.832
  -1.707
  -2.005
  -0.710
  -0.516
  -0.355
  -1.386
  -0.934
   1.921
   0.899
  -2.462
   1.294
  -0.112
  -0.130
   0.575
  -0.868
   2.595
  -2.429
   0.285
  -2.769
   3.938
  -0.025
   0.018
  -0.380
  -1.417
  -4.554
   0.212
   1.139
   3.317
   2.002
  -0.777
   0.327
  -1.836
  -0.350
   0.815
  -2.989
  -0.234
   0.905
   0.342
   0.626
   0.116
   3.064
   0.903
   1.461
  -0.822
   1.304
   1.412
   1.149
  -2.600
  -0.903
   2.008
  -1.241
   1.156
  -0.543
   2.467
  -0.014
  -1.883
   0.049
  -1.248
   0.611
  -1.863
  -0.430
  -2.072
   1.561
   0.403
   3.832
   4.482
   2.030
   0.382
   1.262
   0.084
  -0.218
   2.390
  -3.143
  -0.022
  -1.992
   0.566
   0.371
  -4.285
   1.272
   3.059
   2.410
   0.152
  -3.078
   4.600
  -0.814
  -1.025
  -0.330
  -0.065
   0.566
  -0.473
   0.969
   0.511
   0.964
  -0.039
   1.026
  -0.693
  -0.100
  -0.323
   0.647
   0.037
   1.063
   0.720
  -2.107
  -1.984
   1.298
   1.348
   0.827
   0.696
   0.600
  -0.350
   0.771
   0.203
   0.975
  -0.036
  -1.300
  -0.469
  -1.260
   0.060
   1.077
  -1.895
   0.445
  -0.024
   1.938
   1.055
  -0.984
  -2.811
   2.846
  -0.635
   0.852
  -1.070
  -0.451
   0.441
   0.390
   1.325
   0.813
  -0.053
  -0.514
  -1.012
   1.005
  -0.459
  -0.863
   1.322
  -2.788
  -1.178
   1.493
   1.132
  -4.822
   0.088
   0.728
   2.576
  -0.997
  -1.698
   1.402
   0.510
   0.435
   0.298
  -1.322
   0.488
  -0.252
  -0.112
  -0.219
   1.070
   0.149
  -0.391
  -1.251
   2.195
  -0.929
   1.796
  -2.419
  -1.810
  -1.016
   1.664
  -0.737
   1.407
   1.093
  -0.996
   1.994
   0.510
   0.865
   0.687
   1.210
  -0.644
   0.702
   0.519
   0.207
  -1.132
   0.386
   1.094
   0.081
   0.860
   0.976
  -1.876
  -1.046
  -1.176
  -0.755
  -0.912
   1.071
   0.129
  -2.309
  -2.350
  -0.930
  -0.239
  -0.618
  -1.351
  -1.022
   3.488
  -0.487
   1.323
  -1.323
   2.388
  -0.373
