#Atom            RMSF
  36.000       1.4800
  55.000       1.3162
  74.000       1.7944
  93.000       1.0372
 112.000       0.7946
 134.000       0.8786
 148.000       0.7633
 172.000       0.7147
 191.000       0.7742
 209.000       0.7839
 223.000       0.7184
 242.000       0.8385
 259.000       1.0835
 270.000       1.0009
 286.000       0.8016
 296.000       1.0040
 318.000       1.1816
 332.000       1.1039
 351.000       0.9015
 365.000       1.1558
 372.000       0.9150
 391.000       1.0779
 407.000       1.1451
 424.000       1.1243
 441.000       0.8693
 463.000       0.7513
 473.000       0.8401
 487.000       0.7937
 503.000       0.7349
 519.000       0.7409
 538.000       0.8240
 557.000       0.9179
 564.000       0.8286
 578.000       0.9167
 597.000       1.0888
 613.000       1.5626
 629.000       1.4453
 648.000       1.0248
 664.000       0.7959
 686.000       0.7224
 708.000       0.5919
 724.000       0.5979
 741.000       0.6432
 760.000       0.5488
 781.000       0.5948
 791.000       0.7043
 810.000       0.6746
 820.000       0.6762
 839.000       0.6499
 858.000       0.7160
 880.000       0.7074
 894.000       0.7078
 914.000       0.9317
 928.000       0.8762
 947.000       0.8789
 966.000       1.6232
 982.000       2.0441
1004.000       1.7727
1018.000       1.2393
1032.000       1.3327
1048.000       1.1191
1068.000       0.8226
1098.000       1.5794
1104.000       1.8827
1121.000       1.3582
1128.000       0.8933
1147.000       0.8899
1169.000       1.1353
1179.000       1.0445
1195.000       0.8507
1212.000       0.8810
1231.000       1.2143
1250.000       1.0653
1269.000       0.9532
1288.000       1.0856
1304.000       1.1080
1323.000       1.1676
1337.000       0.8991
1348.000       0.7300
1364.000       0.9198
1386.000       0.8929
1403.000       0.7679
1422.000       0.9215
1438.000       1.0427
1449.000       0.9182
1465.000       0.8885
1475.000       1.2788
1486.000       1.5399
1500.000       1.3030
1519.000       2.0264
1530.000       1.3683
1549.000       1.3768
1568.000       1.0120
1590.000       0.9025
1596.000       0.9404
1614.000       0.6267
1633.000       0.5499
1655.000       0.6079
1665.000       0.5378
1676.000       0.5719
1698.000       0.6007
1717.000       0.5786
1733.000       0.5828
1750.000       0.7020
1760.000       0.6807
1776.000       0.6499
1787.000       0.7876
1809.000       0.7997
1830.000       0.8364
1852.000       0.7368
1866.000       0.7346
1883.000       0.7892
1905.000       0.9849
