  -0.289
  -0.697
  -0.286
  -0.733
 -13.045
  -1.445
  -0.362
  -2.634
  -2.618
   2.922
   0.725
   4.185
  -0.783
  -4.542
  -1.768
  -2.074
  -0.118
   0.750
  -1.552
  -0.939
   1.129
   0.255
  -0.987
   1.340
  -0.249
  -3.120
   0.640
  -1.357
  -0.282
  -0.893
   0.947
  -0.738
  -0.109
   0.613
  -1.435
  -3.307
  -2.744
  -3.844
  -1.078
  -1.094
  -0.582
   1.489
   0.494
   1.703
  -1.255
  -0.294
   0.771
  -2.086
   6.010
  -0.102
  -7.322
   0.436
   4.359
  -3.152
  -1.763
   1.164
  -3.067
  -7.198
   3.076
  -3.394
  -1.373
   5.820
   0.791
   0.328
   0.952
   1.235
   3.353
  -0.067
   1.337
   2.206
  -1.827
  -1.946
   0.228
   2.497
  -2.843
   1.747
  -3.049
  -2.485
   0.181
  -0.267
   0.837
  -0.011
   4.607
   0.805
  -1.354
   2.805
  -3.743
  -1.414
  -0.124
  -1.130
   1.959
   1.228
  -0.665
  -0.603
   0.217
   0.780
  -0.302
  -1.584
   4.653
   0.491
  -1.047
  -1.022
   1.158
   0.839
  -2.056
   1.456
  -0.049
   0.123
  -3.493
  -1.542
  -1.401
  -0.147
   0.305
   1.399
  -2.161
   2.762
  -1.251
  -1.418
  -0.237
  -1.288
   3.544
   1.919
  -0.722
  -1.321
  -1.575
  -3.129
  -0.780
   2.380
   4.397
  -2.637
   0.223
  -2.210
   0.341
  -2.649
   2.173
  -2.426
   0.303
  -1.430
  -0.388
  -1.516
  -0.528
  -2.747
   0.549
   2.058
   1.800
  -0.291
  -0.328
  -1.412
   0.929
   1.377
   0.491
   0.716
   1.899
   2.335
  -1.071
   0.708
  -0.130
  -1.626
   4.178
  -0.677
   2.206
   0.082
   0.020
   0.698
  -1.207
  -2.138
   0.269
  -2.520
  -0.604
   1.863
  -1.341
  -1.455
  -1.051
  -0.383
  -0.235
  -1.303
   3.405
  -0.637
  -2.108
  -1.765
   2.491
  -2.751
  -0.289
  -0.328
  -0.543
   2.947
   0.698
  -0.463
  -0.786
  -5.223
  -1.056
   1.158
   3.856
   2.231
   1.799
   2.370
   4.074
  -0.483
  -4.563
   3.558
   3.644
  -3.245
  -1.072
  -0.027
   2.616
  -0.214
   4.037
   4.280
  -1.019
   3.106
  -2.739
  -2.242
   3.357
   1.484
  -4.963
   0.813
   2.776
  -3.465
   0.176
  -5.539
   1.921
  -2.201
  -1.276
  -2.773
   3.175
   1.234
  -0.994
  -1.553
   0.041
   1.491
  -0.622
   0.977
  -2.718
   1.592
  -3.054
  -0.610
  -1.170
   0.852
  -1.069
   3.455
   0.383
  -2.271
  -0.613
  -2.965
  -3.571
  -2.263
   0.646
  -2.525
  -0.591
   3.185
   2.116
  -0.494
   2.876
   2.457
  -0.988
   0.497
  -2.130
  -1.297
   0.898
   2.503
   0.443
   1.785
   0.585
   0.229
  -0.466
   0.400
  -1.181
   4.412
  -1.099
  -3.354
  -0.279
  -3.114
   0.723
   1.322
   2.441
  -0.633
   0.610
  -0.715
  -2.536
  -1.100
  -1.712
   2.741
   0.793
  -2.489
   0.345
  -2.089
  -1.218
  -3.009
   0.059
  -3.476
   4.642
   1.870
   1.099
   4.906
  -0.176
   1.050
   4.152
   0.893
  -0.706
  -2.143
   4.401
  -2.208
  -1.874
  -1.618
   1.142
  -2.685
  -0.200
   0.811
   0.241
  -1.123
  -1.942
   3.789
   1.851
  -1.491
   3.981
  -2.382
  -0.791
   0.552
  -3.234
   1.428
  -1.434
  -0.398
   0.406
   3.469
   4.116
   0.521
  -3.183
   2.824
  -2.309
  -7.175
  -1.955
   2.875
  -0.100
