#Atom            RMSF
  36.000       2.9087
  55.000       2.4474
  74.000       1.8866
  93.000       1.6478
 112.000       1.5778
 134.000       2.0616
 148.000       2.3240
 172.000       1.5072
 191.000       1.7727
 209.000       1.7615
 223.000       1.6157
 242.000       1.9099
 259.000       1.9273
 270.000       1.4228
 286.000       1.0011
 296.000       1.1855
 318.000       1.4596
 332.000       1.3102
 351.000       0.9636
 365.000       1.3184
 372.000       1.0146
 391.000       1.1581
 407.000       1.2823
 424.000       1.2243
 441.000       0.9261
 463.000       0.8879
 473.000       1.0216
 487.000       0.9771
 503.000       0.8723
 519.000       0.8777
 538.000       1.0205
 557.000       1.4226
 564.000       1.0281
 578.000       1.0277
 597.000       1.2326
 613.000       1.1908
 629.000       1.2733
 648.000       0.9685
 664.000       0.9093
 686.000       0.8021
 708.000       0.6443
 724.000       0.6456
 741.000       0.7446
 760.000       0.6756
 781.000       0.6839
 791.000       0.8050
 810.000       0.9060
 820.000       0.9254
 839.000       0.9262
 858.000       1.1024
 880.000       1.3190
 894.000       1.2225
 914.000       1.2817
 928.000       1.1642
 947.000       1.1736
 966.000       2.1612
 982.000       3.1578
1004.000       2.9040
1018.000       2.7097
1032.000       2.4131
1048.000       1.8770
1068.000       1.7933
1098.000       2.1866
1104.000       1.9112
1121.000       2.0019
1128.000       1.5878
1147.000       1.2979
1169.000       1.5922
1179.000       1.4457
1195.000       1.0405
1212.000       1.1121
1231.000       1.3833
1250.000       1.2076
1269.000       1.0229
1288.000       1.2371
1304.000       1.3470
1323.000       1.5203
1337.000       1.1786
1348.000       0.9932
1364.000       1.2705
1386.000       1.1969
1403.000       1.0261
1422.000       1.2181
1438.000       1.3390
1449.000       0.9759
1465.000       0.9220
1475.000       1.6098
1486.000       2.0508
1500.000       1.5767
1519.000       2.0942
1530.000       1.5251
1549.000       1.7207
1568.000       1.5036
1590.000       1.3705
1596.000       1.0621
1614.000       0.8551
1633.000       0.8798
1655.000       0.7859
1665.000       0.6247
1676.000       0.6382
1698.000       0.6569
1717.000       0.6413
1733.000       0.6302
1750.000       0.6841
1760.000       0.7103
1776.000       0.7262
1787.000       0.8704
1809.000       0.8562
1830.000       0.7935
1852.000       0.7509
1866.000       0.8677
1883.000       0.9106
1905.000       1.2828
