#Atom            RMSF
  36.000       9.3088
  55.000       7.2818
  74.000       7.3095
  93.000       6.4951
 112.000       4.4448
 134.000       2.6338
 148.000       2.7960
 172.000       2.5548
 191.000       1.9135
 209.000       2.0161
 223.000       2.5593
 242.000       1.6220
 259.000       2.1460
 270.000       2.1037
 286.000       1.3024
 296.000       1.6287
 318.000       1.7390
 332.000       1.5884
 351.000       1.5359
 365.000       1.7038
 372.000       1.3968
 391.000       1.7404
 407.000       2.1038
 424.000       2.1778
 441.000       1.5880
 463.000       1.3819
 473.000       1.6089
 487.000       1.4354
 503.000       1.0668
 519.000       1.1417
 538.000       1.3931
 557.000       1.6965
 564.000       1.7883
 578.000       1.8712
 597.000       1.5236
 613.000       1.6438
 629.000       1.4505
 648.000       1.0123
 664.000       1.0110
 686.000       1.0401
 708.000       0.7595
 724.000       0.6152
 741.000       0.7585
 760.000       0.7872
 781.000       0.6804
 792.000       0.7700
 811.000       0.9721
 821.000       1.0103
 840.000       0.9337
 859.000       1.1089
 881.000       1.3274
 895.000       1.2937
 915.000       1.2990
 929.000       1.0868
 948.000       1.1107
 967.000       1.4963
 983.000       1.8310
1005.000       1.9183
1019.000       1.3878
1033.000       1.5737
1049.000       1.3012
1069.000       1.1829
1099.000       1.8829
1105.000       2.1267
1122.000       2.9028
1129.000       2.4075
1148.000       2.1553
1170.000       3.5058
1180.000       3.1931
1196.000       2.2021
1213.000       2.4049
1232.000       2.7038
1251.000       2.1202
1270.000       1.9144
1289.000       2.0579
1305.000       2.2603
1324.000       2.2240
1338.000       1.8879
1349.000       1.7057
1365.000       1.5980
1387.000       1.3213
1404.000       1.0812
1423.000       1.2804
1439.000       1.4498
1450.000       1.0568
1466.000       0.8812
1476.000       1.1379
1487.000       1.3991
1501.000       1.2228
1520.000       1.6955
1531.000       1.1215
1550.000       1.3386
1569.000       0.9871
1591.000       0.8435
1597.000       0.7418
1615.000       0.6932
1634.000       0.6882
1656.000       0.6456
1666.000       0.6259
1677.000       0.6914
1699.000       0.6940
1718.000       0.7214
1734.000       0.8177
1751.000       0.8209
1761.000       0.9035
1777.000       0.9772
1788.000       1.0783
1810.000       1.1300
1831.000       1.2703
1853.000       1.1418
1867.000       1.3485
1884.000       1.3421
1906.000       1.6876
