#Atom            RMSF
  36.000       2.7229
  55.000       2.4094
  74.000       2.2422
  93.000       1.7479
 112.000       1.3035
 134.000       1.5448
 148.000       1.8078
 172.000       1.7728
 191.000       1.7236
 209.000       1.7879
 223.000       1.9357
 242.000       1.6915
 259.000       1.5968
 270.000       1.5400
 286.000       1.2991
 296.000       1.4153
 318.000       1.6325
 332.000       1.5235
 351.000       1.0871
 365.000       1.3367
 372.000       1.0930
 391.000       1.2871
 407.000       1.4190
 424.000       1.4352
 441.000       1.1171
 463.000       1.0550
 473.000       1.2545
 487.000       1.1257
 503.000       1.0553
 519.000       1.1320
 538.000       1.1628
 557.000       2.2009
 564.000       1.3189
 578.000       1.2919
 597.000       1.3598
 613.000       1.4005
 629.000       1.5772
 648.000       1.2013
 664.000       1.0897
 686.000       0.9233
 708.000       0.8035
 724.000       0.8856
 741.000       0.9535
 760.000       0.8357
 781.000       0.9232
 791.000       1.0635
 810.000       1.0481
 820.000       1.1013
 839.000       1.0832
 858.000       1.2540
 880.000       1.6982
 894.000       1.8367
 914.000       1.6852
 928.000       1.6116
 947.000       1.3676
 966.000       2.2820
 982.000       2.9682
1004.000       3.0451
1018.000       2.7717
1032.000       2.9126
1048.000       2.3216
1068.000       1.9703
1098.000       2.6559
1104.000       2.5266
1121.000       2.8925
1128.000       2.6345
1147.000       1.8166
1169.000       2.3998
1179.000       2.2495
1195.000       1.3258
1212.000       1.4031
1231.000       1.8884
1250.000       1.5276
1269.000       1.3333
1288.000       1.6202
1304.000       1.5402
1323.000       1.7238
1337.000       1.3737
1348.000       0.9599
1364.000       1.1708
1386.000       1.3092
1403.000       1.1403
1422.000       1.4401
1438.000       1.7334
1449.000       1.5983
1465.000       1.3680
1475.000       2.2062
1486.000       2.4233
1500.000       1.5417
1519.000       1.9576
1530.000       1.6256
1549.000       2.1020
1568.000       1.7718
1590.000       1.6730
1596.000       1.3552
1614.000       1.1190
1633.000       1.1419
1655.000       1.0895
1665.000       0.9101
1676.000       0.8183
1698.000       0.9078
1717.000       0.8769
1733.000       0.7936
1750.000       0.9548
1760.000       1.0605
1776.000       1.0009
1787.000       1.1492
1809.000       1.1469
1830.000       1.0695
1852.000       0.9123
1866.000       1.1889
1883.000       1.3158
1905.000       1.8506
