#Atom            RMSF
  36.000       1.3230
  55.000       1.4959
  74.000       1.4123
  93.000       1.1108
 112.000       1.1448
 134.000       1.3255
 148.000       1.3746
 172.000       1.1596
 191.000       1.2090
 209.000       1.4608
 223.000       1.5519
 242.000       1.4345
 259.000       1.4842
 270.000       1.2464
 286.000       0.9252
 296.000       1.0666
 318.000       1.3313
 332.000       1.2270
 351.000       1.0130
 365.000       1.2387
 372.000       1.0467
 391.000       1.1621
 407.000       1.2513
 424.000       1.1930
 441.000       0.8712
 463.000       0.8320
 473.000       0.9286
 487.000       0.9104
 503.000       0.9412
 519.000       1.0630
 538.000       1.4850
 557.000       1.7629
 564.000       0.9872
 578.000       1.4031
 597.000       1.2965
 613.000       1.3867
 629.000       1.3360
 648.000       0.9676
 664.000       0.8338
 686.000       0.7243
 708.000       0.6085
 724.000       0.5806
 741.000       0.5987
 760.000       0.5482
 781.000       0.5999
 792.000       0.6754
 811.000       0.7701
 821.000       0.8738
 840.000       0.9342
 859.000       1.0629
 881.000       1.5073
 895.000       1.3121
 915.000       1.3648
 929.000       1.1490
 948.000       1.1866
 967.000       1.9454
 983.000       3.0299
1005.000       3.2293
1019.000       2.6718
1033.000       2.2886
1049.000       1.5838
1069.000       1.1733
1099.000       2.1024
1105.000       1.7824
1122.000       1.5145
1129.000       1.5712
1148.000       1.4331
1170.000       1.4654
1180.000       1.1813
1196.000       1.2009
1213.000       1.1432
1232.000       1.3755
1251.000       1.4491
1270.000       1.3005
1289.000       1.3287
1305.000       1.2551
1324.000       1.3984
1338.000       1.2366
1349.000       0.9931
1365.000       1.2283
1387.000       1.3553
1404.000       1.2171
1423.000       1.4202
1439.000       1.4069
1450.000       1.0745
1466.000       1.2484
1476.000       2.0472
1487.000       1.7857
1501.000       1.5565
1520.000       1.7935
1531.000       1.3402
1550.000       1.5338
1569.000       1.2676
1591.000       1.1959
1597.000       1.0016
1615.000       0.8470
1634.000       0.8668
1656.000       0.8110
1666.000       0.6559
1677.000       0.6941
1699.000       0.7513
1718.000       0.6741
1734.000       0.6919
1751.000       0.8148
1761.000       0.8498
1777.000       0.8099
1788.000       0.9227
1810.000       1.2468
1831.000       1.2096
1853.000       0.9647
1867.000       1.0423
1884.000       1.0625
1906.000       1.2008
