#Atom            RMSF
  36.000       1.1652
  55.000       1.3381
  74.000       1.2694
  93.000       1.0440
 112.000       1.0893
 134.000       1.2045
 148.000       1.2353
 172.000       1.0270
 191.000       1.1223
 209.000       1.2936
 223.000       1.3456
 242.000       1.2435
 259.000       1.3261
 270.000       1.2216
 286.000       0.9853
 296.000       1.0733
 318.000       1.2633
 332.000       1.1785
 351.000       1.0157
 365.000       1.2335
 372.000       1.0242
 391.000       1.1865
 407.000       1.2370
 424.000       1.3097
 441.000       1.0594
 463.000       0.8961
 473.000       1.0642
 487.000       0.9884
 503.000       0.9148
 519.000       1.1390
 538.000       1.2795
 557.000       1.3515
 564.000       0.8952
 578.000       0.9654
 597.000       1.0288
 613.000       0.9372
 629.000       1.0345
 648.000       0.8143
 664.000       0.7746
 686.000       0.6898
 708.000       0.5510
 724.000       0.5617
 741.000       0.6625
 760.000       0.6089
 781.000       0.6213
 791.000       0.7927
 810.000       0.8929
 820.000       0.8655
 839.000       0.8975
 858.000       1.1808
 880.000       1.3243
 894.000       1.1208
 914.000       1.2256
 928.000       1.3125
 947.000       1.4466
 966.000       1.9521
 982.000       2.5360
1004.000       2.3350
1018.000       2.1600
1032.000       1.6135
1048.000       1.3434
1068.000       1.5262
1098.000       2.0147
1104.000       1.7342
1121.000       1.4928
1128.000       1.2793
1147.000       1.1247
1169.000       1.5195
1179.000       1.4249
1195.000       1.0563
1212.000       1.1822
1231.000       1.4029
1250.000       1.2701
1269.000       0.9678
1288.000       1.0710
1304.000       1.1563
1323.000       1.2476
1337.000       0.9605
1348.000       0.7947
1364.000       1.0102
1386.000       1.0348
1403.000       0.8922
1422.000       1.0493
1438.000       1.2538
1449.000       1.0488
1465.000       0.8484
1475.000       1.3935
1486.000       1.7431
1500.000       1.3365
1519.000       1.8247
1530.000       1.3593
1549.000       1.7219
1568.000       1.2911
1590.000       1.1638
1596.000       0.8835
1614.000       0.7296
1633.000       0.7640
1655.000       0.6953
1665.000       0.5819
1676.000       0.6127
1698.000       0.6382
1717.000       0.7125
1733.000       0.7543
1750.000       0.7750
1760.000       0.8796
1776.000       0.9831
1787.000       1.0725
1809.000       1.4630
1830.000       1.3525
1852.000       0.8998
1866.000       1.0870
1883.000       1.0027
1905.000       1.2835
