#Atom            RMSF
  36.000       2.6340
  55.000       2.5378
  74.000       2.4364
  93.000       2.0451
 112.000       1.7901
 134.000       1.7435
 148.000       1.9329
 172.000       1.6556
 191.000       1.5950
 209.000       1.7824
 223.000       1.7554
 242.000       1.4394
 259.000       1.4166
 270.000       1.2821
 286.000       0.9003
 296.000       1.0692
 318.000       1.3657
 332.000       1.2980
 351.000       1.0071
 365.000       1.2279
 372.000       0.9767
 391.000       1.2081
 407.000       1.3435
 424.000       1.3584
 441.000       1.0659
 463.000       0.9357
 473.000       1.0978
 487.000       1.1095
 503.000       1.1007
 519.000       1.2468
 538.000       1.5238
 557.000       1.8603
 564.000       1.6643
 578.000       2.1263
 597.000       1.7331
 613.000       2.2082
 629.000       2.0853
 648.000       1.2484
 664.000       1.0213
 686.000       0.9617
 708.000       0.7565
 724.000       0.6994
 741.000       0.7532
 760.000       0.6834
 781.000       0.6977
 792.000       0.7864
 811.000       0.8795
 821.000       0.9372
 840.000       0.8978
 859.000       1.1349
 881.000       1.5856
 895.000       1.5310
 915.000       1.3745
 929.000       1.2862
 948.000       1.1483
 967.000       1.7808
 983.000       2.4891
1005.000       2.6654
1019.000       2.0147
1033.000       2.1605
1049.000       1.7399
1069.000       1.3887
1099.000       2.2910
1105.000       2.0185
1122.000       2.4182
1129.000       2.4230
1148.000       2.0105
1170.000       2.7075
1180.000       2.3501
1196.000       1.8613
1213.000       1.8110
1232.000       1.9671
1251.000       1.7752
1270.000       1.5926
1289.000       1.6556
1305.000       1.5904
1324.000       1.5658
1338.000       1.2796
1349.000       1.1604
1365.000       1.1855
1387.000       1.1186
1404.000       1.0157
1423.000       1.3176
1439.000       1.4467
1450.000       1.2586
1466.000       1.3881
1476.000       2.4610
1487.000       1.8497
1501.000       1.4568
1520.000       1.7756
1531.000       1.2950
1550.000       1.6156
1569.000       1.2952
1591.000       1.1828
1597.000       1.0276
1615.000       0.8513
1634.000       0.8294
1656.000       0.7925
1666.000       0.7090
1677.000       0.7191
1699.000       0.7425
1718.000       0.7536
1734.000       0.8031
1751.000       0.8767
1761.000       0.9850
1777.000       1.0197
1788.000       1.0880
1810.000       1.1460
1831.000       1.1392
1853.000       0.9499
1867.000       1.2065
1884.000       1.1415
1906.000       1.4295
