#Atom            RMSF
  36.000       2.6156
  55.000       2.2776
  74.000       1.8105
  93.000       1.4118
 112.000       1.3448
 134.000       1.6643
 148.000       1.7796
 172.000       1.3651
 191.000       1.5486
 209.000       1.6911
 223.000       1.6113
 242.000       1.5100
 259.000       1.5666
 270.000       1.3933
 286.000       1.1701
 296.000       1.3190
 318.000       1.5759
 332.000       1.4590
 351.000       1.0249
 365.000       1.3487
 372.000       1.1016
 391.000       1.2827
 407.000       1.3961
 424.000       1.4631
 441.000       1.1758
 463.000       1.0259
 473.000       1.1768
 487.000       1.1249
 503.000       1.0229
 519.000       0.9959
 538.000       1.0190
 557.000       1.6412
 564.000       1.1797
 578.000       1.0420
 597.000       1.1464
 613.000       1.1182
 629.000       1.2648
 648.000       1.0234
 664.000       0.9757
 686.000       0.8741
 708.000       0.7149
 724.000       0.7585
 741.000       0.8639
 760.000       0.7741
 781.000       0.7999
 791.000       0.9480
 810.000       1.0061
 820.000       1.0666
 839.000       1.0913
 858.000       1.3098
 880.000       1.4993
 894.000       1.5163
 914.000       1.5307
 928.000       1.4616
 947.000       1.3500
 966.000       2.4279
 982.000       3.4089
1004.000       3.3891
1018.000       3.2570
1032.000       3.1373
1048.000       2.3506
1068.000       2.1864
1098.000       2.5535
1104.000       2.2011
1121.000       2.3951
1128.000       2.0572
1147.000       1.5427
1169.000       1.8670
1179.000       1.7386
1195.000       1.1575
1212.000       1.2115
1231.000       1.5739
1250.000       1.3279
1269.000       1.1420
1288.000       1.3945
1304.000       1.4626
1323.000       1.6410
1337.000       1.2487
1348.000       1.0101
1364.000       1.2878
1386.000       1.2426
1403.000       1.0403
1422.000       1.2987
1438.000       1.4701
1449.000       1.2279
1465.000       1.1314
1475.000       1.9200
1486.000       2.2062
1500.000       1.5680
1519.000       2.0846
1530.000       1.6882
1549.000       2.0006
1568.000       1.6403
1590.000       1.5396
1596.000       1.2057
1614.000       0.9723
1633.000       1.0321
1655.000       0.9269
1665.000       0.7433
1676.000       0.7574
1698.000       0.8147
1717.000       0.7641
1733.000       0.7204
1750.000       0.8215
1760.000       0.8567
1776.000       0.8444
1787.000       0.9950
1809.000       0.9525
1830.000       0.9068
1852.000       0.8269
1866.000       0.9829
1883.000       1.0767
1905.000       1.4848
