#Atom            RMSF
  36.000       1.2568
  55.000       1.3651
  74.000       1.2698
  93.000       1.0176
 112.000       1.0189
 134.000       1.1713
 148.000       1.2040
 172.000       0.9937
 191.000       1.0920
 209.000       1.2824
 223.000       1.3892
 242.000       1.2205
 259.000       1.3311
 270.000       1.0947
 286.000       0.8597
 296.000       0.9795
 318.000       1.2602
 332.000       1.1123
 351.000       0.9000
 365.000       1.2249
 372.000       0.9599
 391.000       1.0340
 407.000       1.1106
 424.000       1.0678
 441.000       0.8208
 463.000       0.7657
 473.000       0.8612
 487.000       0.9564
 503.000       1.0015
 519.000       1.0053
 538.000       1.3761
 557.000       1.5975
 564.000       0.9949
 578.000       1.2843
 597.000       1.3369
 613.000       1.6448
 629.000       1.5571
 648.000       1.0662
 664.000       0.8221
 686.000       0.7039
 708.000       0.6445
 724.000       0.6345
 741.000       0.5752
 760.000       0.5087
 781.000       0.6059
 792.000       0.6759
 811.000       0.7041
 821.000       0.8412
 840.000       0.9715
 859.000       1.0865
 881.000       1.6504
 895.000       1.4105
 915.000       1.2649
 929.000       1.1676
 948.000       1.2898
 967.000       1.9355
 983.000       2.9001
1005.000       3.0195
1019.000       2.6635
1033.000       2.2151
1049.000       1.6188
1069.000       1.3830
1099.000       2.7458
1105.000       2.1635
1122.000       2.1040
1129.000       2.1728
1148.000       1.7861
1170.000       1.6841
1180.000       1.1849
1196.000       1.2819
1213.000       1.2112
1232.000       1.3862
1251.000       1.5362
1270.000       1.5451
1289.000       1.6553
1305.000       1.4910
1324.000       1.5748
1338.000       1.4945
1349.000       1.2142
1365.000       1.4420
1387.000       1.6844
1404.000       1.4630
1423.000       1.7639
1439.000       1.6194
1450.000       1.1974
1466.000       1.5027
1476.000       2.5291
1487.000       1.9934
1501.000       1.7175
1520.000       1.8436
1531.000       1.4416
1550.000       1.6281
1569.000       1.4355
1591.000       1.3406
1597.000       1.1131
1615.000       0.9561
1634.000       0.9737
1656.000       0.9042
1666.000       0.7176
1677.000       0.7657
1699.000       0.8482
1718.000       0.7226
1734.000       0.7131
1751.000       0.8969
1761.000       0.9824
1777.000       0.8524
1788.000       0.9720
1810.000       1.3938
1831.000       1.2872
1853.000       1.0361
1867.000       1.0216
1884.000       1.0282
1906.000       1.1482
