#Atom            RMSF
  36.000       1.7028
  55.000       1.7921
  74.000       1.5263
  93.000       1.2635
 112.000       1.4939
 134.000       1.4355
 148.000       1.1759
 172.000       1.0303
 191.000       1.1176
 209.000       1.2324
 223.000       1.1472
 242.000       1.0710
 259.000       1.3833
 270.000       1.2740
 286.000       1.0093
 296.000       1.0738
 318.000       1.3072
 332.000       1.1925
 351.000       1.0190
 365.000       1.2139
 372.000       0.9909
 391.000       1.1382
 407.000       1.1476
 424.000       1.0955
 441.000       0.8552
 463.000       0.7424
 473.000       0.7807
 487.000       0.7202
 503.000       0.6984
 519.000       0.7922
 538.000       0.8672
 557.000       1.0742
 564.000       1.1148
 578.000       1.2180
 597.000       1.1608
 613.000       1.5359
 629.000       1.3557
 648.000       1.0150
 664.000       0.7784
 686.000       0.7447
 708.000       0.7396
 724.000       0.6226
 741.000       0.6342
 760.000       0.6956
 781.000       0.7236
 791.000       0.7531
 810.000       0.8770
 820.000       0.9831
 839.000       0.9680
 858.000       1.2258
 880.000       1.4192
 894.000       1.3407
 914.000       1.3281
 928.000       1.1115
 947.000       1.0683
 966.000       1.5861
 982.000       2.0896
1004.000       2.1104
1018.000       1.9485
1032.000       1.8162
1048.000       1.4311
1068.000       1.0426
1098.000       1.6273
1104.000       1.4308
1121.000       1.9105
1128.000       2.1003
1147.000       1.5488
1169.000       2.0971
1179.000       2.0085
1195.000       1.1735
1212.000       1.2231
1231.000       1.4426
1250.000       1.0574
1269.000       0.9787
1288.000       1.1965
1304.000       1.2058
1323.000       1.2296
1337.000       0.9510
1348.000       0.7263
1364.000       0.9019
1386.000       0.9690
1403.000       0.9129
1422.000       1.0965
1438.000       1.3128
1449.000       0.9670
1465.000       0.8295
1475.000       1.2028
1486.000       1.4448
1500.000       1.2651
1519.000       1.9355
1530.000       1.4575
1549.000       1.8885
1568.000       1.4068
1590.000       1.2835
1596.000       0.9830
1614.000       0.7928
1633.000       0.7979
1655.000       0.8368
1665.000       0.7345
1676.000       0.7017
1698.000       0.7067
1717.000       0.6566
1733.000       0.6326
1750.000       0.6395
1760.000       0.6576
1776.000       0.6345
1787.000       0.7939
1809.000       0.7970
1830.000       0.7297
1852.000       0.6421
1866.000       0.7154
1883.000       0.7998
1905.000       0.8643
