   4.953
   1.504
  -1.252
  -2.594
   8.208
   1.160
  -1.419
  -0.236
  -2.948
  -2.508
   2.153
  -2.440
  -0.910
  -2.220
   0.680
  -0.064
   3.749
   3.324
  -0.508
   1.120
   1.853
  -1.037
   0.080
  -0.260
   0.253
   0.878
   0.914
  -1.114
  -1.547
  -4.476
   1.359
  -6.200
   3.757
   0.255
  -0.364
  -0.738
   2.201
   2.483
   5.276
   4.880
  -3.929
  -2.042
   8.525
  -2.082
  -4.345
  -1.270
   0.194
  -5.588
  -1.270
   3.210
   9.201
   0.606
  -1.413
  -3.489
  -1.619
  -1.874
  -2.299
  -2.442
   2.244
  -4.226
   4.800
  -6.620
  -2.160
   2.231
   1.442
   0.723
  -3.877
   4.113
  -2.077
   2.504
   0.627
   1.484
  -0.956
   6.156
  -1.362
   0.052
  -2.437
   3.879
   4.628
  -1.275
  -4.676
  -3.676
   3.582
   2.194
  -0.263
   0.693
  -4.075
   1.951
  -3.378
  -0.069
  -0.297
   1.544
   0.192
  -0.766
  -2.870
   4.413
  -4.342
  -0.237
   2.077
  -3.205
   0.427
  -1.380
  -2.176
   0.997
   0.226
   1.022
  -0.288
  -1.315
   0.826
  -0.680
   4.137
   0.404
   1.859
   2.013
  -0.704
   0.059
   1.492
  -3.731
  -2.750
  -0.272
  -0.933
   2.860
   2.320
  -4.041
   0.835
  -1.974
   4.454
  -2.376
  -0.420
  -1.444
  -3.449
  -0.556
  -3.377
   1.526
  -0.577
  -1.478
  -0.329
   2.754
  -0.553
  -2.570
   3.129
   1.911
  -2.904
  -1.561
  -0.150
  -1.575
   1.259
  -0.759
  -1.923
  -1.598
  -1.658
  -2.844
  -1.912
  -2.553
   1.173
  -1.644
  -0.439
   2.534
  -2.735
   4.558
   2.381
   2.009
  -1.974
   1.797
   3.107
   1.812
  -1.503
  -1.257
  -3.375
   4.482
   1.366
  -1.902
   1.210
   2.719
  -3.822
   1.283
   0.376
   0.174
   1.634
   1.629
   1.550
  -0.405
  -0.439
  -2.525
   2.075
   0.217
  -0.747
   0.122
   2.041
  -4.012
   3.291
   1.422
   0.991
  -2.255
   1.334
  -1.828
   1.407
   0.637
   0.026
   2.469
  -4.310
   0.187
   2.601
  -5.758
   3.356
  -1.388
   2.719
   0.922
  -0.025
   1.175
  -1.354
  -5.248
   1.060
   3.220
  -3.613
   4.676
  -1.023
   1.117
  -1.101
  -2.911
  -4.058
   2.554
   1.620
   5.745
  -4.256
   0.638
   4.473
  -3.535
  -1.387
  -1.164
  -4.337
   2.139
  -1.173
   1.750
  -3.401
   0.598
   6.139
  -0.202
  -0.625
   0.125
   6.361
  -1.819
  -6.948
  -1.891
   0.037
   5.489
  -3.865
   0.779
   0.390
   0.336
   0.317
   5.993
  -0.397
  -1.000
   4.480
  -2.722
   0.161
   0.082
  -2.255
   0.619
   1.943
   0.874
   0.222
  -0.535
  -3.057
   1.669
  -0.685
  -2.658
   0.546
  -4.246
   4.813
   2.350
  -4.341
  -0.302
  -2.503
   0.970
   0.035
   1.991
   1.464
   2.407
  -0.234
   0.335
   5.854
  -6.775
   2.500
   2.154
  -3.132
   3.932
   0.385
   2.707
  -1.371
   0.790
   1.349
  -0.860
  -1.551
   0.093
   1.176
   2.549
  -1.074
  -0.728
  -5.708
   3.831
   4.597
   1.266
   1.498
  -2.719
  -2.293
  -6.061
  -1.785
  -3.042
   0.028
  -1.492
  -0.253
   0.202
  -1.214
  -2.249
   1.864
  -1.768
   2.647
  -0.119
   0.233
   1.575
   1.620
   1.294
   1.333
   1.147
   1.119
  -0.507
  -1.447
   2.319
  -0.382
  -0.554
  -0.619
