  -0.646
   1.249
   1.283
   1.140
   1.243
   2.560
  -0.847
   2.032
  -0.124
   0.876
   2.297
   0.007
  -1.485
  -0.410
   0.396
  -1.771
   0.369
  -1.304
  -1.471
  -1.891
  -0.615
   0.260
  -1.752
  -0.899
   0.270
   1.268
   2.876
  -1.050
  -1.695
   0.130
   1.568
   1.990
  -2.165
  -3.239
   2.726
  -0.168
   1.377
  -1.234
   2.307
  -0.224
   3.157
  -3.172
  -5.614
   0.418
  -4.800
   4.263
   0.055
  -0.387
   1.670
  -4.445
  -0.614
   0.109
   1.900
   4.808
   4.314
   0.041
  -0.112
  -2.998
   4.329
  -2.067
   0.904
   0.086
   2.841
   2.540
   1.509
   4.336
  -2.301
  -0.247
  -0.405
  -5.558
   4.601
   1.113
   0.487
  -1.012
  -0.876
  -1.520
   0.531
   1.711
  -0.508
   2.858
  -2.485
  -0.507
  -0.578
  -1.815
   0.239
  -1.441
   2.124
   1.383
   1.757
  -1.095
   2.025
   1.232
  -1.140
   0.133
  -0.010
  -0.953
   2.573
   2.404
  -0.929
   0.221
  -0.528
  -1.603
   0.636
  -1.773
   2.255
  -1.699
  -1.850
   2.646
   1.816
   1.401
   2.723
  -0.930
  -4.247
   2.091
   1.794
  -4.333
   0.919
  -4.186
   1.438
  -1.111
   0.636
   1.665
  -0.302
  -2.250
   0.288
   1.984
  -1.176
   0.508
  -2.892
  -3.740
  -1.828
   1.379
  -2.856
   1.863
   1.165
   0.425
   2.320
  -1.241
   2.265
   0.402
  -0.662
   1.383
  -1.133
   1.768
  -1.201
  -2.414
   0.194
  -1.353
  -0.957
   2.079
   2.670
  -0.523
   2.141
  -0.917
  -0.175
  -0.548
  -2.264
  -0.728
  -3.803
  -0.593
   2.249
   2.395
   0.318
  -1.810
  -0.055
   3.855
   0.335
  -0.368
   0.300
  -1.215
   1.958
  -3.715
  -0.478
  -3.261
  -6.639
  -0.415
  -1.324
  -2.101
  -3.296
  -0.973
   3.940
  -1.343
  -1.457
  -2.964
  -3.168
  -0.575
  -0.260
   2.413
   0.690
   2.209
   1.296
  -2.214
   1.105
   2.349
   0.783
   1.321
  -5.860
   1.372
  -0.423
  -0.180
  -3.743
  -3.253
   2.183
   0.886
  -3.919
  -4.219
  -3.312
  -0.510
  -0.383
   0.132
  -1.140
   0.262
  -3.903
  -2.677
  -0.726
  -0.061
  -0.688
  -0.555
  -4.237
  -0.072
   2.472
  -2.755
   1.985
  -0.238
  -1.253
  -0.080
   1.045
  -0.868
  -1.591
   3.672
   1.830
  -1.523
   0.545
   2.475
   2.610
  -0.742
   0.028
  -3.629
  -2.425
  -0.695
  -2.504
   0.308
  -1.088
   0.985
   2.619
   0.762
   0.275
  -0.212
   1.051
  -0.280
  -0.475
   0.327
   2.869
  -0.352
   2.637
   3.499
  -0.770
  -2.391
  -4.531
  -2.615
   1.644
   0.765
   1.782
  -0.657
  -0.408
  -0.376
  -0.174
  -0.346
   0.106
   1.026
   2.734
  -1.686
  -0.021
   2.958
   3.175
   0.994
   2.722
  -1.238
  -1.824
  -1.482
   1.026
  -2.597
  -0.127
   1.113
  -3.326
   2.350
   2.224
   0.731
   0.166
   1.424
   0.148
   6.256
  -3.419
   3.574
   1.257
  -1.485
  -1.416
  -0.573
  -3.039
   3.145
  -3.539
   0.389
   0.646
  -2.741
  -1.785
  -1.590
  -0.153
  -2.398
  -0.219
  -5.643
   2.263
   1.115
   4.525
   4.873
   5.007
  -3.719
   1.985
  -3.377
   7.268
  -3.727
   1.868
  -0.689
  -3.943
  -0.857
   0.522
  -2.054
   0.412
   2.095
   4.024
  -0.784
   3.022
   2.073
  -0.045
