#Atom            RMSF
  36.000       2.4267
  55.000       2.4000
  74.000       2.3037
  93.000       1.9097
 112.000       1.6742
 134.000       1.7041
 148.000       1.9038
 172.000       1.6009
 191.000       1.5734
 209.000       1.7549
 223.000       1.6989
 242.000       1.4554
 259.000       1.4813
 270.000       1.3029
 286.000       0.9167
 296.000       1.0748
 318.000       1.3764
 332.000       1.3142
 351.000       0.9993
 365.000       1.2173
 372.000       0.9635
 391.000       1.1986
 407.000       1.3290
 424.000       1.3662
 441.000       1.0709
 463.000       0.9185
 473.000       1.1004
 487.000       1.1069
 503.000       1.0611
 519.000       1.2146
 538.000       1.5708
 557.000       1.8798
 564.000       1.5672
 578.000       2.0276
 597.000       1.7540
 613.000       2.2852
 629.000       2.1257
 648.000       1.2808
 664.000       1.0227
 686.000       0.9401
 708.000       0.7482
 724.000       0.7027
 741.000       0.7566
 760.000       0.6825
 781.000       0.6999
 792.000       0.7957
 811.000       0.8934
 821.000       0.9489
 840.000       0.9021
 859.000       1.1398
 881.000       1.6162
 895.000       1.5414
 915.000       1.3523
 929.000       1.3125
 948.000       1.1954
 967.000       1.7866
 983.000       2.5110
1005.000       2.6786
1019.000       2.1322
1033.000       2.1548
1049.000       1.7619
1069.000       1.5255
1099.000       2.5348
1105.000       2.0503
1122.000       2.3866
1129.000       2.3950
1148.000       2.0725
1170.000       2.6409
1180.000       2.2403
1196.000       1.8112
1213.000       1.7602
1232.000       1.9239
1251.000       1.7685
1270.000       1.5661
1289.000       1.6189
1305.000       1.5564
1324.000       1.5646
1338.000       1.2737
1349.000       1.1542
1365.000       1.2375
1387.000       1.1732
1404.000       1.0449
1423.000       1.3676
1439.000       1.4988
1450.000       1.2999
1466.000       1.4737
1476.000       2.6342
1487.000       1.9082
1501.000       1.4361
1520.000       1.8339
1531.000       1.3267
1550.000       1.6241
1569.000       1.3754
1591.000       1.2649
1597.000       1.0709
1615.000       0.8805
1634.000       0.8775
1656.000       0.8253
1666.000       0.7060
1677.000       0.7148
1699.000       0.7630
1718.000       0.7521
1734.000       0.7856
1751.000       0.8818
1761.000       0.9975
1777.000       1.0089
1788.000       1.0967
1810.000       1.1239
1831.000       1.1085
1853.000       0.9338
1867.000       1.1651
1884.000       1.1073
1906.000       1.4215
