#Atom            RMSF
  36.000       1.7388
  55.000       1.8923
  74.000       1.6486
  93.000       1.3467
 112.000       1.4111
 134.000       1.6621
 148.000       1.7375
 172.000       1.2998
 191.000       1.1547
 209.000       1.1550
 223.000       1.2122
 242.000       1.1067
 259.000       1.2444
 270.000       1.3764
 286.000       1.0706
 296.000       1.1125
 318.000       1.4935
 332.000       1.3188
 351.000       0.9411
 365.000       1.2035
 372.000       0.9806
 391.000       1.1611
 407.000       1.2546
 424.000       1.2266
 441.000       0.9406
 463.000       0.8621
 473.000       0.9885
 487.000       0.9487
 503.000       0.9046
 519.000       0.9729
 538.000       1.0640
 557.000       1.2760
 564.000       1.1986
 578.000       1.6875
 597.000       1.4431
 613.000       1.8120
 629.000       1.5899
 648.000       1.0650
 664.000       0.8525
 686.000       0.8029
 708.000       0.6611
 724.000       0.6056
 741.000       0.6579
 760.000       0.6571
 781.000       0.6905
 791.000       0.8068
 810.000       0.9061
 820.000       1.0422
 839.000       1.2239
 858.000       1.4095
 880.000       1.4460
 894.000       1.2535
 914.000       1.1878
 928.000       1.0992
 947.000       0.9327
 966.000       1.3184
 982.000       1.8345
1004.000       1.7936
1018.000       1.6535
1032.000       1.5329
1048.000       1.1754
1068.000       0.9012
1098.000       1.2744
1104.000       1.5823
1121.000       1.6539
1128.000       1.4280
1147.000       1.8722
1169.000       2.0864
1179.000       1.5973
1195.000       1.4927
1212.000       1.4428
1231.000       1.5104
1250.000       1.4088
1269.000       1.3380
1288.000       1.3667
1304.000       1.3234
1323.000       1.3390
1337.000       1.0456
1348.000       0.8744
1364.000       1.0102
1386.000       0.9972
1403.000       0.8751
1422.000       1.0153
1438.000       1.1525
1449.000       0.9291
1465.000       0.8688
1475.000       1.3144
1486.000       1.7436
1500.000       1.5001
1519.000       1.9027
1530.000       1.5029
1549.000       1.9096
1568.000       1.6655
1590.000       1.5499
1596.000       1.2848
1614.000       1.0159
1633.000       0.9931
1655.000       0.9757
1665.000       0.7478
1676.000       0.7095
1698.000       0.7413
1717.000       0.7796
1733.000       0.7646
1750.000       0.7615
1760.000       0.8363
1776.000       0.8771
1787.000       0.9532
1809.000       0.9128
1830.000       0.9693
1852.000       1.0697
1866.000       1.0852
1883.000       1.0238
1905.000       1.2805
