  -0.506
  -3.091
  -0.236
   1.682
  -2.112
  -2.597
  -0.450
   2.108
   1.912
   0.862
  -0.295
  -0.564
   0.323
   1.212
  -1.208
  -0.522
  -1.112
  -1.050
  -1.336
   3.801
  -0.015
   0.612
   1.604
   2.706
  -0.363
  -0.703
   0.063
   0.824
  -3.900
  -2.802
  -3.807
   3.091
  -0.521
   1.620
  -1.129
   3.945
   1.839
  -1.960
  -3.025
  -0.675
  -3.018
   1.371
   3.505
  -3.151
  -5.010
   4.906
   2.264
   1.181
  -2.012
  -0.056
  -0.634
  -1.723
  -3.235
   3.929
  -2.563
   1.541
   3.462
   5.943
   1.828
   1.386
   0.328
  -2.696
   0.431
   2.985
   0.063
  -1.746
  -2.411
  -3.354
   0.509
   0.202
  -4.230
   0.129
  -3.135
   3.377
   1.319
  -2.567
  -1.920
  -2.017
   0.162
  -1.565
   1.052
   4.153
  -4.294
  -1.216
  -0.347
   1.183
   2.437
  -0.884
   3.269
   0.753
  -2.685
  -2.921
   0.942
   3.591
  -1.303
   2.542
  -0.332
   1.486
   1.830
  -0.923
   0.992
  -1.530
  -1.378
   2.460
   3.067
  -0.409
  -0.014
   2.286
  -0.124
  -0.958
   0.142
  -0.682
  -0.737
   1.202
   1.065
   0.753
  -1.348
  -0.976
   3.174
   1.503
   3.253
   1.149
  -5.631
  -0.325
   0.231
  -0.581
  -2.629
  -1.426
   2.754
   3.551
   0.696
  -0.850
  -0.984
  -0.155
   1.667
  -0.923
   3.823
   1.834
  -0.439
  -1.406
  -4.375
   8.325
   1.143
  -2.668
   2.094
   3.238
  -2.387
  -1.089
  -3.839
  -2.755
   1.718
  -0.213
  -3.258
   1.011
  -2.033
   2.560
  -1.985
  -3.170
  -0.265
  -0.208
  -1.514
   0.775
   1.133
  -2.242
  -0.440
  -2.067
   1.942
  -4.326
   3.057
  -0.489
   0.587
  -6.351
  -3.543
   0.333
   0.701
  -0.331
   0.125
  -2.780
  -2.712
   1.324
   0.263
  -1.598
  -1.739
  -2.094
   3.596
   3.840
  -1.715
   4.711
   1.610
  -0.368
   0.871
   4.370
  -0.935
   0.516
   1.983
  -2.264
  -0.761
   2.479
  -3.737
   0.860
  -0.367
  -6.372
   2.172
   0.452
   0.354
   1.010
   2.770
   2.223
  -0.815
  -0.010
  -2.643
   2.203
   1.032
  -0.106
   1.083
   0.938
   2.721
   1.083
   0.921
   0.686
   0.744
  -1.388
  -0.635
   2.040
  -0.999
  -0.688
  -0.403
  -0.241
  -0.948
  -0.016
  -1.341
  -0.417
   0.206
   1.290
   0.379
  -0.006
  -1.034
   1.305
  -0.672
  -5.074
   3.084
   2.963
  -1.881
  -4.502
   4.176
   0.794
  -0.250
   4.369
  -0.386
  -0.745
  -0.041
  -1.001
  -1.153
  -1.300
  -2.136
   5.055
  -1.388
   0.716
   2.085
  -0.364
  -4.364
  -1.648
   1.185
  -1.752
   1.467
  -0.110
  -0.826
   0.314
   5.142
   1.038
   3.173
   1.103
  -0.633
   2.113
  -1.560
   1.134
   0.966
  -2.358
  -1.225
  -0.290
  -3.593
  -1.235
   0.760
   3.446
  -2.139
   1.125
   0.060
   0.191
   0.066
   0.736
   0.851
  -1.353
  -3.363
  -0.327
  -1.247
   0.003
  -2.062
   4.319
   2.392
   1.679
  -0.709
   0.150
   2.753
   0.764
   0.574
   0.049
   2.591
  -0.680
   3.064
  -1.318
  -1.263
   0.259
   3.735
   7.760
   2.026
   1.320
   0.978
  -1.616
  -0.592
  -1.478
   1.311
  -1.121
  -1.963
  -0.243
   3.024
   2.996
  -0.623
   1.248
  -1.609
   1.748
   1.086
  -2.119
   2.000
