   0.993
  -1.066
  -1.943
  -0.730
  -1.232
  -0.304
   3.844
  -4.586
   0.442
  -4.914
  -0.634
  -6.251
  -0.514
   0.931
  -0.203
   0.333
  -0.360
   0.031
  -0.485
  -0.118
  -0.439
  -0.906
  -0.828
  -0.154
  -0.124
   0.082
   0.463
   1.299
   1.779
   1.611
   0.343
   0.489
   0.498
   2.433
  -0.768
   1.742
   1.251
  -1.138
   1.851
  -0.465
  -1.246
  -0.324
   1.163
  -0.479
  -0.275
  -2.190
   0.349
  -1.606
   1.235
   0.062
  -0.116
  -0.474
  -0.558
  -0.635
   0.197
   0.279
  -0.491
   1.109
  -0.965
  -0.632
  -0.278
   0.656
  -0.780
   0.508
   0.585
  -0.450
  -0.926
  -1.898
   0.602
   1.643
  -0.383
   1.018
   0.690
  -1.591
  -1.391
   0.906
   0.676
   0.790
   0.026
   0.679
   0.221
   1.393
  -0.052
   2.165
  -0.524
  -0.205
  -0.046
  -0.475
   1.134
  -0.297
  -0.995
  -1.442
  -1.139
  -0.237
  -0.289
   0.984
   0.829
   0.544
   0.171
  -0.778
   0.506
  -1.444
   1.396
   0.823
   0.359
  -0.674
   1.319
  -0.553
  -0.851
  -1.651
  -0.625
   0.611
  -0.852
   0.088
   0.718
   0.154
   0.013
   0.507
   0.220
   2.116
   0.361
   0.222
   0.707
   0.145
   0.424
   1.497
  -0.397
   0.334
  -0.068
   0.238
   0.029
   0.612
   0.406
  -0.761
   0.761
  -0.829
   0.284
   0.371
   0.664
   0.341
   0.500
   0.135
   0.244
  -0.104
  -1.120
  -0.519
  -0.635
   1.060
   0.136
   0.020
  -0.534
  -0.506
   0.820
  -0.499
  -0.960
  -1.343
   1.158
   0.571
  -1.385
  -0.252
   1.891
  -0.547
  -1.720
   1.194
  -0.554
   0.123
   0.543
  -0.192
  -1.297
   0.233
   0.773
   0.021
  -0.223
  -0.540
  -0.614
   1.128
  -1.181
   0.366
   0.233
   0.584
   0.178
  -0.714
  -0.323
  -2.407
  -2.290
   0.426
  -2.131
  -0.553
  -0.434
   0.320
   0.766
   1.752
   0.354
  -1.658
   0.184
  -0.436
   1.936
   0.865
  -1.035
  -4.024
   1.991
   2.283
   1.501
  -2.396
   1.763
  -0.485
  -2.142
   0.792
   0.008
   1.141
   2.248
   0.271
   1.017
   0.255
  -0.148
   0.042
   0.158
  -1.191
   0.759
  -0.403
   0.233
   1.829
  -0.149
   0.277
   1.357
   1.975
   0.486
   0.092
   0.209
  -0.402
   1.106
   0.998
  -0.318
   0.330
   0.266
  -0.323
  -0.100
  -2.378
  -0.943
  -0.334
  -0.502
   0.626
  -0.505
  -0.294
  -0.582
   0.331
   0.675
   0.680
  -0.394
  -1.980
   0.281
   0.037
  -0.044
  -0.210
  -0.401
  -0.055
  -0.213
   0.016
  -0.932
   0.469
  -0.909
   0.495
  -0.222
   0.860
  -1.821
  -0.686
   1.126
  -1.890
  -0.159
  -0.420
   0.172
   0.898
   1.395
   0.665
   0.296
   0.107
   0.342
  -0.674
  -0.835
  -0.007
   0.394
   0.800
  -0.423
  -0.039
   0.316
   0.328
  -0.479
  -0.464
   0.330
  -0.290
  -0.376
   0.002
   1.205
   1.063
  -0.765
  -0.157
   1.373
  -1.277
  -0.512
  -0.802
   0.472
   1.059
   0.018
  -1.297
  -0.828
  -0.883
   1.699
   1.447
  -1.300
  -0.922
  -1.129
  -2.750
   1.431
   0.736
  -0.157
  -0.267
   1.039
  -0.126
   2.054
  -1.138
  -0.960
   0.620
   1.150
  -0.991
   2.681
  -2.242
  -2.193
   1.336
  -1.364
   0.936
  -0.638
   0.068
  -1.444
