#Atom            RMSF
  36.000       2.0594
  55.000       2.1163
  74.000       2.3239
  93.000       1.8448
 112.000       1.5138
 134.000       1.6085
 148.000       1.6226
 172.000       1.7282
 191.000       1.7155
 209.000       1.7286
 223.000       1.8173
 242.000       1.8179
 259.000       1.8177
 270.000       1.1680
 286.000       0.7053
 296.000       1.1335
 318.000       1.3586
 332.000       1.2458
 351.000       0.9000
 365.000       1.0736
 372.000       0.8226
 391.000       0.9970
 407.000       1.2313
 424.000       1.3910
 441.000       1.0340
 463.000       0.8696
 473.000       1.1606
 487.000       1.2475
 503.000       1.2767
 519.000       1.3760
 538.000       1.3389
 557.000       2.3065
 564.000       1.4686
 578.000       1.1523
 597.000       1.2291
 613.000       1.1956
 629.000       1.2557
 648.000       0.8481
 664.000       0.7526
 686.000       0.6763
 708.000       0.5159
 724.000       0.5355
 741.000       0.6417
 760.000       0.5036
 781.000       0.5532
 792.000       0.6600
 811.000       0.6834
 821.000       0.6987
 840.000       0.7136
 859.000       0.8166
 881.000       1.0393
 895.000       1.0352
 915.000       0.9826
 929.000       0.8889
 948.000       0.8760
 967.000       1.3188
 983.000       1.9972
1005.000       2.0797
1019.000       1.7109
1033.000       1.4419
1049.000       1.0844
1069.000       0.8499
1099.000       1.3606
1105.000       1.5139
1122.000       1.4804
1129.000       1.3005
1148.000       1.3366
1170.000       1.6605
1180.000       1.4668
1196.000       1.1750
1213.000       1.1887
1232.000       1.4032
1251.000       1.3158
1270.000       1.0569
1289.000       1.1453
1305.000       1.1943
1324.000       1.2514
1338.000       0.9783
1349.000       0.7882
1365.000       0.9540
1387.000       0.9658
1404.000       0.8032
1423.000       0.9263
1439.000       1.1069
1450.000       0.9178
1466.000       0.8120
1476.000       1.0602
1487.000       1.3251
1501.000       1.0483
1520.000       1.6410
1531.000       1.1203
1550.000       1.4450
1569.000       1.0729
1591.000       1.0048
1597.000       0.8581
1615.000       0.6453
1634.000       0.6494
1656.000       0.6512
1666.000       0.5447
1677.000       0.5517
1699.000       0.5903
1718.000       0.6638
1734.000       0.7285
1751.000       0.7461
1761.000       0.8213
1777.000       0.9497
1788.000       1.0668
1810.000       0.9890
1831.000       1.0415
1853.000       0.9773
1867.000       1.2710
1884.000       1.0813
1906.000       1.5719
