   0.089
  -0.132
  -0.383
  -0.085
  -0.649
   0.102
  -0.238
  -0.333
   1.253
   0.361
   0.102
   0.113
  -0.256
  -0.281
  -0.599
  -0.690
  -0.279
  -0.211
   0.180
   0.697
   0.448
   0.649
  -0.173
  -0.567
  -1.233
   0.643
  -0.397
  -0.278
   0.219
   0.463
  -0.469
  -0.407
   0.093
   0.347
   0.165
  -0.708
  -0.565
   0.507
   0.097
  -0.901
  -1.159
   0.180
   0.533
  -2.241
   1.048
   0.390
   1.270
  -0.836
   0.336
  -1.454
  -1.938
  -0.969
   0.336
  -0.742
   0.615
   3.156
   0.615
  -0.218
  -2.066
   1.126
  -0.774
   0.340
  -0.104
  -0.136
   0.526
  -1.048
  -1.657
   2.247
   0.979
   0.131
  -2.483
   0.923
   0.155
  -0.221
   0.498
   0.444
   0.598
   0.163
   1.247
   0.123
   2.229
   0.654
   0.143
  -1.140
  -0.190
   0.962
   1.382
   0.702
  -0.088
   0.296
   0.608
  -0.355
   0.141
   0.653
   0.588
   1.055
  -0.828
  -0.539
  -0.866
   0.019
  -0.985
  -0.877
  -0.061
  -0.219
   1.457
   0.810
  -0.478
   0.973
   0.211
   0.499
  -0.452
   0.727
   0.651
   0.757
  -0.817
   1.245
  -0.373
  -0.411
  -1.117
  -0.427
  -0.655
   0.094
  -0.322
   1.751
  -0.013
  -0.792
   0.346
  -0.640
  -0.604
  -0.673
  -0.689
  -0.376
   1.063
  -1.189
  -0.369
  -0.560
  -0.940
  -1.604
   0.826
  -1.310
  -0.552
  -0.132
   0.232
  -0.563
  -0.240
   0.281
  -1.319
  -1.020
   1.612
  -0.734
  -0.662
  -1.314
   0.237
   0.276
   0.731
  -0.773
  -1.028
   0.586
   0.155
   0.500
   0.972
  -1.091
  -0.141
  -0.753
   0.080
  -0.017
   1.751
  -0.115
  -0.493
  -0.907
  -0.852
  -0.741
   0.046
   1.349
   0.758
   1.771
  -0.625
  -0.180
  -0.869
  -0.567
   0.219
  -0.009
   1.608
   0.259
  -1.094
   0.383
  -0.890
  -0.014
   1.211
  -1.095
  -0.115
   0.103
   2.405
   2.149
   1.833
   1.009
  -1.545
  -0.530
  -0.735
   0.662
  -2.515
   1.656
  -0.902
  -0.939
  -0.397
   1.132
  -3.069
  -4.625
  -4.397
  -1.337
   2.120
   0.158
  -4.791
   2.769
  -0.251
   3.316
  -0.107
   1.864
   3.529
   0.260
  -1.175
   1.439
   0.090
  -0.842
  -1.117
   1.133
  -0.215
  -0.327
   0.769
   2.255
   0.063
  -1.173
  -0.541
   1.116
   0.879
  -0.301
   1.274
  -0.402
   0.593
   0.039
  -0.702
  -0.923
  -0.730
   0.473
  -0.080
   0.756
  -0.500
   1.057
   0.502
   0.188
  -0.631
  -0.373
   0.330
   0.948
   0.566
   0.115
  -0.676
  -0.249
   0.033
   0.054
   0.753
   0.331
   0.012
   2.916
   1.000
   0.727
  -0.841
  -0.267
  -0.410
   0.765
   0.198
   1.347
   0.760
   1.805
   2.367
  -0.372
   1.426
   0.906
  -0.716
   3.123
  -1.163
  -2.182
   1.357
  -0.586
  -0.465
  -1.334
   0.514
   0.409
  -1.214
  -1.174
  -1.453
   1.898
  -1.002
   1.050
  -1.441
   0.826
   2.622
   0.174
   1.254
  -1.294
   0.403
  -0.615
  -0.060
   0.015
   0.090
  -1.534
   1.129
  -2.189
   1.176
   0.140
  -0.614
   0.176
  -0.549
  -1.343
   0.208
  -0.804
  -0.164
  -0.206
  -0.230
   0.314
   0.266
  -0.230
   0.621
  -0.194
   0.709
   0.100
   0.277
  -0.522
   0.082
   0.280
  -0.075
  -0.035
  -1.738
