   0.627
   0.132
   2.477
  -1.824
  -1.043
   0.025
   2.463
  -2.434
  -0.633
   0.628
  -2.154
   2.208
  -1.058
   0.905
   0.655
   0.733
  -1.265
   1.016
   1.536
   2.613
   0.332
   5.421
   3.671
   3.084
   2.567
   0.108
   0.199
   1.760
  -3.138
  -0.462
  -1.516
   1.809
  -2.301
   3.870
   0.576
   1.742
   4.313
   3.262
   3.192
   4.240
  -2.350
   0.088
   2.096
  -3.537
  -0.362
  -2.060
   4.820
   3.196
  -0.112
  -6.491
  -4.662
   0.852
  -2.821
   5.512
   4.548
  -0.445
   0.435
  -2.583
   1.241
   0.022
   4.528
   1.000
  -0.787
   3.749
  -1.503
   0.098
  -2.446
  -4.423
  -0.006
   2.195
  -0.842
  -1.536
  -2.386
   0.803
   3.114
  -4.215
  -1.757
   0.629
   0.174
  -1.407
   3.277
  -1.829
   0.549
  -1.125
  -1.188
  -4.655
   0.909
  -0.632
  -2.854
   3.518
   0.623
  -0.502
  -2.530
   2.249
   0.475
  -0.441
  -0.323
  -2.087
  -1.813
   0.997
   1.526
  -3.172
  -1.612
   1.954
  -0.701
   1.145
   1.237
   1.757
  -1.995
  -1.703
  -3.170
  -0.219
  -1.601
   1.294
   0.779
  -1.929
  -3.297
  -0.677
   1.238
  -4.086
   0.231
  -0.204
  -0.796
   2.503
  -0.774
  -2.237
   1.146
   1.774
   7.401
   0.057
   4.277
   1.461
  -0.133
   2.933
  -3.008
  -1.244
   1.060
  -1.181
  -3.360
  -2.622
  -0.828
   4.376
   0.709
  -2.041
   0.231
   0.321
   1.885
   0.257
  -0.910
   1.154
   0.375
   0.151
  -1.967
   0.418
   2.177
   1.919
  -4.750
  -1.023
  -1.951
   4.904
   2.392
   2.131
   0.062
   0.811
  -1.351
   5.252
  -3.045
  -3.627
  -1.958
   1.537
   1.947
  -0.294
   0.154
  -3.458
  -0.125
  -4.716
   1.324
  -1.685
  -3.241
   0.153
  -2.850
   9.771
  -2.387
   1.840
  -1.437
  -4.334
   2.118
   1.694
  -2.298
   0.363
  -0.747
   1.050
  -1.460
   0.503
  -0.638
  -1.992
  -1.052
  -1.163
   1.689
  -4.610
   4.423
  -4.221
   3.554
  -1.420
  -0.960
   0.738
   0.105
   1.182
  -0.986
  -0.733
   5.218
   2.335
  -3.931
   0.165
   0.496
  -0.547
  -3.618
  -0.290
   4.514
   4.477
   1.401
  -3.015
   1.124
   1.905
  -2.733
   2.865
   1.201
  -0.625
  -3.347
   3.683
   6.142
   2.747
  -1.142
   2.477
  -4.708
  -2.343
  -0.717
  -1.725
  10.866
   7.094
  -6.011
   3.476
   6.204
   0.419
   2.126
   2.593
  -0.498
  -0.196
   1.662
  -0.873
   1.569
  -0.777
  -1.219
  -0.859
  -0.052
  -3.012
  -3.353
   1.637
   0.265
   4.208
   1.131
   2.386
  -5.931
  -2.529
  -0.777
  -5.781
   4.508
   1.670
  -3.081
  -0.504
   0.410
   0.986
   2.479
   1.363
  -2.427
  -4.164
  -3.581
  -4.706
   0.319
   3.184
  -0.257
   2.097
  -5.408
  -0.041
   1.196
  -0.933
   1.794
   1.116
  -1.326
   1.969
   1.028
   3.390
   0.998
  -0.469
  -3.858
  -5.562
   2.179
   4.043
   1.018
  -4.070
  -2.292
   0.912
   1.155
  -2.024
   1.715
   2.182
   0.578
   2.161
   2.454
  -0.897
   0.290
   0.945
  -2.059
  -4.175
   4.464
  -1.559
  -5.402
  -3.838
  -2.224
   2.422
  -0.441
   4.875
   3.859
   1.318
  -0.011
  -2.312
  -1.030
  -0.403
   0.753
   2.014
   1.348
  -1.948
  -1.495
