#Atom            RMSF
  36.000       2.8930
  55.000       2.5519
  74.000       1.2856
  93.000       0.9353
 112.000       1.1488
 134.000       1.2718
 148.000       1.1834
 172.000       0.7213
 191.000       0.8125
 209.000       0.9285
 223.000       0.7849
 242.000       0.7055
 259.000       0.7652
 270.000       0.7616
 286.000       0.6430
 296.000       0.6180
 318.000       0.7881
 332.000       0.8253
 351.000       0.7452
 365.000       0.8452
 372.000       0.7099
 391.000       0.8513
 407.000       0.8877
 424.000       0.8838
 441.000       0.7301
 463.000       0.6310
 473.000       0.7034
 487.000       0.7132
 503.000       0.5990
 519.000       0.5446
 538.000       0.6455
 557.000       0.7786
 564.000       0.7786
 578.000       0.9523
 597.000       1.0186
 613.000       0.6720
 629.000       0.7112
 648.000       0.6713
 664.000       0.7378
 686.000       0.6392
 708.000       0.4701
 724.000       0.4863
 741.000       0.5966
 760.000       0.5127
 781.000       0.5116
 791.000       0.5918
 810.000       0.6247
 820.000       0.6572
 839.000       0.6056
 858.000       0.6885
 880.000       0.8342
 894.000       0.8816
 914.000       0.9585
 928.000       0.8243
 947.000       0.9152
 966.000       2.0902
 982.000       3.0665
1004.000       2.0378
1018.000       1.9311
1032.000       1.4301
1048.000       1.1973
1068.000       1.4214
1098.000       1.4618
1104.000       1.4785
1121.000       1.3234
1128.000       1.0228
1147.000       0.9431
1169.000       1.1071
1179.000       1.0647
1195.000       0.8175
1212.000       0.8570
1231.000       1.1088
1250.000       0.9054
1269.000       0.7457
1288.000       0.9133
1304.000       1.0037
1323.000       1.1460
1337.000       0.8701
1348.000       0.7087
1364.000       0.9977
1386.000       0.9628
1403.000       0.7635
1422.000       0.9963
1438.000       1.1508
1449.000       0.9144
1465.000       0.8924
1475.000       1.9273
1486.000       2.0676
1500.000       1.5248
1519.000       1.8995
1530.000       1.4093
1549.000       1.5129
1568.000       1.1766
1590.000       1.0353
1596.000       0.8376
1614.000       0.6522
1633.000       0.6211
1655.000       0.5926
1665.000       0.4831
1676.000       0.4994
1698.000       0.5250
1717.000       0.5268
1733.000       0.5303
1750.000       0.6063
1760.000       0.5924
1776.000       0.6146
1787.000       0.7065
1809.000       0.6529
1830.000       0.6338
1852.000       0.5653
1866.000       0.5960
1883.000       0.6440
1905.000       0.8166
