  -1.898
  -3.827
  10.289
   0.496
  -1.761
  -3.176
   2.637
   0.122
  -0.513
   1.568
  -5.407
   1.190
   2.308
  -1.170
  -0.085
   2.511
   0.308
   1.734
   1.434
  -0.641
   1.003
  -1.526
   5.605
  -1.282
   3.399
  -1.453
  -3.641
  -2.250
   0.684
   1.083
   0.744
   2.021
   0.612
   3.389
  -5.669
  -4.892
  -3.626
  -2.304
  -0.592
   5.028
  -2.789
  -2.634
  -4.719
  -0.882
   0.443
   2.699
  -1.366
   2.732
  -0.391
  -1.071
  -4.191
  -2.687
   4.249
  -1.727
   1.506
   2.176
   3.601
   3.950
   4.863
  -1.932
  -0.214
   2.546
  -0.287
  -7.113
  -4.468
  -2.142
  -0.470
   6.382
   2.739
   1.380
   9.611
  -2.932
  -6.211
  -1.803
  -0.127
   0.556
  -3.615
   0.771
  -0.095
   2.741
   3.930
  -1.244
  -3.841
  -5.427
  -0.389
  -2.482
   0.256
   3.190
   2.710
   0.057
  -1.567
  -2.997
   3.149
   0.835
   5.755
   0.921
   1.723
   1.878
   2.523
  -1.635
  -2.044
   4.896
   2.127
  -0.447
  -1.639
   1.673
   3.274
   0.238
  -0.173
  -0.771
  -3.591
   1.290
   0.104
   1.592
  -0.206
   3.704
  -2.661
  -3.504
   0.058
  -1.693
  -1.409
   0.453
   2.792
   3.733
   0.805
  -5.370
  -1.815
   0.500
   3.394
   3.158
   0.369
   0.226
  -1.080
  -0.963
   2.788
   4.569
   0.053
  -3.344
  -0.684
  -4.098
  -3.251
  -3.983
  -0.890
   0.073
   3.413
  -5.482
   2.986
  -0.339
  -0.813
  -0.549
  -2.401
   1.076
   1.568
  -2.423
   2.551
  -1.699
  -3.584
   3.596
  -0.389
   0.150
   0.718
  -4.214
  -1.214
  -2.403
   0.109
  -2.526
   8.126
   3.657
  -5.798
   4.849
  -0.441
   3.301
  -3.082
   1.242
   7.313
   1.197
  -0.182
   0.737
  -0.487
   2.878
   3.518
   1.079
   0.266
  -1.151
  -5.560
  -0.419
   5.135
  -2.668
   2.704
  -2.080
  -2.479
   7.712
   6.186
   7.604
  -7.823
   4.979
   0.357
  -0.848
   3.634
   1.009
   5.023
   4.978
  11.585
   1.465
  -0.335
   2.051
   7.040
   3.044
   0.109
  -0.588
   4.192
   0.575
  -0.320
   2.203
   1.541
   9.687
   1.713
   2.074
  -4.393
   1.786
  -4.622
  -0.895
   2.852
  -2.405
  -1.344
   0.755
   2.125
   2.465
  -0.567
  -2.652
  -7.471
  -7.929
   0.623
  -2.015
   3.865
  -0.601
   2.479
  -0.620
  -0.995
   1.201
   7.931
  -1.983
  -1.295
  -5.534
   2.490
  -1.870
  -0.993
  -0.743
   1.095
   3.057
   2.406
  -4.452
   6.852
  -0.230
  -1.225
   3.000
   2.643
  -0.969
   6.693
   4.981
  -1.211
   0.219
  -3.954
   1.868
  -1.386
  -2.903
  -2.835
  -0.893
 -15.011
   6.026
  -4.162
   1.039
  -0.609
   0.989
  -6.118
   2.743
  -0.747
   4.564
  -4.422
   1.923
  -2.137
  -1.076
  -1.018
   0.732
  -0.684
   0.572
   0.552
  -1.287
   2.397
   0.188
   2.171
   1.026
   1.409
   0.632
   0.136
   2.056
  -0.073
   0.737
  -1.369
  -1.448
   0.640
   3.316
   0.732
  -0.100
  -1.853
  -0.690
   0.882
  -0.601
  -0.147
   0.378
  -0.176
  -0.172
  -0.455
   1.194
  -0.842
   0.067
   0.327
   0.061
  -0.326
   0.219
   1.578
   0.881
   0.144
   1.709
   0.560
  -1.404
   0.348
   0.173
  -0.802
   1.722
  -0.025
   1.966
   0.247
