       0.000           0.0000
       1.000         277.7703
       2.000         576.5918
       3.000         869.3109
       4.000        1181.6575
       5.000        1508.1636
       6.000        1817.5131
       7.000        2122.2925
       8.000        2415.7236
       9.000        2724.9978
      10.000        3028.9136
      11.000        3303.3706
      12.000        3600.2263
      13.000        3901.8376
      14.000        4208.1802
      15.000        4470.0776
      16.000        4872.0518
      17.000        5153.1177
      18.000        5402.1143
      19.000        5748.4727
      20.000        6030.0288
      21.000        6201.1992
      22.000        6210.6025
      23.000        6477.0757
      24.000        6661.9175
      25.000        6763.7847
      26.000        6993.1128
      27.000        7153.8120
      28.000        7271.6992
      29.000        7436.0063
      30.000        7536.3359
      31.000        7668.5352
      32.000        7809.7119
      33.000        8124.8193
      34.000        8323.0029
      35.000        8159.7412
      36.000        8334.5410
      37.000        8642.8926
      38.000        8670.8086
      39.000        8975.1162
      40.000        9198.3477
      41.000        9206.2295
      42.000        9090.7588
      43.000        9118.3271
      44.000        9126.8330
      45.000        9042.7393
      46.000        9118.2031
      47.000        9169.3066
      48.000        8967.6123
      49.000        9083.7217
      50.000        9204.4150
      51.000        9003.9229
      52.000        9192.0918
      53.000        9157.0078
      54.000        8976.7930
      55.000        9133.7871
      56.000        8996.8066
      57.000        9056.3770
      58.000        9085.3857
      59.000        9104.0469
      60.000        9075.6621
      61.000        9016.9375
      62.000        9012.5957
      63.000        9177.6934
      64.000        9087.0947
      65.000        9083.0771
      66.000        9182.1250
      67.000        9087.3555
      68.000        9125.1416
      69.000        9057.2441
      70.000        9079.4355
      71.000        9107.7285
      72.000        9092.8096
      73.000        8971.9648
      74.000        9115.6426
      75.000        9017.3955
      76.000        9022.8848
      77.000        9119.8262
      78.000        9186.2100
      79.000        9116.7705
      80.000        9087.7812
      81.000        9126.0615
      82.000        9121.9717
      83.000        9011.4443
      84.000        9183.8789
      85.000        9162.5586
      86.000        9219.0928
      87.000        9053.3613
      88.000        9096.1025
      89.000        9151.8662
      90.000        9128.0498
      91.000        9154.7295
      92.000        8966.3184
      93.000        9062.9561
      94.000        9039.6865
      95.000        9127.1055
      96.000        9095.4717
      97.000        9095.3662
      98.000        9055.0664
      99.000        9051.9062
     100.000        9160.0781
     101.000        9195.2734
     102.000        9228.5752
     103.000        9114.2168
     104.000        9180.5068
     105.000        9074.2422
     106.000        9059.7471
     107.000        9150.0137
     108.000        9250.1367
     109.000        9120.7871
     110.000        9062.6953
     111.000        9097.9883
     112.000        8987.4639
     113.000        9130.9092
     114.000        9040.7041
     115.000        9035.5762
     116.000        9132.2461
     117.000        9067.6182
     118.000        8966.6982
     119.000        9124.7490
     120.000        9080.8926
     121.000        9212.0156
     122.000        9106.5146
     123.000        8952.8994
     124.000        9001.9639
     125.000        9235.5479
     126.000        9043.3213
     127.000        9246.3457
     128.000        9119.1426
     129.000        9071.6338
     130.000        9199.6143
     131.000        9117.1416
     132.000        9082.7979
     133.000        9120.4385
     134.000        9160.8369
     135.000        9125.9102
     136.000        9191.8916
     137.000        9095.6865
     138.000        9108.4014
     139.000        9063.4609
     140.000        9111.1523
