       0.000      -54515.2789
       1.000      -53661.9613
       2.000      -53449.7487
       3.000      -53225.4110
       4.000      -53040.9518
       5.000      -52806.1892
       6.000      -52545.3695
       7.000      -52269.6034
       8.000      -52071.7662
       9.000      -51809.0158
      10.000      -51581.4960
      11.000      -51332.4196
      12.000      -51057.7542
      13.000      -50763.8654
      14.000      -50570.3818
      15.000      -50189.5055
      16.000      -49825.3838
      17.000      -49546.1031
      18.000      -49069.8733
      19.000      -48778.7986
      20.000      -48426.9110
      21.000      -48122.4259
      22.000      -47885.2314
      23.000      -47799.2994
      24.000      -47567.8412
      25.000      -47305.8203
      26.000      -47084.0737
      27.000      -46648.5263
      28.000      -46591.3816
      29.000      -46095.2509
      30.000      -45998.2329
      31.000      -45472.5274
      32.000      -45113.5579
      33.000      -44817.7889
      34.000      -44581.2755
      35.000      -44241.8374
      36.000      -43941.6832
      37.000      -43395.5772
      38.000      -43141.9658
      39.000      -43194.5311
      40.000      -42752.6034
      41.000      -42582.2379
      42.000      -42522.6290
      43.000      -42595.8196
      44.000      -42685.4632
      45.000      -42842.4105
      46.000      -42429.0498
      47.000      -42604.9755
      48.000      -42435.6799
      49.000      -42415.4782
      50.000      -42463.7970
      51.000      -42476.8196
      52.000      -42541.1352
      53.000      -42540.2214
      54.000      -42532.3342
      55.000      -42768.4073
      56.000      -42469.5763
      57.000      -42656.5060
      58.000      -42674.3148
      59.000      -42682.2711
      60.000      -42527.7424
      61.000      -42619.1737
      62.000      -42662.1750
      63.000      -42705.6209
      64.000      -42943.0593
      65.000      -42685.1373
      66.000      -42478.0171
      67.000      -42786.1197
      68.000      -42773.3725
      69.000      -42882.9213
      70.000      -42868.6828
      71.000      -42626.4723
      72.000      -42669.4396
      73.000      -42637.3684
      74.000      -42685.9571
      75.000      -42733.2305
      76.000      -42831.6482
      77.000      -42851.0038
      78.000      -42903.3931
      79.000      -42686.4185
      80.000      -42706.3527
      81.000      -42785.7192
      82.000      -42950.0242
      83.000      -43074.9300
      84.000      -42854.1147
      85.000      -42927.9881
      86.000      -43041.2987
      87.000      -42962.8173
      88.000      -42926.7664
      89.000      -42907.4150
      90.000      -42949.6180
      91.000      -43011.7869
      92.000      -42906.5419
      93.000      -42786.0935
      94.000      -42732.2567
      95.000      -42780.9217
      96.000      -42833.9919
      97.000      -43003.0782
      98.000      -42801.5968
      99.000      -42891.4526
     100.000      -42885.8746
     101.000      -42913.6776
     102.000      -42861.1464
     103.000      -42795.6469
     104.000      -42824.0476
     105.000      -42903.9996
     106.000      -43030.0441
     107.000      -42889.6235
     108.000      -42904.1139
     109.000      -42853.5338
     110.000      -42855.7065
     111.000      -42970.8414
     112.000      -42827.9534
     113.000      -42878.5596
     114.000      -42846.2544
     115.000      -42982.4521
     116.000      -42965.1404
     117.000      -43051.2520
     118.000      -42793.1986
     119.000      -42772.3241
     120.000      -42932.3285
     121.000      -42841.3320
     122.000      -42868.6964
     123.000      -42953.1432
     124.000      -42697.7686
     125.000      -42843.4971
     126.000      -42824.7962
     127.000      -42874.3466
     128.000      -42962.8103
     129.000      -42740.2361
     130.000      -42782.7403
     131.000      -42721.0024
     132.000      -42802.2137
     133.000      -42835.0906
     134.000      -42830.4279
     135.000      -42940.3617
     136.000      -42914.1312
     137.000      -43128.7331
     138.000      -43054.5411
     139.000      -42920.6423
     140.000      -42877.8638
