       0.000      -54515.2789
       1.000      -53384.1910
       2.000      -52873.1569
       3.000      -52356.1002
       4.000      -51859.2944
       5.000      -51298.0256
       6.000      -50727.8564
       7.000      -50147.3109
       8.000      -49656.0426
       9.000      -49084.0180
      10.000      -48552.5824
      11.000      -48029.0490
      12.000      -47457.5279
      13.000      -46862.0278
      14.000      -46362.2017
      15.000      -45719.4278
      16.000      -44953.3320
      17.000      -44392.9854
      18.000      -43667.7591
      19.000      -43030.3260
      20.000      -42396.8821
      21.000      -41921.2266
      22.000      -41674.6289
      23.000      -41322.2237
      24.000      -40905.9237
      25.000      -40542.0357
      26.000      -40090.9609
      27.000      -39494.7143
      28.000      -39319.6824
      29.000      -38659.2445
      30.000      -38461.8970
      31.000      -37803.9923
      32.000      -37303.8460
      33.000      -36692.9696
      34.000      -36258.2725
      35.000      -36082.0962
      36.000      -35607.1421
      37.000      -34752.6846
      38.000      -34471.1572
      39.000      -34219.4149
      40.000      -33554.2558
      41.000      -33376.0084
      42.000      -33431.8702
      43.000      -33477.4924
      44.000      -33558.6302
      45.000      -33799.6712
      46.000      -33310.8467
      47.000      -33435.6688
      48.000      -33468.0676
      49.000      -33331.7566
      50.000      -33259.3820
      51.000      -33472.8968
      52.000      -33349.0434
      53.000      -33383.2136
      54.000      -33555.5412
      55.000      -33634.6202
      56.000      -33472.7697
      57.000      -33600.1291
      58.000      -33588.9290
      59.000      -33578.2243
      60.000      -33452.0803
      61.000      -33602.2362
      62.000      -33649.5793
      63.000      -33527.9275
      64.000      -33855.9646
      65.000      -33602.0601
      66.000      -33295.8921
      67.000      -33698.7643
      68.000      -33648.2309
      69.000      -33825.6772
      70.000      -33789.2473
      71.000      -33518.7438
      72.000      -33576.6300
      73.000      -33665.4035
      74.000      -33570.3145
      75.000      -33715.8349
      76.000      -33808.7634
      77.000      -33731.1776
      78.000      -33717.1831
      79.000      -33569.6480
      80.000      -33618.5715
      81.000      -33659.6577
      82.000      -33828.0526
      83.000      -34063.4857
      84.000      -33670.2358
      85.000      -33765.4295
      86.000      -33822.2060
      87.000      -33909.4560
      88.000      -33830.6638
      89.000      -33755.5487
      90.000      -33821.5682
      91.000      -33857.0574
      92.000      -33940.2235
      93.000      -33723.1375
      94.000      -33692.5702
      95.000      -33653.8163
      96.000      -33738.5203
      97.000      -33907.7119
      98.000      -33746.5304
      99.000      -33839.5463
     100.000      -33725.7964
     101.000      -33718.4042
     102.000      -33632.5712
     103.000      -33681.4301
     104.000      -33643.5408
     105.000      -33829.7574
     106.000      -33970.2970
     107.000      -33739.6098
     108.000      -33653.9771
     109.000      -33732.7467
     110.000      -33793.0112
     111.000      -33872.8531
     112.000      -33840.4895
     113.000      -33747.6504
     114.000      -33805.5503
     115.000      -33946.8760
     116.000      -33832.8943
     117.000      -33983.6339
     118.000      -33826.5004
     119.000      -33647.5751
     120.000      -33851.4359
     121.000      -33629.3164
     122.000      -33762.1818
     123.000      -34000.2438
     124.000      -33695.8047
     125.000      -33607.9493
     126.000      -33781.4749
     127.000      -33628.0009
     128.000      -33843.6678
     129.000      -33668.6023
     130.000      -33583.1260
     131.000      -33603.8608
     132.000      -33719.4159
     133.000      -33714.6522
     134.000      -33669.5910
     135.000      -33814.4515
     136.000      -33722.2396
     137.000      -34033.0466
     138.000      -33946.1397
     139.000      -33857.1814
     140.000      -33766.7114
