       0.000       0.00
       1.000       9.15
       2.000      19.00
       3.000      28.65
       4.000      38.94
       5.000      49.70
       6.000      59.90
       7.000      69.94
       8.000      79.62
       9.000      89.81
      10.000      99.82
      11.000     108.87
      12.000     118.65
      13.000     128.59
      14.000     138.69
      15.000     147.32
      16.000     160.57
      17.000     169.83
      18.000     178.04
      19.000     189.45
      20.000     198.73
      21.000     204.37
      22.000     204.68
      23.000     213.47
      24.000     219.56
      25.000     222.92
      26.000     230.47
      27.000     235.77
      28.000     239.65
      29.000     245.07
      30.000     248.38
      31.000     252.73
      32.000     257.39
      33.000     267.77
      34.000     274.30
      35.000     268.92
      36.000     274.68
      37.000     284.85
      38.000     285.77
      39.000     295.79
      40.000     303.15
      41.000     303.41
      42.000     299.61
      43.000     300.51
      44.000     300.79
      45.000     298.02
      46.000     300.51
      47.000     302.19
      48.000     295.55
      49.000     299.37
      50.000     303.35
      51.000     296.74
      52.000     302.95
      53.000     301.79
      54.000     295.85
      55.000     301.02
      56.000     296.51
      57.000     298.47
      58.000     299.43
      59.000     300.04
      60.000     299.11
      61.000     297.17
      62.000     297.03
      63.000     302.47
      64.000     299.48
      65.000     299.35
      66.000     302.62
      67.000     299.49
      68.000     300.74
      69.000     298.50
      70.000     299.23
      71.000     300.16
      72.000     299.67
      73.000     295.69
      74.000     300.43
      75.000     297.19
      76.000     297.37
      77.000     300.56
      78.000     302.75
      79.000     300.46
      80.000     299.51
      81.000     300.77
      82.000     300.63
      83.000     296.99
      84.000     302.67
      85.000     301.97
      86.000     303.84
      87.000     298.37
      88.000     299.78
      89.000     301.62
      90.000     300.83
      91.000     301.71
      92.000     295.50
      93.000     298.69
      94.000     297.92
      95.000     300.80
      96.000     299.76
      97.000     299.76
      98.000     298.43
      99.000     298.33
     100.000     301.89
     101.000     303.05
     102.000     304.15
     103.000     300.38
     104.000     302.56
     105.000     299.06
     106.000     298.58
     107.000     301.56
     108.000     304.86
     109.000     300.60
     110.000     298.68
     111.000     299.84
     112.000     296.20
     113.000     300.93
     114.000     297.96
     115.000     297.79
     116.000     300.97
     117.000     298.84
     118.000     295.52
     119.000     300.73
     120.000     299.28
     121.000     303.60
     122.000     300.12
     123.000     295.06
     124.000     296.68
     125.000     304.38
     126.000     298.04
     127.000     304.73
     128.000     300.54
     129.000     298.98
     130.000     303.19
     131.000     300.48
     132.000     299.34
     133.000     300.58
     134.000     301.92
     135.000     300.76
     136.000     302.94
     137.000     299.77
     138.000     300.19
     139.000     298.71
     140.000     300.28
