  -0.342
  -0.577
  -0.107
   1.267
   1.620
   0.391
  -0.428
   0.015
  -1.431
   0.252
   0.735
   1.827
   0.654
  -0.949
   2.517
  -0.069
  -0.335
  -0.776
   2.202
   0.019
  -0.333
   4.306
   2.192
  -0.007
   2.219
  -1.651
   2.360
  -1.480
   0.806
  -1.191
  -0.163
  -0.214
   3.578
   1.509
   0.671
   0.409
  -1.083
   3.567
  -2.322
   1.633
   6.066
   0.835
  -1.057
   1.779
  -0.154
  -1.975
  -7.326
   4.648
  -1.065
   4.030
  -4.854
   2.703
  -0.985
   0.698
   2.999
  -1.976
  -4.615
   2.354
  -1.047
   2.126
   0.258
  -2.490
   0.081
  -3.542
   1.167
  -1.048
  -1.615
  -3.039
  -0.431
   0.324
  -2.986
  -2.329
  -0.268
   5.016
  -1.651
  -2.543
   0.712
   1.154
  -0.238
  -1.021
   3.432
   2.706
  -2.610
  -1.057
  -0.374
   3.077
  -1.001
  -2.029
   0.824
   2.194
   0.303
  -1.484
  -1.095
  -1.975
  -2.968
  -0.304
   0.513
  -2.157
  -2.918
   0.265
  -0.548
  -0.220
   1.989
   1.858
   0.143
   0.597
  -0.586
  -0.515
  -3.277
   0.346
  -0.902
  -2.090
  -0.288
  -0.366
  -0.021
   0.137
  -0.447
   1.799
   0.760
   0.262
  -2.368
  -1.321
  -1.665
  -0.748
   0.084
  -0.470
   2.023
   4.090
  -0.185
   1.763
  -1.290
   1.153
   2.160
   2.039
   1.635
  -1.327
   1.162
  -0.280
   0.710
   1.044
  -0.376
   0.180
   0.177
  -0.409
  -2.025
   1.187
   0.603
  -0.866
  -1.882
   0.420
   1.203
   1.798
   1.277
   0.050
   0.463
   4.219
   0.861
   0.665
   0.874
  -4.516
  -3.081
   0.567
   0.673
  -0.753
  -1.158
  -0.563
  -0.658
  -0.612
   3.062
   1.027
   0.803
  -1.366
   2.992
   0.528
  -2.657
   0.480
  -1.645
   0.509
   1.615
  -1.748
   0.615
  -0.870
   3.479
  -2.426
   0.208
   0.703
   0.381
  -3.216
   0.100
   1.631
   0.437
  -3.856
  -3.151
  -0.208
   0.912
  -1.305
   0.219
  -1.146
   3.080
   3.685
   0.617
  -0.653
  -0.351
  -6.318
  -5.530
  -3.053
  -1.919
  -0.141
   7.554
   2.914
  -0.114
   1.819
  -1.508
   1.323
   3.223
  -0.041
  -1.131
  -0.037
  -1.489
  -1.282
  -4.568
   3.161
   0.761
   0.940
   5.137
  -1.582
   3.887
  -1.932
  -0.808
   2.446
  -0.208
   2.223
   2.033
   0.114
   1.247
   5.973
   1.550
   3.290
  -4.124
   2.545
  -4.457
  -4.926
   0.441
   5.174
  -2.703
   0.903
   0.239
  -1.136
   1.390
   1.438
   0.717
   3.385
  -2.253
  -1.039
   0.066
   0.502
  -0.620
   0.167
   0.467
   1.343
  -0.264
   0.950
   1.287
  -1.282
   2.927
  -2.678
   2.032
  -5.181
   1.903
  -1.320
  -0.110
  -5.336
   0.872
   0.693
   2.988
  -4.874
  -3.369
  -0.441
   0.256
  -0.905
   0.426
  -0.677
  -1.432
  -1.070
   1.136
   0.429
   0.115
  -1.319
  -1.191
   1.020
  -1.182
   1.936
   0.800
   0.865
  -0.346
   5.769
   0.305
   2.639
   2.835
  -1.711
   2.578
   0.301
   0.591
   0.344
   0.796
  -0.063
  -0.161
  -0.387
  -1.840
   1.034
  -1.506
   7.217
  -0.947
  -2.936
   1.226
   0.724
   2.270
  -2.546
   0.843
  -1.132
   0.242
  -0.228
   4.139
   0.034
   1.928
   0.549
   0.280
  -0.060
  -3.048
  -0.225
   0.866
   0.907
   1.856
