#Atom            RMSF
  36.000       2.0180
  55.000       2.1373
  74.000       1.9051
  93.000       1.4301
 112.000       1.5446
 134.000       1.5298
 148.000       1.3209
 172.000       1.1265
 191.000       1.1938
 209.000       1.1204
 223.000       1.1633
 242.000       1.3313
 259.000       1.4798
 270.000       1.4442
 286.000       1.2286
 296.000       1.5272
 318.000       1.8668
 332.000       1.6602
 351.000       1.1496
 365.000       1.4444
 372.000       1.2055
 391.000       1.6616
 407.000       2.0381
 424.000       2.3285
 441.000       1.7830
 463.000       1.4906
 473.000       1.5051
 487.000       1.4668
 503.000       1.5590
 519.000       1.5462
 538.000       1.4502
 557.000       2.0988
 564.000       1.4636
 578.000       1.2984
 597.000       1.4399
 613.000       1.3810
 629.000       1.5185
 648.000       1.1196
 664.000       0.9658
 686.000       0.8472
 708.000       0.7103
 724.000       0.6824
 741.000       0.7338
 760.000       0.6830
 781.000       0.7045
 791.000       0.8217
 810.000       0.9013
 820.000       0.9830
 839.000       1.0248
 858.000       1.1777
 880.000       1.3439
 894.000       1.3194
 914.000       1.3128
 928.000       1.2925
 947.000       1.2676
 966.000       1.9979
 982.000       2.4754
1004.000       2.3928
1018.000       1.8998
1032.000       1.9179
1048.000       1.6669
1068.000       1.5668
1098.000       2.2436
1104.000       2.2273
1121.000       1.9676
1128.000       1.8111
1147.000       1.3968
1169.000       1.7535
1179.000       1.7509
1195.000       1.1999
1212.000       1.3489
1231.000       1.7914
1250.000       1.6449
1269.000       1.6626
1288.000       2.0932
1304.000       2.2552
1323.000       2.8440
1337.000       2.3388
1348.000       1.6186
1364.000       1.7670
1386.000       1.7051
1403.000       1.3505
1422.000       1.5308
1438.000       1.8190
1449.000       1.7796
1465.000       1.5954
1475.000       3.0341
1486.000       2.9074
1500.000       1.8786
1519.000       2.2042
1530.000       1.8071
1549.000       1.7383
1568.000       1.4675
1590.000       1.3658
1596.000       1.1437
1614.000       1.0524
1633.000       1.0466
1655.000       1.0084
1665.000       0.8751
1676.000       0.9519
1698.000       0.9855
1717.000       0.9100
1733.000       0.9519
1750.000       1.0296
1760.000       1.0609
1776.000       1.0166
1787.000       1.0492
1809.000       1.1328
1830.000       1.5128
1852.000       2.4076
1866.000       2.5888
1883.000       2.2818
1905.000       2.3318
