   6.967
  -1.061
   1.944
   1.326
  -1.770
   0.585
   1.968
   0.817
  -1.253
  -0.734
  -0.370
   0.901
   0.611
  -0.020
   1.550
  -0.155
  -0.518
  -1.241
  -1.381
   0.032
  -3.017
   3.440
  -1.622
   0.059
   1.175
  -1.949
  -0.467
   0.085
   1.221
   1.750
   0.072
   3.671
  -2.195
  -0.017
  -0.267
  -2.728
   6.318
  -1.473
  -1.790
  -0.951
   0.471
  -0.725
  -1.968
  -4.096
  -4.684
   1.648
   4.696
  -1.932
  -1.775
  -3.403
  -5.224
  -0.252
  -4.938
  -2.117
   1.296
  -0.292
   5.415
   2.781
   2.544
   2.754
   3.003
   5.779
  -0.102
   5.303
  -2.021
  -0.513
   7.735
   1.452
   0.691
  -1.725
   2.475
   1.072
  -0.131
   0.279
  -2.204
   3.880
   0.043
  -4.283
  -2.760
   0.927
  -4.016
  -1.050
  -0.611
  -1.860
  -2.115
   1.231
   1.435
   0.822
  -0.045
   1.015
   1.201
  -1.328
  -1.072
  -0.962
   0.251
   1.933
   0.217
  -3.090
  -4.107
   1.593
   0.023
  -3.338
   0.008
  -5.777
  -0.945
   1.096
  -1.006
  -1.534
  -0.213
  -0.481
   1.087
  -0.859
  -3.215
  -0.217
  -4.697
  -4.056
  -3.185
   0.462
  -2.427
   1.759
  -2.446
  -0.676
  -2.257
  -3.543
   0.958
   2.845
  -1.641
  -1.291
  -1.573
  -1.361
   1.060
   2.437
   0.204
  -1.302
  -2.237
  -3.647
  -0.315
   3.128
  -1.373
   2.078
  -1.015
  -0.032
  -1.093
  -0.380
  -0.585
  -1.416
   0.246
  -1.636
   1.053
   1.149
  -1.753
  -2.423
   0.517
   0.057
  -2.296
  -1.749
   1.260
   0.164
   1.430
   1.661
  -4.531
   0.778
  -0.385
   2.670
  -2.133
  -2.191
   3.347
   1.493
  -0.248
   3.754
   2.605
   0.937
  -1.285
  -1.247
  -1.013
  -0.300
   0.667
  -0.999
  -0.624
  -2.857
  -0.530
   3.108
  -1.733
  -0.770
   0.338
  -0.422
  -3.650
   4.043
   5.705
   4.276
   0.887
   2.963
  -0.565
   3.744
  -1.686
   6.910
  -1.579
  -1.022
   3.766
   1.227
   0.323
   0.698
  -3.558
   2.460
   1.134
   1.319
  -1.490
  -1.899
  -0.700
  -0.967
   2.682
   2.766
   0.003
  -0.097
   0.220
  -4.228
  -1.861
  -1.245
  -2.450
   0.034
  -1.722
  -0.258
   1.622
   2.833
   0.487
   2.862
  -0.472
  -1.946
  -2.044
  -3.646
  -0.982
   0.761
   0.521
  -1.897
  -1.300
   2.694
   1.447
  -3.264
  -0.799
  -1.013
  -2.911
  -3.938
   2.478
  -0.143
  -1.896
  -0.463
   0.405
  -0.893
  -0.617
  -0.208
   1.034
  -0.377
   3.665
   0.303
  -2.834
  -1.561
  -1.835
   0.861
  -1.034
  -0.408
  -2.150
  -0.431
   1.493
   2.014
  -0.990
   0.814
  -1.960
   0.815
  -0.379
   0.390
  -2.304
  -0.343
  -1.419
   1.591
   0.577
   1.223
  -2.213
   1.738
  -1.009
   1.502
   3.342
  -1.028
  -0.668
  -4.124
  -7.057
  -1.445
  -3.727
  -0.292
   0.420
  -0.300
   0.321
   0.052
  -1.672
   3.723
  -3.039
   2.646
  -1.788
  -2.860
  -1.020
  -1.824
   6.691
   2.177
   1.647
  -2.637
   4.803
   5.966
   0.133
   0.285
   1.597
  -0.987
  -1.262
  -0.407
  -3.606
  -5.516
  -4.330
   3.107
  -0.262
   4.349
   6.144
  -3.240
   2.283
   1.218
   1.682
   2.169
   0.977
   2.551
  -2.694
  -2.442
  -0.731
  -2.779
   2.144
   0.941
  -1.545
