#Atom            RMSF
  36.000       2.4731
  55.000       2.3508
  74.000       2.2855
  93.000       1.9604
 112.000       1.6278
 134.000       1.7053
 148.000       1.8809
 172.000       1.5392
 191.000       1.2895
 209.000       1.3854
 223.000       1.7190
 242.000       1.8824
 259.000       1.6252
 270.000       1.3868
 286.000       1.1964
 296.000       1.3178
 318.000       1.6388
 332.000       1.4696
 351.000       1.1154
 365.000       1.3604
 372.000       1.0337
 391.000       1.1981
 407.000       1.3380
 424.000       1.3063
 441.000       0.9960
 463.000       0.9106
 473.000       1.0775
 487.000       1.0319
 503.000       0.8865
 519.000       0.8989
 538.000       1.1079
 557.000       1.3003
 564.000       1.3413
 578.000       1.7097
 597.000       1.4367
 613.000       1.7450
 629.000       1.6502
 648.000       1.0873
 664.000       0.9488
 686.000       0.9319
 708.000       0.6741
 724.000       0.6188
 741.000       0.7450
 760.000       0.7385
 781.000       0.7309
 791.000       0.8494
 810.000       0.9712
 820.000       1.0590
 839.000       1.0884
 858.000       1.2405
 880.000       1.4941
 894.000       1.3996
 914.000       1.3792
 928.000       1.2516
 947.000       1.0857
 966.000       1.4048
 982.000       2.0500
1004.000       2.2222
1018.000       1.8443
1032.000       1.9255
1048.000       1.5001
1068.000       1.0816
1098.000       1.5311
1104.000       1.6571
1121.000       2.0954
1128.000       1.8767
1147.000       1.4687
1169.000       2.0904
1179.000       1.8559
1195.000       1.2366
1212.000       1.3863
1231.000       1.5854
1250.000       1.3434
1269.000       1.2282
1288.000       1.3808
1304.000       1.3198
1323.000       1.3269
1337.000       1.0640
1348.000       0.8383
1364.000       0.9936
1386.000       1.0469
1403.000       0.9044
1422.000       1.0981
1438.000       1.3422
1449.000       1.1289
1465.000       0.9758
1475.000       1.3815
1486.000       1.7319
1500.000       1.3349
1519.000       1.8370
1530.000       1.3493
1549.000       1.7537
1568.000       1.4446
1590.000       1.3167
1596.000       1.0841
1614.000       0.9016
1633.000       0.8809
1655.000       0.8542
1665.000       0.6912
1676.000       0.7087
1698.000       0.7225
1717.000       0.7111
1733.000       0.7337
1750.000       0.7782
1760.000       0.7807
1776.000       0.8066
1787.000       0.9158
1809.000       0.8867
1830.000       0.9209
1852.000       0.9261
1866.000       1.0191
1883.000       0.9567
1905.000       1.2845
