   3.445
  -1.646
   0.350
   1.437
   0.952
   0.174
  17.153
   1.323
   1.359
  -0.577
  -1.076
  -0.780
   0.603
   0.757
   0.208
  -0.383
  -0.115
   0.465
   3.596
   0.676
   0.557
   0.189
  -0.490
   1.025
   0.793
  -0.452
   0.890
   1.459
  -2.311
   1.250
   0.225
   0.966
   1.691
   1.179
   0.645
   0.815
   1.844
  -1.565
  -1.432
   0.416
  -0.240
  -1.635
   0.560
  -4.546
  -4.778
   1.814
   0.377
   2.052
  -0.343
  -1.725
  -5.164
  -3.509
  -2.581
  -0.404
   1.656
  -3.963
  -2.476
  -0.524
   2.453
  -3.069
   0.246
   1.603
  -0.789
   3.289
  -0.714
   3.814
   2.498
  -1.633
  -2.866
   2.067
  -0.900
   3.684
  -0.509
  -1.542
   2.650
  -0.069
  -0.504
   1.093
  -1.675
   0.713
   1.308
  -1.387
  -0.789
   3.213
  -0.520
   1.749
  -2.159
  -2.264
   0.200
   1.325
  -0.249
   0.324
   1.650
  -0.620
  -0.923
   3.322
   0.045
   1.125
  -2.062
   0.401
  -0.869
  -2.141
   0.061
  -1.554
  -1.806
  -0.958
   1.466
   3.137
  -1.286
   1.459
  -1.389
  -0.287
   0.324
  -0.955
   4.367
   0.846
  -1.527
   1.106
  -0.518
   0.476
   2.335
  -2.295
   1.059
  -1.795
  -4.665
   4.041
  -3.082
  -0.803
   1.152
  -0.316
   0.016
   1.099
   3.538
   1.131
  -2.599
   1.072
  -1.799
   1.433
   4.735
  -0.264
  -0.649
   0.088
   2.484
  -6.033
   1.481
  -1.656
   0.569
  -0.373
  -4.198
   3.504
  -1.888
   0.926
  -2.861
  -0.321
   0.654
   0.536
  -0.424
   2.933
   0.613
   3.308
   1.702
  -1.072
   4.002
   2.713
   1.479
  -1.550
  -2.379
  -3.372
   4.430
   0.891
   3.457
  -1.803
   2.344
   0.651
  -3.309
   4.399
   0.567
  -2.571
   2.062
   2.131
  -2.372
  -3.949
   1.083
  -1.111
  -0.243
  -4.707
   1.794
  -2.576
   0.319
  -1.579
   1.014
  -0.057
   3.157
  -3.914
  -1.205
   0.674
   2.026
   2.535
   2.028
  -2.034
   0.672
   0.905
  -1.895
   4.765
   1.165
  -1.637
  -1.693
   3.480
   2.298
   2.100
  -0.198
   2.300
  -3.010
  -1.263
  -3.870
   0.345
   1.960
  -1.212
  -6.073
   0.671
  -2.941
  -3.070
  -1.144
   0.647
   0.693
  -0.837
   1.659
  -5.497
   3.207
  -1.729
   0.284
  -3.011
   0.890
   1.167
  -0.154
  -3.488
  -2.318
  -2.137
  -0.537
  -0.570
  -2.002
   2.018
   1.383
  -0.526
  -1.313
  -0.371
  -0.653
   0.084
   2.798
  -5.219
   2.399
   3.070
  -1.182
  -3.412
   2.703
  -3.173
   0.490
  -0.791
   0.830
  -0.064
  -0.198
  -3.305
   2.537
   1.039
   3.226
   0.263
   2.711
  -0.079
   0.587
   0.367
   4.061
  -0.102
   1.992
  -1.143
   0.905
   2.650
   3.149
  -2.778
   0.302
  -0.331
   0.482
  -2.109
  -2.969
   3.288
   4.379
   0.918
   0.980
   0.293
   0.438
  -0.101
   1.071
  -0.272
  -1.141
  -0.333
   0.298
   0.325
  -0.698
  -0.635
   0.751
   1.897
   0.252
  -0.639
   1.592
   1.399
   0.130
   3.039
  -1.180
   0.896
  -0.173
   2.083
   2.578
  -0.457
   2.371
   2.293
   1.001
  -0.901
  -1.170
   0.507
   0.574
   0.044
   3.163
   0.154
   1.066
  -0.096
   0.780
   0.795
   1.383
  -0.524
  -1.190
  -1.334
  -0.393
  -0.403
  -4.296
