   1.399
   0.072
  -1.297
   0.239
   0.341
   0.492
   1.299
  -1.783
   1.766
  -0.435
  -0.223
   0.190
   1.090
  -2.051
   2.450
   2.164
   1.128
  -1.363
  -4.132
   0.341
  -1.583
  -1.934
  -2.826
  -0.709
   1.044
  -0.332
  -0.165
  -0.616
  -1.396
  -1.165
   1.037
  -0.743
   2.089
  -0.834
  -1.449
  -1.273
   1.252
  -2.762
  -0.370
   0.959
  -0.246
   2.358
  -0.820
  -0.177
  -1.360
   1.479
  -0.331
  -0.284
   1.277
   0.346
   1.170
  -0.626
  -1.817
  -3.212
   4.548
   2.244
  -0.309
   2.136
   3.216
   0.116
  -3.307
  -1.281
  -3.077
  -1.001
  -4.392
   0.597
   5.159
   0.436
  -0.539
   6.987
  -1.618
   3.943
  -1.029
  -3.721
  -2.689
  -2.514
   0.059
  -3.616
  -2.719
  -0.437
  -0.558
   3.916
  -1.695
  -4.238
   6.120
   1.102
   1.110
   5.119
   2.768
  -6.414
   2.277
   4.737
   0.973
  -4.262
   6.743
  -0.401
   0.866
  -0.416
  -1.051
   3.856
   0.319
   4.683
  -0.926
   2.819
  -0.973
   2.791
  -0.990
  -3.842
  -0.618
  -2.224
   5.896
  -2.072
   4.487
   2.851
   0.906
  -0.946
   1.329
  -0.584
   1.234
  -1.643
  -1.393
   0.927
  -3.294
   0.494
  -1.042
  -2.124
  -1.420
   1.830
   0.817
   0.881
  -1.597
   2.095
  -0.513
   1.517
  -0.713
  -2.152
  -1.871
   2.893
  -1.274
   1.043
   2.619
   0.864
   1.457
  -4.974
  -1.758
   2.028
   2.855
  -0.431
  -2.906
  -3.115
   2.606
   0.216
   0.550
   0.560
  -2.052
   0.669
   5.321
  -5.100
   9.148
   3.046
  -8.739
   3.600
   5.535
   3.934
   0.513
  -1.721
  -0.235
   0.353
   0.566
  -1.019
   1.296
   0.366
  -1.749
  -1.007
   4.613
  -0.198
   1.650
  -0.611
   1.852
   0.851
   2.673
   1.067
  -2.629
   0.529
   2.030
  -0.150
  -0.499
   3.337
  -0.007
  -1.885
   0.585
  -0.539
  -0.274
   2.256
  -1.810
  -1.449
   0.246
   3.469
   0.550
   1.716
  -1.600
   4.247
  -3.857
  -0.735
   1.762
  -0.215
  -1.858
   4.207
  -1.334
  -1.070
  -0.587
  -2.522
  -1.329
  -0.032
   0.823
   1.036
   1.684
   1.787
  -0.826
   1.946
  -3.252
   3.065
   3.193
  -1.396
  -0.285
  -0.173
  -1.551
   0.466
  -1.436
   0.595
   2.473
  -3.577
   0.213
   2.498
  -1.156
   2.145
  -0.764
  -2.316
   1.934
   3.414
   0.835
  -4.996
   1.906
  -0.173
   0.644
   0.047
  -0.889
  -0.128
  -1.321
   1.639
   1.249
   3.224
  -2.570
  -0.840
   0.741
   1.369
  -1.461
  -3.183
  -2.478
   1.495
   3.747
   1.609
  -2.536
   2.375
  -2.232
  -1.844
   0.034
   2.497
   2.173
  -0.781
   1.901
   0.390
   2.437
   3.281
  11.819
   1.197
   1.799
  -1.534
  -2.838
   1.851
  -2.274
   0.438
  -3.122
  -2.225
   1.355
  -0.243
   2.110
  -1.666
  -0.019
  -0.338
  -0.930
  -0.151
  -0.761
  -0.982
  -0.223
   1.154
  -0.329
   1.908
  -0.350
  -0.095
   1.490
  -0.178
   0.851
  -7.858
  -0.156
   1.379
   3.134
  -2.142
  -1.020
   2.577
  -1.855
  -1.059
   0.654
   2.018
   2.698
   0.403
  -0.134
   6.352
  -3.515
  -5.369
   4.598
  -2.221
   1.641
   1.298
   0.664
   3.876
  -0.808
   1.066
   2.672
  -2.063
   2.454
  -2.683
   0.343
