   0.491
  -0.577
   1.203
  -0.277
   0.872
  -0.602
   0.449
   0.084
   0.624
  -2.548
   0.343
   1.514
   0.598
  -1.705
  -0.322
  -0.043
   0.023
  -0.611
  -0.452
   1.492
  -2.145
  -2.014
   0.131
   0.196
  -0.640
  -0.249
  -2.327
  -0.614
  -1.953
  -1.333
   0.960
  -3.626
  -0.132
  -2.285
   2.179
  -0.602
   2.127
  -3.696
  -1.113
  -5.340
  -2.829
  -3.407
   3.103
  -5.183
   4.836
   0.516
  -2.886
  -1.738
  -6.370
  -0.513
  -2.430
  -1.505
  -2.723
  -1.207
  -1.124
   3.426
  -3.113
   2.974
  -1.068
   4.933
  -2.904
   4.703
  -5.745
   4.480
   1.290
  -2.439
   2.906
  -2.959
   2.828
   2.935
   0.915
   3.584
   1.599
  -2.493
  -0.756
   1.510
  -5.409
  -0.483
   1.237
  -0.674
   1.702
   3.150
  -0.893
   2.999
   4.915
   1.789
  -1.277
   0.927
  -2.750
   4.092
  -0.335
   3.367
  -0.382
   0.190
  -0.337
   0.897
   0.933
   0.860
  -1.295
   0.576
   2.467
  -0.172
   0.424
   0.576
  -1.035
  -0.561
   1.569
   1.585
  -0.763
  -0.909
  -0.772
   1.314
  -3.601
   1.803
   0.629
  -1.533
   0.070
   1.147
  -3.603
   0.537
   1.364
  -3.524
  -2.135
   0.401
   1.665
   1.058
   1.679
  -1.434
  -2.726
  -1.635
   1.077
   3.466
  -1.577
   1.712
   2.780
  -0.431
  -1.740
  -2.637
   0.019
   0.609
  -3.420
  -2.314
   2.215
  -2.438
  -1.492
   3.775
   2.046
   4.119
  -1.343
  -1.549
  -2.083
   1.175
   0.070
  -3.670
   2.812
  -2.258
  -1.958
  -1.245
  -0.845
  -0.487
  -1.808
   0.495
  -1.944
  -1.082
   0.210
   2.503
   0.671
   1.185
   1.237
  -0.746
  -2.092
   0.268
  -1.328
  -2.791
  -2.070
   1.041
   0.647
  -1.176
  -4.464
   3.248
   0.789
   6.153
  -2.919
   0.278
  -2.852
   1.075
  -2.315
   5.925
   1.299
   0.423
  -1.873
   0.343
   3.771
   1.148
  -0.643
   2.831
  -2.646
  -1.004
   0.085
   0.825
   5.963
  -1.729
   0.685
   4.592
   3.457
   2.758
   3.472
  -0.606
  -2.657
   2.374
   1.609
   0.241
   6.362
  -0.320
  -2.816
  -3.563
   3.330
   1.355
   9.217
   0.807
  -3.635
  -0.160
  -0.486
   2.589
  -1.519
   3.184
   1.464
  -0.299
  -1.230
  -0.034
   1.885
   1.209
   1.636
  -0.024
  -0.514
   0.686
  -3.512
   4.795
   0.204
   0.862
   0.659
  -0.442
   1.680
  -3.906
  -0.447
  -1.973
   1.797
  -2.731
   0.900
  -1.936
  -1.726
   1.127
   2.644
   1.586
  -3.457
  -1.411
  -2.498
   0.795
   1.530
  -0.708
   0.833
   0.785
   3.555
  -0.216
   1.486
   2.526
  -0.134
  -3.774
   0.106
   0.471
  -0.782
   1.568
  -1.291
   4.410
  -0.053
   6.342
   2.803
  -1.011
   0.285
   4.192
  -0.168
  -2.019
   0.462
  -2.944
   2.178
   3.038
  -0.593
   0.674
  -0.432
  -0.312
   0.926
  -1.754
   0.902
  -0.207
   1.961
   0.946
  -0.457
  -0.118
   1.613
   3.458
   1.862
  -1.693
  -0.610
   1.133
   3.567
   0.326
  -8.263
   1.985
   0.750
  -1.529
  -0.037
  -1.961
   1.134
  -5.357
  -1.466
  -1.532
  -1.973
  -1.332
  -3.478
  -1.164
   2.984
   1.100
   0.703
  -3.133
   2.287
   2.876
  -1.465
  -0.490
  -0.830
  -1.668
   3.564
  -3.116
   5.348
