1			-3.6801E+04
5			-3.7015E+04
10			-3.7546E+04
15			-3.8545E+04
20			-4.0069E+04
25			-4.2039E+04
30			-4.3733E+04
35			-4.4003E+04
40			-4.4783E+04
45			-4.5128E+04
50			-4.5478E+04
55			-4.5775E+04
60			-4.6040E+04
65			-4.6256E+04
70			-4.6452E+04
75			-4.6734E+04
80			-4.6807E+04
85			-4.7081E+04
90			-4.7216E+04
95			-4.7365E+04
100			-4.7499E+04
105			-4.7633E+04
110			-4.7759E+04
115			-4.7852E+04
120			-4.7962E+04
125			-4.8062E+04
130			-4.8155E+04
135			-4.8253E+04
140			-4.8378E+04
145			-4.8422E+04
150			-4.8506E+04
155			-4.8587E+04
160			-4.8718E+04
165			-4.8786E+04
170			-4.8864E+04
175			-4.8939E+04
180			-4.9011E+04
185			-4.9083E+04
190			-4.9152E+04
195			-4.9205E+04
200			-4.9269E+04
205			-4.9328E+04
210			-4.9385E+04
215			-4.9442E+04
220			-4.9499E+04
225			-4.9571E+04
230			-4.9599E+04
235			-4.9653E+04
240			-4.9730E+04
245			-4.9747E+04
250			-4.9831E+04
255			-4.9874E+04
260			-4.9925E+04
265			-4.9975E+04
270			-5.0022E+04
275			-5.0068E+04
280			-5.0109E+04
285			-5.0148E+04
290			-5.0192E+04
295			-5.0231E+04
300			-5.0270E+04
305			-5.0310E+04
310			-5.0350E+04
315			-5.0389E+04
320			-5.0428E+04
325			-5.0478E+04
330			-5.0498E+04
335			-5.0530E+04
340			-5.0566E+04
345			-5.0624E+04
350			-5.0657E+04
355			-5.0692E+04
360			-5.0726E+04
365			-5.0762E+04
370			-5.0796E+04
375			-5.0829E+04
380			-5.0862E+04
385			-5.0891E+04
390			-5.0922E+04
395			-5.0952E+04
400			-5.0982E+04
405			-5.1013E+04
410			-5.1041E+04
415			-5.1071E+04
420			-5.1101E+04
425			-5.1138E+04
430			-5.1156E+04
435			-5.1199E+04
440			-5.1212E+04
445			-5.1256E+04
450			-5.1266E+04
455			-5.1312E+04
460			-5.1337E+04
465			-5.1366E+04
470			-5.1394E+04
475			-5.1420E+04
480			-5.1445E+04
485			-5.1470E+04
490			-5.1496E+04
495			-5.1518E+04
500			-5.1542E+04
505			-5.1564E+04
510			-5.1588E+04
515			-5.1609E+04
520			-5.1633E+04
525			-5.1656E+04
530			-5.1686E+04
535			-5.1699E+04
540			-5.1731E+04
545			-5.1740E+04
550			-5.1775E+04
555			-5.1795E+04
560			-5.1817E+04
565			-5.1839E+04
570			-5.1860E+04
575			-5.1883E+04
580			-5.1902E+04
585			-5.1927E+04
590			-5.1949E+04
595			-5.1967E+04
600			-5.1988E+04
605			-5.2005E+04
610			-5.2024E+04
615			-5.2042E+04
620			-5.2061E+04
625			-5.2080E+04
630			-5.2099E+04
635			-5.2119E+04
640			-5.2144E+04
645			-5.2155E+04
650			-5.2182E+04
655			-5.2189E+04
660			-5.2217E+04
665			-5.2222E+04
670			-5.2252E+04
675			-5.2268E+04
680			-5.2287E+04
685			-5.2304E+04
690			-5.2320E+04
695			-5.2339E+04
700			-5.2357E+04
705			-5.2372E+04
710			-5.2388E+04
715			-5.2404E+04
720			-5.2420E+04
725			-5.2435E+04
730			-5.2452E+04
735			-5.2467E+04
740			-5.2482E+04
745			-5.2498E+04
750			-5.2519E+04
755			-5.2527E+04
760			-5.2540E+04
765			-5.2555E+04
770			-5.2570E+04
775			-5.2596E+04
780			-5.2610E+04
785			-5.2625E+04
790			-5.2640E+04
795			-5.2654E+04
800			-5.2669E+04
805			-5.2683E+04
810			-5.2698E+04
815			-5.2710E+04
820			-5.2724E+04
825			-5.2737E+04
830			-5.2750E+04
835			-5.2764E+04
840			-5.2777E+04
845			-5.2790E+04
850			-5.2803E+04
855			-5.2817E+04
860			-5.2834E+04
865			-5.2841E+04
870			-5.2852E+04
875			-5.2873E+04
880			-5.2877E+04
885			-5.2898E+04
890			-5.2901E+04
895			-5.2924E+04
900			-5.2935E+04
905			-5.2948E+04
910			-5.2960E+04
915			-5.2973E+04
920			-5.2987E+04
925			-5.3000E+04
930			-5.3010E+04
935			-5.3022E+04
940			-5.3033E+04
945			-5.3045E+04
950			-5.3055E+04
955			-5.3067E+04
960			-5.3079E+04
965			-5.3091E+04
970			-5.3107E+04
975			-5.3113E+04
980			-5.3123E+04
985			-5.3134E+04
990			-5.3145E+04
995			-5.3164E+04
1000			-5.3174E+04
1005			-5.3200E+04
1010			-5.3441E+04
1015			-5.3655E+04
1020			-5.3719E+04
1025			-5.3828E+04
1030			-5.3829E+04
1035			-5.3880E+04
1040			-5.3905E+04
1045			-5.3963E+04
1050			-5.3996E+04
1055			-5.3998E+04
1060			-5.4019E+04
1065			-5.4044E+04
1070			-5.4070E+04
1075			-5.4103E+04
1080			-5.4105E+04
1085			-5.4131E+04
1090			-5.4152E+04
1095			-5.4178E+04
1100			-5.4192E+04
1105			-5.4193E+04
1110			-5.4209E+04
1115			-5.4235E+04
1120			-5.4248E+04
1125			-5.4286E+04
1130			-5.4288E+04
1135			-5.4308E+04
1140			-5.4315E+04
1145			-5.4347E+04
1150			-5.4398E+04
1155			-5.4400E+04
1160			-5.4449E+04
1165			-5.4468E+04
1170			-5.4483E+04
1175			-5.4496E+04
1180			-5.4498E+04
1185			-5.4507E+04
1190			-5.4519E+04
1195			-5.4552E+04
1200			-5.4670E+04
1205			-5.4672E+04
1210			-5.4722E+04
1215			-5.4735E+04
1220			-5.4750E+04
1225			-5.4759E+04
1230			-5.4761E+04
1235			-5.4769E+04
1240			-5.4780E+04
1245			-5.4793E+04
1250			-5.4844E+04
1255			-5.4846E+04
1260			-5.4872E+04
1265			-5.4881E+04
1270			-5.4893E+04
1275			-5.4903E+04
1280			-5.4905E+04
1285			-5.4911E+04
1290			-5.4924E+04
1295			-5.4934E+04
1300			-5.4954E+04
1305			-5.4956E+04
1310			-5.4971E+04
1315			-5.4982E+04
1320			-5.4988E+04
1325			-5.4998E+04
1330			-5.5000E+04
1335			-5.5005E+04
1340			-5.5018E+04
1345			-5.5025E+04
1350			-5.5046E+04
1355			-5.5048E+04
1360			-5.5063E+04
1365			-5.5073E+04
1370			-5.5080E+04
1375			-5.5087E+04
1380			-5.5088E+04
1385			-5.5092E+04
1390			-5.5104E+04
1395			-5.5121E+04
1400			-5.5154E+04
1405			-5.5156E+04
1410			-5.5183E+04
1415			-5.5194E+04
1420			-5.5202E+04
1425			-5.5205E+04
1430			-5.5206E+04
1435			-5.5209E+04
1440			-5.5218E+04
1445			-5.5272E+04
1450			-5.5332E+04
1455			-5.5333E+04
1460			-5.5355E+04
1465			-5.5366E+04
1470			-5.5373E+04
1475			-5.5383E+04
1480			-5.5384E+04
1485			-5.5388E+04
1490			-5.5396E+04
1495			-5.5402E+04
1500			-5.5414E+04
1505			-5.5415E+04
1510			-5.5425E+04
1515			-5.5434E+04
1520			-5.5439E+04
1525			-5.5446E+04
1530			-5.5448E+04
1535			-5.5451E+04
1540			-5.5456E+04
1545			-5.5472E+04
1550			-5.5491E+04
1555			-5.5493E+04
1560			-5.5508E+04
1565			-5.5523E+04
1570			-5.5526E+04
1575			-5.5530E+04
1580			-5.5532E+04
1585			-5.5536E+04
1590			-5.5543E+04
1595			-5.5548E+04
1600			-5.5557E+04
1605			-5.5558E+04
1610			-5.5564E+04
1615			-5.5570E+04
1620			-5.5575E+04
1625			-5.5580E+04
1630			-5.5581E+04
1635			-5.5585E+04
1640			-5.5592E+04
1645			-5.5595E+04
1650			-5.5604E+04
1655			-5.5605E+04
1660			-5.5610E+04
1665			-5.5616E+04
1670			-5.5621E+04
1675			-5.5626E+04
1680			-5.5627E+04
1685			-5.5631E+04
1690			-5.5637E+04
1695			-5.5641E+04
1700			-5.5648E+04
1705			-5.5649E+04
1710			-5.5654E+04
1715			-5.5660E+04
1720			-5.5664E+04
1725			-5.5669E+04
1730			-5.5670E+04
1735			-5.5674E+04
1740			-5.5680E+04
1745			-5.5684E+04
1750			-5.5690E+04
1755			-5.5691E+04
1760			-5.5695E+04
1765			-5.5701E+04
1770			-5.5705E+04
1775			-5.5710E+04
1780			-5.5711E+04
1785			-5.5715E+04
1790			-5.5721E+04
1795			-5.5725E+04
1800			-5.5730E+04
1805			-5.5731E+04
1810			-5.5735E+04
1815			-5.5740E+04
1820			-5.5744E+04
1825			-5.5749E+04
1830			-5.5750E+04
1835			-5.5754E+04
1840			-5.5759E+04
1845			-5.5762E+04
1850			-5.5767E+04
1855			-5.5768E+04
1860			-5.5772E+04
1865			-5.5777E+04
1870			-5.5780E+04
1875			-5.5784E+04
1880			-5.5786E+04
1885			-5.5789E+04
1890			-5.5793E+04
1895			-5.5797E+04
1900			-5.5802E+04
1905			-5.5803E+04
1910			-5.5807E+04
1915			-5.5812E+04
1920			-5.5815E+04
1925			-5.5819E+04
1930			-5.5820E+04
1935			-5.5823E+04
1940			-5.5827E+04
1945			-5.5830E+04
1950			-5.5836E+04
1955			-5.5837E+04
1960			-5.5841E+04
1965			-5.5846E+04
1970			-5.5849E+04
1975			-5.5852E+04
1980			-5.5853E+04
1985			-5.5856E+04
1990			-5.5860E+04
1995			-5.5863E+04
2000			-5.5869E+04
2005			-5.5870E+04
2010			-5.5875E+04
2015			-5.5880E+04
2020			-5.5882E+04
2025			-5.5886E+04
2030			-5.5887E+04
2035			-5.5889E+04
2040			-5.5893E+04
2045			-5.5897E+04
2050			-5.5904E+04
2055			-5.5905E+04
2060			-5.5910E+04
2065			-5.5916E+04
2070			-5.5918E+04
2075			-5.5922E+04
2080			-5.5923E+04
2085			-5.5925E+04
2090			-5.5929E+04
2095			-5.5934E+04
2100			-5.5942E+04
2105			-5.5943E+04
2110			-5.5949E+04
2115			-5.5955E+04
2120			-5.5957E+04
2125			-5.5960E+04
2130			-5.5961E+04
2135			-5.5964E+04
2140			-5.5968E+04
2145			-5.5973E+04
2150			-5.5981E+04
2155			-5.5982E+04
2160			-5.5987E+04
2165			-5.5992E+04
2170			-5.5994E+04
2175			-5.5997E+04
2180			-5.5998E+04
2185			-5.6001E+04
2190			-5.6005E+04
2195			-5.6008E+04
2200			-5.6016E+04
2205			-5.6017E+04
2210			-5.6021E+04
2215			-5.6026E+04
2220			-5.6028E+04
2225			-5.6031E+04
2230			-5.6032E+04
2235			-5.6034E+04
2240			-5.6038E+04
2245			-5.6042E+04
2250			-5.6047E+04
2255			-5.6049E+04
2260			-5.6053E+04
2265			-5.6057E+04
2270			-5.6059E+04
2275			-5.6062E+04
2280			-5.6063E+04
2285			-5.6065E+04
2290			-5.6069E+04
2295			-5.6072E+04
2300			-5.6078E+04
2305			-5.6079E+04
2310			-5.6083E+04
2315			-5.6087E+04
2320			-5.6089E+04
2325			-5.6093E+04
2330			-5.6094E+04
2335			-5.6096E+04
2340			-5.6100E+04
2345			-5.6103E+04
2350			-5.6109E+04
2355			-5.6110E+04
2360			-5.6114E+04
2365			-5.6119E+04
2370			-5.6121E+04
2375			-5.6124E+04
2380			-5.6125E+04
2385			-5.6127E+04
2390			-5.6131E+04
2395			-5.6134E+04
2400			-5.6138E+04
2405			-5.6140E+04
2410			-5.6143E+04
2415			-5.6147E+04
2420			-5.6149E+04
2425			-5.6152E+04
2430			-5.6153E+04
2435			-5.6155E+04
2440			-5.6158E+04
2445			-5.6160E+04
2450			-5.6164E+04
2455			-5.6166E+04
2460			-5.6168E+04
2465			-5.6171E+04
2470			-5.6173E+04
2475			-5.6176E+04
2480			-5.6177E+04
2485			-5.6179E+04
2490			-5.6183E+04
2495			-5.6185E+04
2500			-5.6188E+04
2505			-5.6189E+04
2510			-5.6192E+04
2515			-5.6195E+04
2520			-5.6197E+04
2525			-5.6200E+04
2530			-5.6201E+04
2535			-5.6203E+04
2540			-5.6206E+04
2545			-5.6208E+04
2550			-5.6212E+04
2555			-5.6213E+04
2560			-5.6215E+04
2565			-5.6218E+04
2570			-5.6220E+04
2575			-5.6223E+04
2580			-5.6224E+04
2585			-5.6226E+04
2590			-5.6229E+04
2595			-5.6230E+04
2600			-5.6234E+04
2605			-5.6235E+04
2610			-5.6238E+04
2615			-5.6240E+04
2620			-5.6242E+04
2625			-5.6245E+04
2630			-5.6246E+04
2635			-5.6248E+04
2640			-5.6250E+04
2645			-5.6252E+04
2650			-5.6255E+04
2655			-5.6257E+04
2660			-5.6258E+04
2665			-5.6261E+04
2670			-5.6263E+04
2675			-5.6266E+04
2680			-5.6267E+04
2685			-5.6268E+04
2690			-5.6271E+04
2695			-5.6272E+04
2700			-5.6276E+04
2705			-5.6277E+04
2710			-5.6279E+04
2715			-5.6281E+04
2720			-5.6283E+04
2725			-5.6286E+04
2730			-5.6286E+04
2735			-5.6288E+04
2740			-5.6290E+04
2745			-5.6292E+04
2750			-5.6296E+04
2755			-5.6297E+04
2760			-5.6299E+04
2765			-5.6302E+04
2770			-5.6304E+04
2775			-5.6306E+04
2780			-5.6307E+04
2785			-5.6309E+04
2790			-5.6311E+04
2795			-5.6313E+04
2800			-5.6316E+04
2805			-5.6317E+04
2810			-5.6319E+04
2815			-5.6322E+04
2820			-5.6323E+04
2825			-5.6325E+04
2830			-5.6326E+04
2835			-5.6328E+04
2840			-5.6330E+04
2845			-5.6332E+04
2850			-5.6335E+04
2855			-5.6336E+04
2860			-5.6337E+04
2865			-5.6339E+04
2870			-5.6341E+04
2875			-5.6343E+04
2880			-5.6344E+04
2885			-5.6345E+04
2890			-5.6347E+04
2895			-5.6349E+04
2900			-5.6352E+04
2905			-5.6353E+04
2910			-5.6355E+04
2915			-5.6357E+04
2920			-5.6358E+04
2925			-5.6360E+04
2930			-5.6361E+04
2935			-5.6362E+04
2940			-5.6365E+04
2945			-5.6366E+04
2950			-5.6369E+04
2955			-5.6370E+04
2960			-5.6371E+04
2965			-5.6374E+04
2970			-5.6375E+04
2975			-5.6377E+04
2980			-5.6378E+04
2985			-5.6380E+04
2990			-5.6382E+04
2995			-5.6383E+04
3000			-5.6386E+04
3005			-5.6387E+04
3010			-5.6389E+04
3015			-5.6392E+04
3020			-5.6393E+04
3025			-5.6395E+04
3030			-5.6396E+04
3035			-5.6398E+04
3040			-5.6400E+04
3045			-5.6402E+04
3050			-5.6405E+04
3055			-5.6406E+04
3060			-5.6407E+04
3065			-5.6410E+04
3070			-5.6411E+04
3075			-5.6413E+04
3080			-5.6414E+04
3085			-5.6416E+04
3090			-5.6418E+04
3095			-5.6419E+04
3100			-5.6422E+04
3105			-5.6423E+04
3110			-5.6424E+04
3115			-5.6427E+04
3120			-5.6428E+04
3125			-5.6430E+04
3130			-5.6431E+04
3135			-5.6432E+04
3140			-5.6434E+04
3145			-5.6435E+04
3150			-5.6438E+04
3155			-5.6439E+04
3160			-5.6440E+04
3165			-5.6442E+04
3170			-5.6443E+04
3175			-5.6445E+04
3180			-5.6446E+04
3185			-5.6447E+04
3190			-5.6449E+04
3195			-5.6451E+04
3200			-5.6453E+04
3205			-5.6454E+04
3210			-5.6455E+04
3215			-5.6457E+04
3220			-5.6458E+04
3225			-5.6460E+04
3230			-5.6461E+04
3235			-5.6462E+04
3240			-5.6464E+04
3245			-5.6465E+04
3250			-5.6467E+04
3255			-5.6468E+04
3260			-5.6469E+04
3265			-5.6471E+04
3270			-5.6472E+04
3275			-5.6474E+04
3280			-5.6474E+04
3285			-5.6475E+04
3290			-5.6477E+04
3295			-5.6478E+04
3300			-5.6480E+04
3305			-5.6481E+04
3310			-5.6482E+04
3315			-5.6483E+04
3320			-5.6484E+04
3325			-5.6486E+04
3330			-5.6487E+04
3335			-5.6488E+04
3340			-5.6490E+04
3345			-5.6491E+04
3350			-5.6493E+04
3355			-5.6494E+04
3360			-5.6494E+04
3365			-5.6496E+04
3370			-5.6497E+04
3375			-5.6499E+04
3380			-5.6500E+04
3385			-5.6501E+04
3390			-5.6503E+04
3395			-5.6504E+04
3400			-5.6505E+04
3405			-5.6506E+04
3410			-5.6507E+04
3415			-5.6508E+04
3420			-5.6510E+04
3425			-5.6512E+04
3430			-5.6513E+04
3435			-5.6515E+04
3440			-5.6517E+04
3445			-5.6518E+04
3450			-5.6519E+04
3455			-5.6519E+04
3460			-5.6520E+04
3465			-5.6522E+04
3470			-5.6523E+04
3475			-5.6526E+04
3480			-5.6526E+04
3485			-5.6528E+04
3490			-5.6530E+04
3495			-5.6530E+04
3500			-5.6532E+04
3505			-5.6532E+04
3510			-5.6533E+04
3515			-5.6534E+04
3520			-5.6535E+04
3525			-5.6538E+04
3530			-5.6539E+04
3535			-5.6540E+04
3540			-5.6542E+04
3545			-5.6543E+04
3550			-5.6544E+04
3555			-5.6544E+04
3560			-5.6545E+04
3565			-5.6546E+04
3570			-5.6548E+04
3575			-5.6550E+04
3580			-5.6551E+04
3585			-5.6552E+04
3590			-5.6554E+04
3595			-5.6554E+04
3600			-5.6555E+04
3605			-5.6556E+04
3610			-5.6556E+04
3615			-5.6558E+04
3620			-5.6559E+04
3625			-5.6561E+04
3630			-5.6562E+04
3635			-5.6564E+04
3640			-5.6565E+04
3645			-5.6566E+04
3650			-5.6567E+04
3655			-5.6567E+04
3660			-5.6568E+04
3665			-5.6570E+04
3670			-5.6571E+04
3675			-5.6574E+04
3680			-5.6575E+04
3685			-5.6576E+04
3690			-5.6579E+04
3695			-5.6579E+04
3700			-5.6580E+04
3705			-5.6581E+04
3710			-5.6582E+04
3715			-5.6583E+04
3720			-5.6585E+04
3725			-5.6588E+04
3730			-5.6589E+04
3735			-5.6591E+04
3740			-5.6594E+04
3745			-5.6595E+04
3750			-5.6596E+04
3755			-5.6596E+04
3760			-5.6597E+04
3765			-5.6598E+04
3770			-5.6601E+04
3775			-5.6604E+04
3780			-5.6604E+04
3785			-5.6606E+04
3790			-5.6609E+04
3795			-5.6609E+04
3800			-5.6611E+04
3805			-5.6611E+04
3810			-5.6612E+04
3815			-5.6613E+04
3820			-5.6616E+04
3825			-5.6619E+04
3830			-5.6620E+04
3835			-5.6622E+04
3840			-5.6624E+04
3845			-5.6625E+04
3850			-5.6626E+04
3855			-5.6626E+04
3860			-5.6627E+04
3865			-5.6628E+04
3870			-5.6630E+04
3875			-5.6633E+04
3880			-5.6634E+04
3885			-5.6635E+04
3890			-5.6637E+04
3895			-5.6638E+04
3900			-5.6638E+04
3905			-5.6639E+04
3910			-5.6639E+04
3915			-5.6641E+04
3920			-5.6643E+04
3925			-5.6646E+04
3930			-5.6647E+04
3935			-5.6649E+04
3940			-5.6651E+04
3945			-5.6651E+04
3950			-5.6652E+04
3955			-5.6652E+04
3960			-5.6653E+04
3965			-5.6654E+04
3970			-5.6658E+04
3975			-5.6662E+04
3980			-5.6663E+04
3985			-5.6665E+04
3990			-5.6667E+04
3995			-5.6668E+04
4000			-5.6669E+04
4005			-5.6668E+04
4010			-5.6669E+04
4015			-5.6671E+04
4020			-5.6672E+04
4025			-5.6675E+04
4030			-5.6675E+04
4035			-5.6677E+04
4040			-5.6678E+04
4045			-5.6679E+04
4050			-5.6680E+04
4055			-5.6680E+04
4060			-5.6680E+04
4065			-5.6682E+04
4070			-5.6683E+04
4075			-5.6685E+04
4080			-5.6686E+04
4085			-5.6688E+04
4090			-5.6689E+04
4095			-5.6690E+04
4100			-5.6691E+04
4105			-5.6691E+04
4110			-5.6691E+04
4115			-5.6693E+04
4120			-5.6695E+04
4125			-5.6699E+04
4130			-5.6700E+04
4135			-5.6703E+04
4140			-5.6704E+04
4145			-5.6705E+04
4150			-5.6705E+04
4155			-5.6705E+04
4160			-5.6706E+04
4165			-5.6708E+04
4170			-5.6709E+04
4175			-5.6713E+04
4180			-5.6714E+04
4185			-5.6716E+04
4190			-5.6718E+04
4195			-5.6719E+04
4200			-5.6719E+04
4205			-5.6719E+04
4210			-5.6720E+04
4215			-5.6722E+04
4220			-5.6724E+04
4225			-5.6728E+04
4230			-5.6729E+04
4235			-5.6732E+04
4240			-5.6733E+04
4245			-5.6734E+04
4250			-5.6734E+04
4255			-5.6734E+04
4260			-5.6735E+04
4265			-5.6736E+04
4270			-5.6739E+04
4275			-5.6744E+04
4280			-5.6745E+04
4285			-5.6748E+04
4290			-5.6750E+04
4295			-5.6750E+04
4300			-5.6751E+04
4305			-5.6751E+04
4310			-5.6751E+04
4315			-5.6752E+04
4320			-5.6756E+04
4325			-5.6759E+04
4330			-5.6760E+04
4335			-5.6762E+04
4340			-5.6764E+04
4345			-5.6764E+04
4350			-5.6765E+04
4355			-5.6765E+04
4360			-5.6766E+04
4365			-5.6767E+04
4370			-5.6768E+04
4375			-5.6770E+04
4380			-5.6771E+04
4385			-5.6772E+04
4390			-5.6773E+04
4395			-5.6774E+04
4400			-5.6775E+04
4405			-5.6775E+04
4410			-5.6776E+04
4415			-5.6777E+04
4420			-5.6779E+04
4425			-5.6783E+04
4430			-5.6784E+04
4435			-5.6787E+04
4440			-5.6789E+04
4445			-5.6790E+04
4450			-5.6791E+04
4455			-5.6790E+04
4460			-5.6792E+04
4465			-5.6792E+04
4470			-5.6792E+04
4475			-5.6792E+04
4480			-5.6792E+04
4485			-5.6793E+04
4490			-5.6794E+04
4495			-5.6797E+04
4500			-5.6803E+04
4505			-5.6804E+04
4510			-5.6807E+04
4515			-5.6810E+04
4520			-5.6811E+04
4525			-5.6812E+04
4530			-5.6812E+04
4535			-5.6813E+04
4540			-5.6814E+04
4545			-5.6815E+04
4550			-5.6817E+04
4555			-5.6818E+04
4560			-5.6819E+04
4565			-5.6820E+04
4570			-5.6820E+04
4575			-5.6821E+04
4580			-5.6821E+04
4585			-5.6822E+04
4590			-5.6823E+04
4595			-5.6824E+04
4600			-5.6826E+04
4605			-5.6827E+04
4610			-5.6828E+04
4615			-5.6828E+04
4620			-5.6829E+04
4625			-5.6830E+04
4630			-5.6829E+04
4635			-5.6830E+04
4640			-5.6831E+04
4645			-5.6832E+04
4650			-5.6833E+04
4655			-5.6834E+04
4660			-5.6835E+04
4665			-5.6836E+04
4670			-5.6836E+04
4675			-5.6837E+04
4680			-5.6836E+04
4685			-5.6837E+04
4690			-5.6838E+04
4695			-5.6839E+04
4700			-5.6841E+04
4705			-5.6842E+04
4710			-5.6842E+04
4715			-5.6843E+04
4720			-5.6843E+04
4725			-5.6844E+04
4730			-5.6845E+04
4735			-5.6845E+04
4740			-5.6846E+04
4745			-5.6846E+04
4750			-5.6847E+04
4755			-5.6847E+04
4760			-5.6848E+04
4765			-5.6849E+04
4770			-5.6850E+04
4775			-5.6850E+04
4780			-5.6851E+04
4785			-5.6851E+04
4790			-5.6852E+04
4795			-5.6852E+04
4800			-5.6853E+04
4805			-5.6853E+04
4810			-5.6854E+04
4815			-5.6855E+04
4820			-5.6855E+04
4825			-5.6856E+04
4830			-5.6856E+04
4835			-5.6857E+04
4840			-5.6857E+04
4845			-5.6858E+04
4850			-5.6859E+04
4855			-5.6859E+04
4860			-5.6860E+04
4865			-5.6860E+04
4870			-5.6861E+04
4875			-5.6862E+04
4880			-5.6863E+04
4885			-5.6864E+04
4890			-5.6864E+04
4895			-5.6865E+04
4900			-5.6866E+04
4905			-5.6865E+04
4910			-5.6867E+04
4915			-5.6867E+04
4920			-5.6868E+04
4925			-5.6868E+04
4930			-5.6869E+04
4935			-5.6869E+04
4940			-5.6870E+04
4945			-5.6870E+04
4950			-5.6871E+04
4955			-5.6871E+04
4960			-5.6872E+04
4965			-5.6873E+04
4970			-5.6873E+04
4975			-5.6875E+04
4980			-5.6875E+04
4985			-5.6876E+04
4990			-5.6876E+04
4995			-5.6877E+04
5000			-5.6878E+04
5000			-5.6878E+04
