#Atom            RMSF
  36.000       1.3869
  55.000       1.4459
  74.000       1.5051
  93.000       1.1890
 112.000       1.1102
 134.000       1.3572
 148.000       1.3940
 172.000       1.1544
 191.000       1.3003
 209.000       1.4159
 223.000       1.4974
 242.000       1.4844
 259.000       1.4120
 270.000       1.3453
 286.000       1.0520
 296.000       1.1774
 318.000       1.4344
 332.000       1.3497
 351.000       1.0067
 365.000       1.2408
 372.000       1.0109
 391.000       1.1172
 407.000       1.2366
 424.000       1.2407
 441.000       0.9796
 463.000       0.9403
 473.000       1.0847
 487.000       1.0597
 503.000       0.9640
 519.000       0.9920
 538.000       1.1158
 557.000       1.3076
 564.000       0.9534
 578.000       1.0453
 597.000       1.1009
 613.000       1.3094
 629.000       1.2881
 648.000       0.8962
 664.000       0.7486
 686.000       0.6941
 708.000       0.5711
 724.000       0.5584
 741.000       0.6666
 760.000       0.6255
 781.000       0.5973
 791.000       0.7346
 810.000       0.8697
 820.000       0.9009
 839.000       0.9480
 858.000       1.2052
 880.000       1.2494
 894.000       1.0679
 914.000       1.0584
 928.000       0.9760
 947.000       0.9953
 966.000       1.4774
 982.000       2.2418
1004.000       2.2647
1018.000       1.9588
1032.000       1.6970
1048.000       1.3390
1068.000       0.9843
1098.000       1.4481
1104.000       1.5371
1121.000       1.4405
1128.000       1.4793
1147.000       1.3161
1169.000       1.6157
1179.000       1.6071
1195.000       1.1127
1212.000       1.1610
1231.000       1.3907
1250.000       1.1821
1269.000       0.9931
1288.000       1.1415
1304.000       1.2504
1323.000       1.3431
1337.000       0.9956
1348.000       0.7719
1364.000       1.0353
1386.000       0.9936
1403.000       0.8017
1422.000       0.9922
1438.000       1.1698
1449.000       0.9205
1465.000       0.8271
1475.000       1.1900
1486.000       1.5900
1500.000       1.2102
1519.000       1.7884
1530.000       1.2995
1549.000       1.6155
1568.000       1.2575
1590.000       1.1724
1596.000       0.9195
1614.000       0.7644
1633.000       0.7826
1655.000       0.7107
1665.000       0.5753
1676.000       0.6011
1698.000       0.5960
1717.000       0.5881
1733.000       0.6410
1750.000       0.6805
1760.000       0.7627
1776.000       0.8560
1787.000       0.9518
1809.000       1.0006
1830.000       0.9715
1852.000       0.8561
1866.000       1.0052
1883.000       0.9152
1905.000       1.1809
