#Atom            RMSF
  36.000       1.7757
  55.000       1.9353
  74.000       1.6626
  93.000       1.2577
 112.000       1.4561
 134.000       1.4628
 148.000       1.3802
 172.000       1.1212
 191.000       1.0281
 209.000       1.1438
 223.000       1.1689
 242.000       1.1817
 259.000       1.3608
 270.000       1.2302
 286.000       1.0248
 296.000       1.2119
 318.000       1.4043
 332.000       1.2525
 351.000       1.0405
 365.000       1.3039
 372.000       1.0404
 391.000       1.2138
 407.000       1.2706
 424.000       1.2614
 441.000       0.9902
 463.000       0.8732
 473.000       1.0049
 487.000       1.0138
 503.000       1.0251
 519.000       1.1220
 538.000       1.1830
 557.000       1.5406
 564.000       1.1570
 578.000       1.2282
 597.000       1.3180
 613.000       1.5516
 629.000       1.4800
 648.000       1.0895
 664.000       0.8651
 686.000       0.8267
 708.000       0.7159
 724.000       0.6319
 741.000       0.6709
 760.000       0.6692
 781.000       0.7006
 791.000       0.8018
 810.000       0.8816
 820.000       1.0046
 839.000       1.1007
 858.000       1.2887
 880.000       1.4274
 894.000       1.3202
 914.000       1.2867
 928.000       1.2506
 947.000       1.1360
 966.000       2.0233
 982.000       2.3373
1004.000       2.1111
1018.000       1.7605
1032.000       1.7988
1048.000       1.4632
1068.000       1.2871
1098.000       1.8615
1104.000       1.7544
1121.000       1.8844
1128.000       1.9188
1147.000       1.3410
1169.000       2.0058
1179.000       2.0206
1195.000       1.2436
1212.000       1.3512
1231.000       1.6527
1250.000       1.3569
1269.000       1.1798
1288.000       1.3564
1304.000       1.3254
1323.000       1.3673
1337.000       1.0792
1348.000       0.8173
1364.000       0.9653
1386.000       0.9687
1403.000       0.8308
1422.000       1.0784
1438.000       1.2937
1449.000       1.0942
1465.000       1.0189
1475.000       1.8008
1486.000       1.9897
1500.000       1.8330
1519.000       1.8280
1530.000       1.6837
1549.000       1.5262
1568.000       1.2927
1590.000       1.1935
1596.000       0.9963
1614.000       0.8232
1633.000       0.8129
1655.000       0.8335
1665.000       0.6919
1676.000       0.7066
1698.000       0.7534
1717.000       0.7141
1733.000       0.7003
1750.000       0.7818
1760.000       0.7672
1776.000       0.7654
1787.000       0.8801
1809.000       0.8781
1830.000       0.9321
1852.000       1.1697
1866.000       1.3532
1883.000       1.2994
1905.000       1.3569
