#Atom            RMSF
  36.000       1.2903
  55.000       1.4146
  74.000       1.4234
  93.000       1.1500
 112.000       1.1472
 134.000       1.3785
 148.000       1.4287
 172.000       1.2619
 191.000       1.2985
 209.000       1.3258
 223.000       1.4590
 242.000       1.2783
 259.000       1.1559
 270.000       1.2206
 286.000       0.9424
 296.000       1.0267
 318.000       1.3612
 332.000       1.2433
 351.000       0.9218
 365.000       1.2706
 372.000       0.9285
 391.000       1.0078
 407.000       1.1774
 424.000       1.1768
 441.000       0.8968
 463.000       0.8332
 473.000       1.0241
 487.000       1.0953
 503.000       0.9654
 519.000       0.9881
 538.000       1.1345
 557.000       1.4232
 564.000       1.0288
 578.000       0.8866
 597.000       0.9433
 613.000       1.1389
 629.000       1.0093
 648.000       0.7922
 664.000       0.7203
 686.000       0.6950
 708.000       0.5659
 724.000       0.5321
 741.000       0.5992
 760.000       0.5740
 781.000       0.5815
 791.000       0.6509
 810.000       0.7482
 820.000       0.8737
 839.000       0.9723
 858.000       1.1142
 880.000       1.1962
 894.000       1.0569
 914.000       1.0693
 928.000       0.9368
 947.000       1.0170
 966.000       1.5943
 982.000       2.3662
1004.000       2.3651
1018.000       2.0768
1032.000       1.8918
1048.000       1.5198
1068.000       1.0147
1098.000       1.4945
1104.000       1.5109
1121.000       1.4311
1128.000       1.5255
1147.000       1.3232
1169.000       1.5949
1179.000       1.6386
1195.000       1.1283
1212.000       1.1419
1231.000       1.3228
1250.000       1.0282
1269.000       0.8965
1288.000       1.0648
1304.000       1.2298
1323.000       1.2682
1337.000       0.9330
1348.000       0.7586
1364.000       0.9733
1386.000       0.9476
1403.000       0.8335
1422.000       0.9794
1438.000       1.1009
1449.000       0.9265
1465.000       0.8331
1475.000       1.1742
1486.000       1.4906
1500.000       1.2158
1519.000       2.0595
1530.000       1.5156
1549.000       1.8184
1568.000       1.5188
1590.000       1.4034
1596.000       1.1012
1614.000       0.8497
1633.000       0.9024
1655.000       0.8231
1665.000       0.5854
1676.000       0.6090
1698.000       0.6271
1717.000       0.6091
1733.000       0.6226
1750.000       0.6675
1760.000       0.7159
1776.000       0.7949
1787.000       0.8906
1809.000       0.9823
1830.000       0.9569
1852.000       0.8607
1866.000       0.9730
1883.000       0.9695
1905.000       1.1017
