#Atom            RMSF
  36.000       1.5007
  55.000       1.5181
  74.000       1.4493
  93.000       1.1888
 112.000       1.0640
 134.000       1.0841
 148.000       1.0640
 172.000       0.9518
 191.000       0.9244
 209.000       0.9078
 223.000       1.0041
 242.000       1.0828
 259.000       1.1918
 270.000       1.2602
 286.000       0.9236
 296.000       1.1278
 318.000       1.5375
 332.000       1.4016
 351.000       0.9517
 365.000       1.3232
 372.000       1.1490
 391.000       1.2285
 407.000       1.2020
 424.000       1.2229
 441.000       1.0537
 463.000       0.8383
 473.000       0.9475
 487.000       0.9692
 503.000       0.8090
 519.000       0.8399
 538.000       0.9666
 557.000       1.0912
 564.000       0.9097
 578.000       0.8947
 597.000       1.1826
 613.000       1.6084
 629.000       1.5495
 648.000       1.1563
 664.000       0.8235
 686.000       0.8398
 708.000       0.7176
 724.000       0.5761
 741.000       0.6087
 760.000       0.6255
 781.000       0.7236
 791.000       0.7884
 810.000       0.8791
 820.000       1.0714
 839.000       1.1326
 858.000       1.2006
 880.000       1.1940
 894.000       1.0041
 914.000       0.8583
 928.000       0.8277
 947.000       0.8579
 966.000       1.5588
 982.000       1.9047
1004.000       1.8028
1018.000       1.3815
1032.000       1.5018
1048.000       1.2480
1068.000       1.0986
1098.000       2.4191
1104.000       2.7696
1121.000       2.2646
1128.000       1.8109
1147.000       1.5339
1169.000       1.6957
1179.000       1.5750
1195.000       1.0112
1212.000       1.2622
1231.000       1.4950
1250.000       1.0966
1269.000       1.1505
1288.000       1.4832
1304.000       1.5170
1323.000       1.6742
1337.000       1.3591
1348.000       1.0019
1364.000       1.2926
1386.000       1.4633
1403.000       1.1434
1422.000       1.0912
1438.000       1.4225
1449.000       1.2017
1465.000       1.1071
1475.000       1.5443
1486.000       1.6256
1500.000       1.4160
1519.000       1.7410
1530.000       1.1847
1549.000       1.2923
1568.000       1.1619
1590.000       1.0915
1596.000       0.9851
1614.000       0.8347
1633.000       0.8109
1655.000       0.7863
1665.000       0.6600
1676.000       0.8201
1698.000       0.8660
1717.000       0.7491
1733.000       0.8012
1750.000       0.9039
1760.000       0.9006
1776.000       0.7794
1787.000       0.8878
1809.000       0.9258
1830.000       0.8994
1852.000       0.8035
1866.000       0.7886
1883.000       0.7494
1905.000       1.0900
