  -1.473
  -0.395
  -0.458
  -3.061
  -0.910
  -0.748
  -0.448
  -1.437
  -1.435
  -2.642
  -1.226
   0.607
   2.802
  -2.325
   1.337
   2.396
  -1.339
  -1.244
  -1.667
   0.629
   3.506
  -2.109
  -2.883
   0.317
  -2.376
   0.478
  -0.634
   2.080
  -1.011
   0.934
  -0.971
   0.235
   5.583
   0.421
  -2.168
  -1.133
  -0.725
   1.398
  -4.262
  -0.281
  -1.810
  -0.102
   5.128
  -0.627
   9.692
   1.637
   0.867
   0.199
  -0.695
   0.605
   3.185
   1.143
  -1.179
  -1.318
   1.198
  -1.942
   2.639
   3.370
  -0.228
  -2.139
  -1.387
  -2.835
   0.079
  -1.965
   0.506
   0.360
   2.929
   0.945
   3.527
  -0.498
  -0.870
  -4.176
  -0.553
  -1.703
  -2.816
  -1.491
   2.902
  -0.208
   4.090
   2.919
   3.437
   0.421
  -1.258
  -0.017
  -1.636
   0.467
   1.488
  -2.919
  -0.444
  -0.591
  -1.142
  -2.437
  -0.859
   0.885
  -0.343
  -1.841
   0.818
   2.733
  -1.026
   2.434
   2.497
   2.047
  -0.818
  -2.052
   1.286
  -0.104
  -5.367
  -0.823
   2.736
  -1.538
   1.646
   1.709
  -0.996
   2.460
  -1.862
  -1.816
  -1.154
   1.536
  -1.899
  -0.222
   0.603
  -3.747
   2.017
   3.412
  -1.845
  -0.152
   2.100
   0.103
   1.131
  -0.098
   0.362
   1.479
   0.988
   0.005
   1.268
   0.397
   0.317
   0.480
   3.565
   3.628
  -0.034
  -1.427
  -1.658
  -0.238
  -0.844
   2.827
  -0.499
  -2.201
  -0.606
   3.312
   2.159
  -0.895
   1.918
   1.504
  -5.113
  -1.187
   3.462
  -0.544
  -0.258
  -1.242
  -0.564
   1.506
  -0.798
  -0.538
  -2.192
   0.634
  -0.763
   2.415
   1.177
  -0.319
  -1.633
  -2.855
  -0.941
  -0.064
   1.051
  -1.276
  -0.794
  -2.190
   2.281
  -1.982
  -0.221
  -2.521
   4.081
   3.605
   0.343
   2.499
  -0.693
  -2.554
   0.260
   1.441
   2.273
  -1.569
  -1.496
   0.926
   0.631
   3.421
  -1.517
   3.155
   1.416
  -3.201
   0.931
   0.665
  -1.784
  -4.377
   1.521
  -1.980
   2.954
   1.108
  -0.687
   0.960
  -2.669
  -0.530
   1.484
   1.504
   1.851
   5.322
  -3.360
  -1.416
  -2.931
   0.137
  -4.269
   1.882
   1.691
   0.682
  -0.451
  -1.241
   1.812
   2.379
  -1.734
   3.404
   0.871
   0.463
   5.700
  -0.583
   1.848
  -1.484
   1.322
  -0.272
   1.464
   0.107
  -1.074
   3.318
   1.834
   0.597
   2.258
   2.725
   2.393
  -4.792
   0.088
  -1.424
   0.589
  -0.690
   0.337
   5.430
   8.044
   0.586
  -0.323
  -0.893
  -3.984
   0.499
  -0.951
  -1.186
  -2.108
   1.994
   1.354
  -2.505
   0.702
  -0.789
  -0.702
  -0.187
  -3.762
   0.467
   0.003
  -6.879
  -0.305
   1.032
   1.010
  -2.424
  -5.024
   0.931
   0.647
  -3.759
   0.754
   3.906
   0.026
  -2.561
   0.916
  -2.790
  -2.298
   0.666
   0.843
   0.075
   2.394
   2.000
  -0.199
  -0.765
  -0.695
  -1.669
  -2.233
  -0.866
  -0.315
  -2.523
  -1.608
   3.476
  -5.303
  -4.302
   0.935
  -0.195
   0.717
   1.620
  -0.440
   0.599
   2.538
  -1.486
  -0.602
   5.894
   1.644
   1.051
   2.923
  -2.373
  -1.340
   2.005
   5.520
   1.492
   1.255
  -1.683
   3.094
  -0.661
   2.373
   0.038
  -5.154
   2.626
  -0.878
