  -0.993
  -0.604
  -1.406
   0.267
  -0.632
  -1.428
  -0.487
   1.146
   0.452
   0.857
  -0.501
   0.341
   1.965
  -0.882
   0.077
   0.553
  -0.098
  -1.367
  -0.497
  -0.173
   1.732
   0.015
  -0.318
  -0.511
  -1.383
  -0.694
   2.499
  -0.124
   0.926
   3.536
  -2.966
  -0.403
  -0.396
  -3.716
   2.902
  -2.686
   3.014
   1.058
   0.194
  -0.518
  -2.672
  -0.712
   1.232
   0.733
  -0.219
  -0.980
   1.265
  -1.988
   1.692
   4.113
  -2.124
  -2.953
   1.030
  -5.386
   3.426
   6.261
  -1.376
  -3.350
   0.077
   0.871
   1.403
   1.028
  -0.142
  -3.836
  -1.697
   2.553
   0.762
   1.151
   2.017
   1.817
  -0.008
  -1.328
   2.101
   3.501
   0.888
   2.095
   1.071
  -3.657
   0.913
   1.593
  -2.398
  -3.662
  -3.272
  -1.964
   1.687
  -4.514
   0.026
   2.104
   2.402
   1.263
   0.236
   1.552
   0.211
   1.143
  -0.015
   0.159
   2.723
   3.723
   5.051
  -0.633
   3.451
  -0.944
  -6.015
  -8.021
  -0.207
  -4.166
   1.892
   5.865
  -0.821
   2.731
   0.343
   3.344
   0.213
  -0.291
  -1.702
  -3.067
  -1.658
  -2.937
   0.373
  -1.265
   2.141
  -2.337
  -3.678
   0.515
  -1.841
  -1.908
   0.653
  -0.656
  -3.870
  -1.723
   2.054
  -1.012
  -0.512
   1.444
  -1.293
  -2.030
  -1.700
   0.911
   4.603
  -0.114
  -1.441
   1.621
   1.752
   3.380
   1.712
  -1.230
  -0.443
  -1.288
   1.733
  -1.391
   0.176
   2.900
   6.888
   7.553
   2.482
  -0.233
  -6.936
  10.256
  -4.505
  -0.645
   8.353
   5.437
   0.852
   0.087
  -2.066
   0.622
   7.975
  -0.781
   3.228
   4.323
   1.596
   1.205
  -1.929
  -2.710
  -0.362
   0.836
  -1.750
   3.790
  -4.925
   0.481
   1.334
  -2.209
  -0.923
   4.828
  -2.480
   2.110
  -0.361
  -0.210
  -2.493
   0.432
   4.424
   2.488
   0.243
  -6.708
   3.422
   0.154
  -2.286
   2.666
  -0.441
  -1.076
   4.559
  -2.479
  -3.738
  -4.569
   0.248
  -0.970
   1.757
  -3.678
  -0.568
   4.156
  -0.170
  -1.438
  -0.210
  -1.286
  -2.052
   6.290
  -0.683
   1.067
  -3.615
   4.353
  -1.189
   1.923
  -0.280
  -0.343
   2.194
  -1.173
  -1.973
  -3.120
   1.712
   1.141
  -2.073
  -3.056
  -0.961
   3.540
   6.834
  -3.121
   1.818
  -2.661
   0.148
  -0.736
  -1.076
  -0.838
   4.567
  -0.376
  -0.768
   3.569
   0.639
  -3.590
   1.229
   0.443
  -0.224
   1.991
   2.892
   0.246
  -0.018
   2.216
  -2.293
  -0.241
   2.998
   1.030
   1.879
   2.144
  -1.506
  -1.327
   0.807
   2.076
   5.948
   0.276
  -1.885
   2.351
   4.292
  -3.742
  -0.669
  -2.026
  -2.463
   1.590
  -0.385
   0.408
  -8.458
   0.446
  -2.030
  -2.250
  -3.425
  -1.686
  -3.104
  -0.377
   1.521
   4.851
  -0.039
  -1.639
  -4.772
   1.043
   1.050
   1.884
   0.271
  -2.097
  -0.323
   1.536
   1.964
   0.659
  -1.911
  -1.278
   0.978
   0.664
   2.387
   0.192
  -0.175
   6.279
  -1.358
  -2.116
  -0.510
  -0.889
  -1.259
   0.179
   2.888
   1.120
  -1.692
  -3.231
   1.442
   1.453
  -3.298
   0.771
  -0.911
   2.885
   3.357
  -3.155
   1.612
   1.313
  -0.370
   4.780
  -0.999
   3.885
   1.248
