       0.000           0.0000
       1.000         309.4990
       2.000         642.7463
       3.000         972.7412
       4.000        1317.6160
       5.000        1606.8749
       6.000        1956.8142
       7.000        2302.9568
       8.000        2665.8967
       9.000        2997.8796
      10.000        3302.6030
      11.000        3619.1318
      12.000        3961.5134
      13.000        4333.7095
      14.000        4600.4688
      15.000        4992.6636
      16.000        5272.0903
      17.000        5654.7900
      18.000        5936.7100
      19.000        6335.4868
      20.000        6609.0186
      21.000        6744.1631
      22.000        7013.9766
      23.000        7225.6055
      24.000        7300.4805
      25.000        7361.6230
      26.000        7685.4028
      27.000        7773.4487
      28.000        8097.9429
      29.000        8158.2563
      30.000        8288.0732
      31.000        8447.6846
      32.000        8671.7920
      33.000        8734.0361
      34.000        9024.3965
      35.000        9009.7559
      36.000        9388.8174
      37.000        9508.8115
      38.000        9671.1992
      39.000        9803.0508
      40.000       10127.1904
      41.000        9906.6982
      42.000        9957.0957
      43.000       10053.0137
      44.000        9961.3252
      45.000        9857.5137
      46.000       10005.8398
      47.000       10057.8311
      48.000       10056.6260
      49.000       10043.4629
      50.000       10074.3018
      51.000        9922.2109
      52.000        9930.7617
      53.000       10026.6895
      54.000        9939.2998
      55.000       10008.2637
      56.000       10012.5225
      57.000       10042.3164
      58.000       10122.8730
      59.000       10136.5566
      60.000        9918.3945
      61.000        9924.0098
      62.000        9971.9316
      63.000        9958.4150
      64.000       10037.5156
      65.000       10092.1074
      66.000        9935.8154
      67.000        9855.5283
      68.000       10020.8955
      69.000       10000.7422
      70.000       10002.6162
      71.000       10014.2158
      72.000       10045.4189
      73.000       10105.4863
      74.000        9980.0947
      75.000       10017.8691
      76.000        9926.3877
      77.000       10110.8467
      78.000       10046.0557
      79.000       10083.0576
      80.000        9989.3906
      81.000        9965.5156
      82.000        9946.2461
      83.000       10081.6406
      84.000       10177.9365
      85.000        9993.8467
      86.000       10020.4990
      87.000        9969.3047
      88.000        9938.5273
      89.000       10187.4561
      90.000        9995.1709
      91.000       10006.0020
      92.000        9983.9609
      93.000        9969.1807
      94.000       10033.2109
      95.000       10145.0781
      96.000       10126.7383
      97.000       10068.1631
      98.000       10084.5371
      99.000       10098.0693
     100.000       10164.6602
     101.000       10053.4121
     102.000        9988.2080
     103.000        9809.6680
     104.000        9958.0059
     105.000        9908.4072
     106.000        9953.2256
     107.000       10016.0420
     108.000       10116.8643
     109.000       10086.6680
     110.000       10101.6631
     111.000       10042.0986
     112.000       10131.6260
     113.000       10206.2119
     114.000       10147.3086
     115.000       10042.1367
     116.000        9906.5195
     117.000       10018.0254
     118.000       10059.0996
     119.000        9929.9893
     120.000       10104.5381
     121.000        9997.8555
     122.000        9973.4092
     123.000       10016.5869
     124.000       10059.7979
     125.000        9988.9209
     126.000       10124.6973
     127.000        9871.1426
     128.000       10096.5527
     129.000        9894.4883
     130.000        9940.2588
     131.000       10183.0273
     132.000       10026.9775
     133.000       10026.8887
     134.000       10025.2695
     135.000       10185.9316
     136.000       10022.2090
     137.000       10138.6523
     138.000       10155.8760
     139.000        9951.5771
     140.000       10081.6338
