       0.000      -57734.6836
       1.000      -59402.9172
       2.000      -58847.9185
       3.000      -58290.4783
       4.000      -57673.3292
       5.000      -57164.0999
       6.000      -56521.3492
       7.000      -55864.8321
       8.000      -55235.0817
       9.000      -54620.5259
      10.000      -54064.9051
      11.000      -53415.6614
      12.000      -52829.7290
      13.000      -52142.7949
      14.000      -51599.6106
      15.000      -50853.8143
      16.000      -50199.2715
      17.000      -49415.1216
      18.000      -48796.5654
      19.000      -47928.8200
      20.000      -47230.5344
      21.000      -46949.6773
      22.000      -46434.8759
      23.000      -45997.5906
      24.000      -45581.5136
      25.000      -45317.8535
      26.000      -44605.4387
      27.000      -44197.3627
      28.000      -43475.7117
      29.000      -43408.4653
      30.000      -42878.2716
      31.000      -42458.1380
      32.000      -41687.5708
      33.000      -41420.8139
      34.000      -40467.0400
      35.000      -40199.6865
      36.000      -39484.0917
      37.000      -38981.2593
      38.000      -38645.0081
      39.000      -38049.5200
      40.000      -37461.1030
      41.000      -37519.5685
      42.000      -37629.6236
      43.000      -37495.9848
      44.000      -37498.2046
      45.000      -37524.1604
      46.000      -37577.0374
      47.000      -37292.3741
      48.000      -37457.4800
      49.000      -37496.7700
      50.000      -37425.8019
      51.000      -37615.7424
      52.000      -37508.1510
      53.000      -37534.3769
      54.000      -37448.6950
      55.000      -37519.3353
      56.000      -37608.8072
      57.000      -37474.9686
      58.000      -37519.9687
      59.000      -37636.2630
      60.000      -37626.1388
      61.000      -37519.5308
      62.000      -37529.9682
      63.000      -37483.9246
      64.000      -37491.0434
      65.000      -37409.2994
      66.000      -37615.7561
      67.000      -37639.6623
      68.000      -37536.4483
      69.000      -37650.9492
      70.000      -37540.6861
      71.000      -37617.8655
      72.000      -37498.4421
      73.000      -37588.7949
      74.000      -37644.6590
      75.000      -37600.1433
      76.000      -37723.6959
      77.000      -37665.2223
      78.000      -37730.0218
      79.000      -37559.0856
      80.000      -37843.5081
      81.000      -37734.4138
      82.000      -37883.1954
      83.000      -37846.5715
      84.000      -37688.5636
      85.000      -37766.9713
      86.000      -37723.7599
      87.000      -37699.7072
      88.000      -37763.5851
      89.000      -37584.3991
      90.000      -37879.2708
      91.000      -37626.1806
      92.000      -37939.6866
      93.000      -37848.0961
      94.000      -37893.4982
      95.000      -37576.7863
      96.000      -37922.8447
      97.000      -37757.3687
      98.000      -37657.5081
      99.000      -37780.0194
     100.000      -37545.9868
     101.000      -37809.0538
     102.000      -37805.1555
     103.000      -37759.7720
     104.000      -37748.7510
     105.000      -37737.5294
     106.000      -37828.9543
     107.000      -37982.2507
     108.000      -37688.4740
     109.000      -37967.1890
     110.000      -37777.0176
     111.000      -37682.4806
     112.000      -37683.6847
     113.000      -37675.3158
     114.000      -37838.2715
     115.000      -37828.3681
     116.000      -38163.0674
     117.000      -37853.9210
     118.000      -37863.9268
     119.000      -37977.1645
     120.000      -37718.4832
     121.000      -37877.2724
     122.000      -37780.2786
     123.000      -37778.5209
     124.000      -37932.3936
     125.000      -37699.1377
     126.000      -37679.9725
     127.000      -37910.1366
     128.000      -37714.3722
     129.000      -38149.9305
     130.000      -37945.5961
     131.000      -37799.1355
     132.000      -37967.9619
     133.000      -38018.8982
     134.000      -37876.9694
     135.000      -37698.5078
     136.000      -38186.0378
     137.000      -37789.9851
     138.000      -37790.1425
     139.000      -37914.1841
     140.000      -37801.0199
