       0.000       0.00
       1.000       9.26
       2.000      19.24
       3.000      29.11
       4.000      39.44
       5.000      48.09
       6.000      58.57
       7.000      68.93
       8.000      79.79
       9.000      89.73
      10.000      98.85
      11.000     108.32
      12.000     118.57
      13.000     129.71
      14.000     137.69
      15.000     149.43
      16.000     157.80
      17.000     169.25
      18.000     177.69
      19.000     189.62
      20.000     197.81
      21.000     201.86
      22.000     209.93
      23.000     216.27
      24.000     218.51
      25.000     220.34
      26.000     230.03
      27.000     232.66
      28.000     242.38
      29.000     244.18
      30.000     248.07
      31.000     252.84
      32.000     259.55
      33.000     261.41
      34.000     270.11
      35.000     269.67
      36.000     281.01
      37.000     284.60
      38.000     289.46
      39.000     293.41
      40.000     303.11
      41.000     296.51
      42.000     298.02
      43.000     300.89
      44.000     298.15
      45.000     295.04
      46.000     299.48
      47.000     301.04
      48.000     301.00
      49.000     300.61
      50.000     301.53
      51.000     296.98
      52.000     297.23
      53.000     300.10
      54.000     297.49
      55.000     299.55
      56.000     299.68
      57.000     300.57
      58.000     302.98
      59.000     303.39
      60.000     296.86
      61.000     297.03
      62.000     298.47
      63.000     298.06
      64.000     300.43
      65.000     302.06
      66.000     297.38
      67.000     294.98
      68.000     299.93
      69.000     299.33
      70.000     299.38
      71.000     299.73
      72.000     300.67
      73.000     302.46
      74.000     298.71
      75.000     299.84
      76.000     297.10
      77.000     302.62
      78.000     300.68
      79.000     301.79
      80.000     298.99
      81.000     298.27
      82.000     297.70
      83.000     301.75
      84.000     304.63
      85.000     299.12
      86.000     299.92
      87.000     298.39
      88.000     297.47
      89.000     304.92
      90.000     299.16
      91.000     299.49
      92.000     298.83
      93.000     298.38
      94.000     300.30
      95.000     303.65
      96.000     303.10
      97.000     301.35
      98.000     301.84
      99.000     302.24
     100.000     304.23
     101.000     300.90
     102.000     298.95
     103.000     293.61
     104.000     298.05
     105.000     296.56
     106.000     297.91
     107.000     299.79
     108.000     302.80
     109.000     301.90
     110.000     302.35
     111.000     300.57
     112.000     303.25
     113.000     305.48
     114.000     303.71
     115.000     300.57
     116.000     296.51
     117.000     299.85
     118.000     301.07
     119.000     297.21
     120.000     302.43
     121.000     299.24
     122.000     298.51
     123.000     299.80
     124.000     301.10
     125.000     298.97
     126.000     303.04
     127.000     295.45
     128.000     302.20
     129.000     296.15
     130.000     297.52
     131.000     304.78
     132.000     300.11
     133.000     300.11
     134.000     300.06
     135.000     304.87
     136.000     299.97
     137.000     303.46
     138.000     303.97
     139.000     297.86
     140.000     301.75
