   2.144
   0.680
   1.336
  -5.549
  -1.941
  -2.718
  -0.899
  -1.313
   2.260
   1.707
   1.163
   2.813
  -0.183
  -1.898
  -0.130
   0.118
  -0.843
  -0.205
  -2.966
  -0.972
  -0.402
  -0.459
  -3.415
   0.915
  -1.237
   2.192
  -3.249
  -0.052
   1.585
   1.969
   1.012
   0.071
   0.716
  -6.284
  -2.785
  -1.917
   2.164
   2.826
  -0.951
   1.277
  -0.845
  -2.311
   2.663
  -2.921
   4.420
   0.611
  -1.584
   3.151
   0.878
   0.558
  -1.643
   2.056
   0.397
  -1.140
  -4.396
   0.261
  -2.955
   4.741
   1.556
  -1.494
  -0.007
  -1.230
  -1.351
  -1.284
  -3.352
  -0.509
  -1.750
   1.936
  -3.507
   2.351
  -1.171
  -3.352
  -0.714
   2.060
  -0.698
   0.562
   2.398
  -2.664
   0.251
  -1.907
   1.355
   0.933
  -0.413
   1.918
   1.461
   0.687
   3.109
  -1.500
   1.748
   0.579
   1.270
   0.370
  -1.672
  -0.363
   2.162
  -1.644
   0.506
   1.453
   0.089
  -0.631
  -0.851
  -2.144
  -0.326
  -0.800
  -0.755
   3.790
  -0.895
   1.434
   1.680
  -2.958
   0.336
   0.864
  -3.191
  -0.803
  -1.996
   1.564
   1.426
  -2.180
   0.053
  -1.542
   1.357
   0.635
  -0.963
  -1.630
   1.085
  -3.190
  -0.461
  -0.122
   0.415
  -2.916
   0.770
   0.312
  -0.660
  -0.394
   0.621
  -1.222
  -3.654
  -3.401
  -0.995
  -1.350
  -2.870
   1.764
  -3.172
  -1.398
  -0.211
  -0.424
   1.997
   1.400
  -1.914
   0.723
  -0.154
  -0.586
  -1.311
   0.432
  -1.811
   3.722
  -0.322
  -1.588
  -3.547
  -3.953
  -3.152
  -0.185
  -0.203
   2.753
   1.703
  -1.438
   2.527
  -3.654
   1.931
   3.130
  -2.760
  -1.233
  -1.418
   1.384
  -0.937
  -0.195
  -4.425
  -4.253
  -0.156
   0.156
  -0.700
   3.010
  -1.322
   0.638
   1.688
   4.282
  -0.108
  -1.412
   2.277
  -5.157
  -0.020
  -1.350
  -1.039
  -1.489
  -2.750
   2.512
   0.077
   0.118
  -2.128
   1.071
   4.233
   5.175
   2.471
   3.917
   4.116
   0.945
   1.107
  -1.854
   1.156
  -3.553
  -2.960
   1.432
   1.348
  -0.606
   1.974
   0.682
  -2.183
   0.147
  -1.914
  -0.621
  -0.475
  -0.681
  -1.408
   2.092
  -0.531
  -0.405
   0.864
  -1.355
  -0.575
   1.367
   1.145
  -2.044
   1.262
   1.307
   0.573
   0.434
  -0.894
  -2.641
   3.672
  -0.662
   2.661
  -0.766
   0.367
  -0.519
   0.007
  -1.925
   0.184
  -0.773
   0.249
   6.437
  -3.033
  -2.394
   3.330
  -1.927
  -2.033
  -4.357
  -0.898
  -0.239
  -0.455
  -4.077
   0.950
   0.583
  -2.065
   0.214
  -0.319
  -4.026
   2.197
  -1.253
   0.620
  -0.676
   1.301
  -0.622
  -4.339
   2.438
  -0.421
   4.436
  -0.463
  -4.864
   2.961
  -1.533
   2.414
   3.054
  -2.647
  -1.143
  -3.354
   2.724
   2.161
   1.994
  -0.096
   3.054
   0.948
   5.004
   1.737
  -0.629
   0.996
   0.611
   0.072
  -1.317
   0.880
  -0.344
  -1.823
   3.148
   1.849
   0.327
  -0.300
  -2.198
  -0.340
   1.635
   0.742
  -1.070
   0.475
  -1.657
   4.245
   1.312
   0.715
  -1.659
  -1.358
  -0.838
  -1.693
   0.521
  -0.509
  -0.527
   1.522
   0.463
   3.906
  -0.856
   1.582
   1.041
  -5.272
  -4.196
  -1.411
  -1.767
  -1.373
