  -0.091
  -1.584
   1.206
   2.225
   2.658
   1.016
  -0.310
   0.539
  -0.488
  -2.369
   1.491
  -4.019
  -0.502
   0.144
   2.407
   2.314
   0.158
  -0.232
  -0.069
   0.976
   0.751
  -0.953
  -0.447
  -2.741
   0.290
   1.076
  -0.730
   2.347
  -0.952
  -1.308
  -3.047
   1.834
   1.626
   1.752
   3.661
   4.127
  -0.413
  -3.623
  -1.580
   2.520
   1.931
  -2.709
  -1.236
   2.635
  -2.976
  -3.195
  -2.575
   0.461
   7.090
  -5.916
  -3.079
  -3.011
   1.022
   0.839
  -0.245
  -3.106
  -1.293
   0.688
   4.623
   2.171
  -2.615
   1.021
   3.522
  -1.603
  -0.897
  -2.024
   0.978
  -0.685
  -3.319
   0.064
  -1.565
  -2.304
   0.274
  -0.024
   4.227
   0.452
  -0.696
  -0.073
  -2.954
   0.885
   1.412
  -2.863
   0.479
  -2.118
   4.744
  -1.162
   1.926
   1.794
   2.795
   2.748
   0.187
   2.747
   0.905
   0.530
   2.751
  -0.738
  -1.053
  -2.029
  -0.226
   0.807
   1.993
  -1.434
   0.626
   2.751
   0.970
   3.750
  -3.363
  -0.270
  -0.054
   1.716
  -1.163
   3.504
  -3.676
  -4.161
   1.490
   0.951
   1.955
  -2.258
  -2.673
   0.656
  -2.287
  -2.022
  -2.715
  -1.148
   0.730
   0.123
  -0.993
   0.024
   1.717
  -3.004
   0.723
   1.096
   1.213
  -1.243
   1.241
   1.710
  -0.533
  -1.392
  -0.775
   0.828
  -1.772
   1.119
  -0.065
   0.872
   0.868
  -2.309
   1.106
   1.319
   1.873
  -1.271
   1.273
   3.913
   0.754
  -0.382
   1.271
   0.733
   1.350
  -2.766
  -1.593
   0.235
   0.700
   1.564
  -1.178
   3.055
   0.121
   0.340
   0.875
   3.462
  -1.589
   0.877
  -0.866
   1.707
   0.650
  -1.391
   0.951
   0.327
   1.905
   0.430
   1.069
  -1.077
  -1.128
  -0.593
  -0.151
  -2.649
  -0.921
   0.578
   0.005
   2.011
  -1.764
   1.241
   2.620
  -3.159
  -1.315
   0.736
   0.704
   1.232
   1.603
  -4.477
  -1.246
   3.385
   3.117
  -1.949
   2.954
  -1.253
   6.287
  -0.034
   0.924
  -4.886
   2.361
   2.216
  -4.616
   2.764
   4.699
   2.950
  -4.544
   0.449
  -1.455
  -1.748
  -0.397
  -2.530
  -0.066
   0.969
   1.310
   1.326
   1.692
   1.832
   0.908
  -6.419
   0.793
   3.784
   3.069
  -1.018
  -1.545
  -3.973
   3.048
   1.974
   0.457
   0.930
  -1.855
   3.608
   3.515
   0.300
   0.987
   1.277
  -0.963
   2.110
  -0.018
   0.347
   0.047
  -0.061
  -0.483
   1.564
   2.829
  -1.680
   0.108
   0.729
   0.955
  -1.545
   0.147
   3.389
  -3.375
  -3.500
  -1.386
   2.020
  -0.579
   1.260
   2.018
   1.918
  -2.664
   1.919
  -0.118
  -1.567
   0.161
  -0.384
  -0.340
  -0.590
   2.601
  -1.856
  -0.156
   0.436
  -3.736
   1.849
  -2.693
   1.298
  -0.912
   0.611
   0.837
  -1.164
   3.186
   1.112
  -0.694
   0.884
  -0.495
   0.858
   2.324
  -1.347
  -5.264
  -2.080
  -2.270
  -5.413
   0.464
   5.766
   5.584
  -1.145
  -3.816
  -5.591
   0.990
   6.739
  -1.194
   1.999
   5.521
   2.737
   0.736
  -0.902
  -2.376
  -2.778
   0.574
  -1.597
   0.496
  -1.904
   4.307
   0.005
   3.634
  -1.779
  -0.507
   1.235
   0.720
   1.014
   0.486
  -0.222
   1.140
   1.355
  -1.810
