   15100.000        9075.4473
   15200.000        9084.0723
   15300.000        9174.4521
   15400.000        8986.6836
   15500.000        9094.3730
   15600.000        9130.7217
   15700.000        9016.7051
   15800.000        9038.7285
   15900.000        9169.1787
   16000.000        9069.3506
   16100.000        9193.6172
   16200.000        9038.5244
   16300.000        9152.3203
   16400.000        9136.7363
   16500.000        9135.0498
   16600.000        9140.7217
   16700.000        9035.7100
   16800.000        8936.9492
   16900.000        9057.9219
   17000.000        9142.6562
   17100.000        9025.5625
   17200.000        9176.2803
   17300.000        9189.1777
   17400.000        9092.5547
   17500.000        9260.0215
   17600.000        9306.6348
   17700.000        9048.4072
   17800.000        9169.3418
   17900.000        9144.1562
   18000.000        9181.0264
   18100.000        9086.1797
   18200.000        9102.1074
   18300.000        9190.8252
   18400.000        9079.6016
   18500.000        9116.5107
   18600.000        9107.2500
   18700.000        9119.3662
   18800.000        9072.2002
   18900.000        9123.3184
   19000.000        9092.9453
   19100.000        9121.0107
   19200.000        9289.7852
   19300.000        9176.8984
   19400.000        9045.2666
   19500.000        9071.8135
   19600.000        9063.3457
   19700.000        9161.5732
   19800.000        9194.3174
   19900.000        9123.7881
   20000.000        9069.7197
   20100.000        9058.7402
   20200.000        9090.3223
   20300.000        9246.0049
   20400.000        9039.5850
   20500.000        9260.6582
   20600.000        9017.0273
   20700.000        9218.7871
   20800.000        9144.4004
   20900.000        9209.8750
   21000.000        9245.0645
   21100.000        9093.9785
   21200.000        9036.1982
   21300.000        9015.6562
   21400.000        8995.4893
   21500.000        9159.3652
   21600.000        9217.2646
   21700.000        9077.4629
   21800.000        9121.0342
   21900.000        9073.0615
   22000.000        9186.1445
   22100.000        9235.4229
   22200.000        9277.2266
   22300.000        9217.8975
   22400.000        8912.3330
   22500.000        9169.9229
   22600.000        9107.5938
   22700.000        9174.1240
   22800.000        9138.6006
   22900.000        9077.7529
   23000.000        9117.4258
   23100.000        9019.2539
   23200.000        9049.3125
   23300.000        9059.4277
   23400.000        9135.1406
   23500.000        9177.4551
   23600.000        8998.0742
   23700.000        9193.9785
   23800.000        9167.7266
   23900.000        9257.7295
   24000.000        9147.0537
   24100.000        9160.0635
   24200.000        9152.7500
   24300.000        9237.5117
   24400.000        8990.8027
   24500.000        9190.3867
   24600.000        9105.3604
   24700.000        9278.4570
   24800.000        9245.7910
   24900.000        9072.4941
   25000.000        9129.1865
   25100.000        9203.5732
   25200.000        9239.1094
   25300.000        9101.9512
   25400.000        9117.2803
   25500.000        9149.0410
   25600.000        9059.0430
   25700.000        9195.7031
   25800.000        9226.0459
   25900.000        9152.3057
   26000.000        9171.9600
   26100.000        9164.0137
   26200.000        9248.5020
   26300.000        9108.5195
   26400.000        9166.4746
   26500.000        9114.5957
   26600.000        9131.6426
   26700.000        9152.5957
   26800.000        9278.4775
   26900.000        9230.7715
   27000.000        9028.8594
   27100.000        9018.3633
   27200.000        9020.9854
   27300.000        9189.5137
   27400.000        9215.4805
   27500.000        9121.8203
   27600.000        9001.3389
   27700.000        9222.1475
   27800.000        9270.0879
   27900.000        9063.7881
   28000.000        9080.2549
   28100.000        9097.9473
   28200.000        9089.7822
   28300.000        9146.2441
   28400.000        9173.7236
   28500.000        9164.4961
   28600.000        9020.8525
   28700.000        9197.8164
   28800.000        9032.7197
   28900.000        9179.8271
   29000.000        9075.2344
   29100.000        9035.4951
   29200.000        9237.7412
   29300.000        9206.8447
   29400.000        9258.6250
   29500.000        9162.5010
   29600.000        9133.2539
   29700.000        9201.2461
   29800.000        9198.4961
   29900.000        9119.2305
   30000.000        9092.9004
   30100.000        9181.8926
   30200.000        9206.5176
   30300.000        9153.8799
   30400.000        9108.2246
   30500.000        9121.2119
   30600.000        8941.1221
   30700.000        9182.7422
   30800.000        9065.7119
   30900.000        9107.5625
   31000.000        9046.2021
   31100.000        9192.9971
   31200.000        9191.6104
   31300.000        9070.2998
   31400.000        9158.4756
   31500.000        9081.6016
   31600.000        9293.4648
   31700.000        9170.4121
   31800.000        9209.5889
   31900.000        9087.5459
   32000.000        9131.0039
   32100.000        9168.8135
   32200.000        9071.8174
   32300.000        9006.6875
   32400.000        9161.4590
   32500.000        9012.7617
   32600.000        9120.6943
   32700.000        9070.3203
   32800.000        9138.1143
   32900.000        9222.2012
   33000.000        9178.6436
   33100.000        9151.1865
   33200.000        9019.1826
   33300.000        9041.3672
   33400.000        9095.7510
   33500.000        9154.1318
   33600.000        9117.9746
   33700.000        9146.7041
   33800.000        9095.1670
   33900.000        9074.9414
   34000.000        9027.1562
   34100.000        9135.2490
   34200.000        9082.5547
   34300.000        9198.1904
   34400.000        9228.1826
   34500.000        9122.3320
   34600.000        8977.6797
   34700.000        9117.3301
   34800.000        8998.6748
   34900.000        9208.7100
   35000.000        9106.0674
