   15100.000      -44110.2856
   15200.000      -44062.1676
   15300.000      -44378.0657
   15400.000      -44174.1832
   15500.000      -44069.7084
   15600.000      -44251.2616
   15700.000      -44176.6755
   15800.000      -44316.0405
   15900.000      -44277.9338
   16000.000      -44168.3047
   16100.000      -44172.3340
   16200.000      -44211.4953
   16300.000      -44341.4706
   16400.000      -44059.9712
   16500.000      -44237.3693
   16600.000      -44149.5368
   16700.000      -44097.7261
   16800.000      -44178.9195
   16900.000      -44169.2001
   17000.000      -44181.5852
   17100.000      -44176.7501
   17200.000      -44225.1377
   17300.000      -44236.1488
   17400.000      -43953.7630
   17500.000      -44054.2803
   17600.000      -44111.2615
   17700.000      -44042.2116
   17800.000      -44194.6975
   17900.000      -44111.2110
   18000.000      -44245.3547
   18100.000      -44287.7247
   18200.000      -44090.9816
   18300.000      -44060.8682
   18400.000      -44100.2778
   18500.000      -44091.4197
   18600.000      -44234.6133
   18700.000      -43935.9034
   18800.000      -44202.1611
   18900.000      -44091.4867
   19000.000      -44011.7131
   19100.000      -44229.1619
   19200.000      -43990.8268
   19300.000      -44177.3740
   19400.000      -44021.3576
   19500.000      -44061.2408
   19600.000      -44092.6585
   19700.000      -44049.5756
   19800.000      -44395.2747
   19900.000      -44151.0811
   20000.000      -44136.5062
   20100.000      -44159.2708
   20200.000      -44292.8507
   20300.000      -44190.4048
   20400.000      -44130.7907
   20500.000      -44111.8491
   20600.000      -44012.2129
   20700.000      -44180.4256
   20800.000      -44020.8063
   20900.000      -44020.0304
   21000.000      -44078.9709
   21100.000      -43976.2549
   21200.000      -44000.8027
   21300.000      -43960.3448
   21400.000      -44192.4499
   21500.000      -44115.3556
   21600.000      -44092.0989
   21700.000      -44168.5238
   21800.000      -44176.7997
   21900.000      -44033.4696
   22000.000      -44204.0467
   22100.000      -44085.8408
   22200.000      -44123.0727
   22300.000      -44172.1970
   22400.000      -44227.7879
   22500.000      -44156.9714
   22600.000      -44096.4595
   22700.000      -44110.9528
   22800.000      -44214.0361
   22900.000      -44266.1429
   23000.000      -44227.4871
   23100.000      -44228.0123
   23200.000      -44133.0420
   23300.000      -44021.8428
   23400.000      -44224.2595
   23500.000      -44269.2072
   23600.000      -44288.6297
   23700.000      -44021.8310
   23800.000      -44140.6448
   23900.000      -44249.7227
   24000.000      -44208.4201
   24100.000      -44355.2830
   24200.000      -44067.4003
   24300.000      -43987.6699
   24400.000      -44126.4564
   24500.000      -44140.6748
   24600.000      -44181.2075
   24700.000      -44159.6785
   24800.000      -44170.3541
   24900.000      -44231.4267
   25000.000      -44056.4855
   25100.000      -44147.7822
   25200.000      -44018.1274
   25300.000      -44245.1748
   25400.000      -44186.5907
   25500.000      -44152.0755
   25600.000      -43986.7994
   25700.000      -44095.5937
   25800.000      -44059.1146
   25900.000      -44175.9820
   26000.000      -44120.4227
   26100.000      -44038.9644
   26200.000      -44177.0087
   26300.000      -44083.6797
   26400.000      -44183.3379
   26500.000      -44139.6958
   26600.000      -44080.5409
   26700.000      -44157.3643
   26800.000      -44335.9659
   26900.000      -44159.8172
   27000.000      -43916.8837
   27100.000      -44125.5935
   27200.000      -44178.9830
   27300.000      -44174.7573
   27400.000      -44127.5617
   27500.000      -44083.7101
   27600.000      -44167.2536
   27700.000      -44088.1142
   27800.000      -44214.7125
   27900.000      -43968.0814
   28000.000      -44117.7706
   28100.000      -44068.8379
   28200.000      -44325.6706
   28300.000      -44020.8079
   28400.000      -44183.0762
   28500.000      -44181.0085
   28600.000      -44133.7917
   28700.000      -44153.0312
   28800.000      -44233.9776
   28900.000      -44292.3384
   29000.000      -44077.0441
   29100.000      -43935.5093
   29200.000      -44099.7343
   29300.000      -43994.0789
   29400.000      -44211.4341
   29500.000      -44256.4806
   29600.000      -44182.4109
   29700.000      -44199.9772
   29800.000      -44241.4788
   29900.000      -44119.6911
   30000.000      -44067.1900
   30100.000      -44259.6911
   30200.000      -43992.7667
   30300.000      -44066.1079
   30400.000      -44034.5027
   30500.000      -44115.6550
   30600.000      -44108.6784
   30700.000      -44116.9244
   30800.000      -44121.4728
   30900.000      -44166.1408
   31000.000      -44145.9542
   31100.000      -44054.4206
   31200.000      -44091.5851
   31300.000      -44076.9559
   31400.000      -44268.3452
   31500.000      -44054.3260
   31600.000      -44093.9841
   31700.000      -44098.5322
   31800.000      -44099.1932
   31900.000      -44009.9986
   32000.000      -44246.9421
   32100.000      -44059.5670
   32200.000      -44132.9860
   32300.000      -44269.8756
   32400.000      -44253.1649
   32500.000      -44125.4221
   32600.000      -44272.6779
   32700.000      -44195.9840
   32800.000      -44143.2292
   32900.000      -44109.3518
   33000.000      -44106.1902
   33100.000      -44045.5186
   33200.000      -44185.3298
   33300.000      -44143.9784
   33400.000      -44049.9595
   33500.000      -44230.5220
   33600.000      -44061.3392
   33700.000      -44257.4007
   33800.000      -44151.7435
   33900.000      -43961.2140
   34000.000      -43983.5757
   34100.000      -44351.1266
   34200.000      -44165.1266
   34300.000      -44033.4629
   34400.000      -44165.8266
   34500.000      -44099.6726
   34600.000      -44096.3796
   34700.000      -44198.0654
   34800.000      -44032.6887
   34900.000      -44313.6303
   35000.000      -44253.9714
