   15100.000      -35034.8383
   15200.000      -34978.0953
   15300.000      -35203.6136
   15400.000      -35187.4996
   15500.000      -34975.3353
   15600.000      -35120.5399
   15700.000      -35159.9704
   15800.000      -35277.3120
   15900.000      -35108.7551
   16000.000      -35098.9541
   16100.000      -34978.7168
   16200.000      -35172.9709
   16300.000      -35189.1503
   16400.000      -34923.2349
   16500.000      -35102.3195
   16600.000      -35008.8151
   16700.000      -35062.0162
   16800.000      -35241.9703
   16900.000      -35111.2782
   17000.000      -35038.9290
   17100.000      -35151.1876
   17200.000      -35048.8575
   17300.000      -35046.9711
   17400.000      -34861.2083
   17500.000      -34794.2589
   17600.000      -34804.6268
   17700.000      -34993.8044
   17800.000      -35025.3557
   17900.000      -34967.0547
   18000.000      -35064.3283
   18100.000      -35201.5450
   18200.000      -34988.8741
   18300.000      -34870.0430
   18400.000      -35020.6763
   18500.000      -34974.9090
   18600.000      -35127.3633
   18700.000      -34816.5372
   18800.000      -35129.9609
   18900.000      -34968.1683
   19000.000      -34918.7678
   19100.000      -35108.1512
   19200.000      -34701.0416
   19300.000      -35000.4755
   19400.000      -34976.0910
   19500.000      -34989.4273
   19600.000      -35029.3128
   19700.000      -34888.0024
   19800.000      -35200.9573
   19900.000      -35027.2930
   20000.000      -35066.7864
   20100.000      -35100.5306
   20200.000      -35202.5284
   20300.000      -34944.3999
   20400.000      -35091.2057
   20500.000      -34851.1909
   20600.000      -34995.1855
   20700.000      -34961.6385
   20800.000      -34876.4060
   20900.000      -34810.1554
   21000.000      -34833.9065
   21100.000      -34882.2763
   21200.000      -34964.6044
   21300.000      -34944.6885
   21400.000      -35196.9606
   21500.000      -34955.9904
   21600.000      -34874.8343
   21700.000      -35091.0609
   21800.000      -35055.7655
   21900.000      -34960.4081
   22000.000      -35017.9022
   22100.000      -34850.4179
   22200.000      -34845.8461
   22300.000      -34954.2996
   22400.000      -35315.4549
   22500.000      -34987.0485
   22600.000      -34988.8658
   22700.000      -34936.8288
   22800.000      -35075.4355
   22900.000      -35188.3900
   23000.000      -35110.0613
   23100.000      -35208.7584
   23200.000      -35083.7295
   23300.000      -34962.4151
   23400.000      -35089.1188
   23500.000      -35091.7521
   23600.000      -35290.5555
   23700.000      -34827.8525
   23800.000      -34972.9182
   23900.000      -34991.9932
   24000.000      -35061.3664
   24100.000      -35195.2196
   24200.000      -34914.6503
   24300.000      -34750.1582
   24400.000      -35135.6537
   24500.000      -34950.2880
   24600.000      -35075.8471
   24700.000      -34881.2214
   24800.000      -34924.5631
   24900.000      -35158.9326
   25000.000      -34927.2990
   25100.000      -34944.2090
   25200.000      -34779.0180
   25300.000      -35143.2236
   25400.000      -35069.3104
   25500.000      -35003.0345
   25600.000      -34927.7565
   25700.000      -34899.8905
   25800.000      -34833.0687
   25900.000      -35023.6764
   26000.000      -34948.4627
   26100.000      -34874.9508
   26200.000      -34928.5068
   26300.000      -34975.1601
   26400.000      -35016.8633
   26500.000      -35025.1001
   26600.000      -34948.8983
   26700.000      -35004.7686
   26800.000      -35057.4884
   26900.000      -34929.0457
   27000.000      -34888.0244
   27100.000      -35107.2302
   27200.000      -35157.9977
   27300.000      -34985.2436
   27400.000      -34912.0812
   27500.000      -34961.8897
   27600.000      -35165.9148
   27700.000      -34865.9667
   27800.000      -34944.6247
   27900.000      -34904.2933
   28000.000      -35037.5158
   28100.000      -34970.8907
   28200.000      -35235.8884
   28300.000      -34874.5638
   28400.000      -35009.3526
   28500.000      -35016.5124
   28600.000      -35112.9392
   28700.000      -34955.2148
   28800.000      -35201.2578
   28900.000      -35112.5112
   29000.000      -35001.8097
   29100.000      -34900.0142
   29200.000      -34861.9931
   29300.000      -34787.2342
   29400.000      -34952.8091
   29500.000      -35093.9797
   29600.000      -35049.1570
   29700.000      -34998.7311
   29800.000      -35042.9827
   29900.000      -35000.4606
   30000.000      -34974.2897
   30100.000      -35077.7985
   30200.000      -34786.2491
   30300.000      -34912.2281
   30400.000      -34926.2781
   30500.000      -34994.4431
   30600.000      -35167.5564
   30700.000      -34934.1822
   30800.000      -35055.7609
   30900.000      -35058.5783
   31000.000      -35099.7521
   31100.000      -34861.4235
   31200.000      -34899.9748
   31300.000      -35006.6561
   31400.000      -35109.8696
   31500.000      -34972.7244
   31600.000      -34800.5192
   31700.000      -34928.1201
   31800.000      -34889.6044
   31900.000      -34922.4527
   32000.000      -35115.9382
   32100.000      -34890.7535
   32200.000      -35061.1686
   32300.000      -35263.1881
   32400.000      -35091.7059
   32500.000      -35112.6604
   32600.000      -35151.9836
   32700.000      -35125.6637
   32800.000      -35005.1149
   32900.000      -34887.1506
   33000.000      -34927.5467
   33100.000      -34894.3321
   33200.000      -35166.1472
   33300.000      -35102.6112
   33400.000      -34954.2085
   33500.000      -35076.3901
   33600.000      -34943.3646
   33700.000      -35110.6966
   33800.000      -35056.5765
   33900.000      -34886.2726
   34000.000      -34956.4195
   34100.000      -35215.8776
   34200.000      -35082.5719
   34300.000      -34835.2724
   34400.000      -34937.6440
   34500.000      -34977.3406
   34600.000      -35118.6999
   34700.000      -35080.7353
   34800.000      -35034.0139
   34900.000      -35104.9204
   35000.000      -35147.9040
