   15100.000     299.10
   15200.000     299.39
   15300.000     302.36
   15400.000     296.18
   15500.000     299.72
   15600.000     300.92
   15700.000     297.16
   15800.000     297.89
   15900.000     302.19
   16000.000     298.90
   16100.000     303.00
   16200.000     297.88
   16300.000     301.63
   16400.000     301.12
   16500.000     301.07
   16600.000     301.25
   16700.000     297.79
   16800.000     294.54
   16900.000     298.52
   17000.000     301.32
   17100.000     297.46
   17200.000     302.42
   17300.000     302.85
   17400.000     299.66
   17500.000     305.18
   17600.000     306.72
   17700.000     298.21
   17800.000     302.20
   17900.000     301.37
   18000.000     302.58
   18100.000     299.45
   18200.000     299.98
   18300.000     302.90
   18400.000     299.24
   18500.000     300.45
   18600.000     300.15
   18700.000     300.55
   18800.000     298.99
   18900.000     300.68
   19000.000     299.68
   19100.000     300.60
   19200.000     306.16
   19300.000     302.44
   19400.000     298.11
   19500.000     298.98
   19600.000     298.70
   19700.000     301.94
   19800.000     303.02
   19900.000     300.69
   20000.000     298.91
   20100.000     298.55
   20200.000     299.59
   20300.000     304.72
   20400.000     297.92
   20500.000     305.20
   20600.000     297.18
   20700.000     303.82
   20800.000     301.37
   20900.000     303.53
   21000.000     304.69
   21100.000     299.71
   21200.000     297.81
   21300.000     297.13
   21400.000     296.47
   21500.000     301.87
   21600.000     303.77
   21700.000     299.17
   21800.000     300.60
   21900.000     299.02
   22000.000     302.75
   22100.000     304.37
   22200.000     305.75
   22300.000     303.80
   22400.000     293.73
   22500.000     302.21
   22600.000     300.16
   22700.000     302.35
   22800.000     301.18
   22900.000     299.18
   23000.000     300.48
   23100.000     297.25
   23200.000     298.24
   23300.000     298.57
   23400.000     301.07
   23500.000     302.46
   23600.000     296.55
   23700.000     303.01
   23800.000     302.14
   23900.000     305.11
   24000.000     301.46
   24100.000     301.89
   24200.000     301.65
   24300.000     304.44
   24400.000     296.31
   24500.000     302.89
   24600.000     300.09
   24700.000     305.79
   24800.000     304.71
   24900.000     299.00
   25000.000     300.87
   25100.000     303.32
   25200.000     304.49
   25300.000     299.97
   25400.000     300.48
   25500.000     301.53
   25600.000     298.56
   25700.000     303.06
   25800.000     304.06
   25900.000     301.63
   26000.000     302.28
   26100.000     302.02
   26200.000     304.80
   26300.000     300.19
   26400.000     302.10
   26500.000     300.39
   26600.000     300.95
   26700.000     301.64
   26800.000     305.79
   26900.000     304.22
   27000.000     297.57
   27100.000     297.22
   27200.000     297.31
   27300.000     302.86
   27400.000     303.72
   27500.000     300.63
   27600.000     296.66
   27700.000     303.94
   27800.000     305.52
   27900.000     298.72
   28000.000     299.26
   28100.000     299.84
   28200.000     299.57
   28300.000     301.43
   28400.000     302.34
   28500.000     302.04
   28600.000     297.30
   28700.000     303.13
   28800.000     297.69
   28900.000     302.54
   29000.000     299.09
   29100.000     297.78
   29200.000     304.45
   29300.000     303.43
   29400.000     305.14
   29500.000     301.97
   29600.000     301.01
   29700.000     303.25
   29800.000     303.16
   29900.000     300.54
   30000.000     299.68
   30100.000     302.61
   30200.000     303.42
   30300.000     301.69
   30400.000     300.18
   30500.000     300.61
   30600.000     294.67
   30700.000     302.64
   30800.000     298.78
   30900.000     300.16
   31000.000     298.14
   31100.000     302.97
   31200.000     302.93
   31300.000     298.93
   31400.000     301.84
   31500.000     299.30
   31600.000     306.29
   31700.000     302.23
   31800.000     303.52
   31900.000     299.50
   32000.000     300.93
   32100.000     302.18
   32200.000     298.98
   32300.000     296.83
   32400.000     301.94
   32500.000     297.03
   32600.000     300.59
   32700.000     298.93
   32800.000     301.17
   32900.000     303.94
   33000.000     302.50
   33100.000     301.60
   33200.000     297.25
   33300.000     297.98
   33400.000     299.77
   33500.000     301.69
   33600.000     300.50
   33700.000     301.45
   33800.000     299.75
   33900.000     299.08
   34000.000     297.51
   34100.000     301.07
   34200.000     299.34
   34300.000     303.15
   34400.000     304.13
   34500.000     300.65
   34600.000     295.88
   34700.000     300.48
   34800.000     296.57
   34900.000     303.49
   35000.000     300.11
