   15100.000        8919.1553
   15200.000        9284.3252
   15300.000        9282.0400
   15400.000        9234.8574
   15500.000        9050.9307
   15600.000        9056.4092
   15700.000        9164.6299
   15800.000        9268.0898
   15900.000        9176.5195
   16000.000        9202.7773
   16100.000        9015.5713
   16200.000        9131.1299
   16300.000        9056.6562
   16400.000        9170.9023
   16500.000        9044.7461
   16600.000        9103.9805
   16700.000        9124.0850
   16800.000        9199.7441
   16900.000        9250.5537
   17000.000        9234.9893
   17100.000        9146.6113
   17200.000        9206.6426
   17300.000        9094.8828
   17400.000        9126.5625
   17500.000        9079.0146
   17600.000        9208.0400
   17700.000        8982.0977
   17800.000        9127.1211
   17900.000        9136.3750
   18000.000        9184.7969
   18100.000        9018.4805
   18200.000        9120.5742
   18300.000        9250.4697
   18400.000        9108.9453
   18500.000        9279.9775
   18600.000        9208.0840
   18700.000        9294.3086
   18800.000        9262.7109
   18900.000        9208.5244
   19000.000        9242.3232
   19100.000        9174.2080
   19200.000        9050.0605
   19300.000        9164.7734
   19400.000        9123.1182
   19500.000        9036.0488
   19600.000        9188.5674
   19700.000        9185.2217
   19800.000        9269.9355
   19900.000        9193.9766
   20000.000        9061.5469
   20100.000        9185.6104
   20200.000        9318.7793
   20300.000        9147.0840
   20400.000        9074.7734
   20500.000        9222.7891
   20600.000        9152.7305
   20700.000        9193.4199
   20800.000        9087.2168
   20900.000        9136.1758
   21000.000        9200.2305
   21100.000        9140.6406
   21200.000        9057.7793
   21300.000        9166.8809
   21400.000        9202.3809
   21500.000        9089.0752
   21600.000        9164.3818
   21700.000        9202.1465
   21800.000        9065.5293
   21900.000        9222.2197
   22000.000        9169.4951
   22100.000        9164.8105
   22200.000        9013.5859
   22300.000        9201.1602
   22400.000        9181.8984
   22500.000        9229.5186
   22600.000        8984.1465
   22700.000        9177.8916
   22800.000        9200.8018
   22900.000        9264.7871
   23000.000        9138.4238
   23100.000        9125.8203
   23200.000        8971.7881
   23300.000        9158.1348
   23400.000        9211.3096
   23500.000        9145.1797
   23600.000        9093.5625
   23700.000        9203.6055
   23800.000        9037.8057
   23900.000        9256.0312
   24000.000        9120.1025
   24100.000        9050.4961
   24200.000        9112.4512
   24300.000        9129.9062
   24400.000        9081.7988
   24500.000        9105.5391
   24600.000        9085.3262
   24700.000        9223.6406
   24800.000        9051.4580
   24900.000        9118.5732
   25000.000        9186.5020
   25100.000        9181.7500
   25200.000        9056.2188
   25300.000        8992.4854
   25400.000        9324.9834
   25500.000        9076.5664
   25600.000        9154.0371
   25700.000        9118.4219
   25800.000        9268.5977
   25900.000        8983.7871
   26000.000        9195.1914
   26100.000        9171.0566
   26200.000        9199.7578
   26300.000        9172.4834
   26400.000        9035.5449
   26500.000        9178.2686
   26600.000        9144.7607
   26700.000        9134.4609
   26800.000        9207.2061
   26900.000        9239.5693
   27000.000        9062.1738
   27100.000        9116.9873
   27200.000        9165.7021
   27300.000        9247.7383
   27400.000        9140.8604
   27500.000        9180.7812
   27600.000        9078.3594
   27700.000        9032.4756
   27800.000        9169.5869
   27900.000        9113.3945
   28000.000        9132.0117
   28100.000        9115.0215
   28200.000        9104.9189
   28300.000        9126.1348
   28400.000        9179.8174
   28500.000        9045.2646
   28600.000        9127.4766
   28700.000        9168.5176
   28800.000        9063.0479
   28900.000        9124.6152
   29000.000        9184.9277
   29100.000        9233.6084
   29200.000        9152.9375
   29300.000        9147.4189
   29400.000        9128.7168
   29500.000        9097.6357
   29600.000        9212.5684
   29700.000        9031.1025
   29800.000        9119.6611
   29900.000        9273.2959
   30000.000        9077.9922
   30100.000        9013.9492
   30200.000        9002.9775
   30300.000        9016.0752
   30400.000        9170.1914
   30500.000        9098.4570
   30600.000        9115.2021
   30700.000        9066.7666
   30800.000        9073.6104
   30900.000        9097.6367
   31000.000        9236.4521
   31100.000        9251.3105
   31200.000        9082.3438
   31300.000        9061.6650
   31400.000        9117.6230
   31500.000        9204.4697
   31600.000        9159.0029
   31700.000        9159.2607
   31800.000        9112.5010
   31900.000        9308.5830
   32000.000        9115.1670
   32100.000        9164.1680
   32200.000        9172.8428
   32300.000        9132.9971
   32400.000        9128.9014
   32500.000        9134.8154
   32600.000        9179.0898
   32700.000        9204.1113
   32800.000        9088.7412
   32900.000        9156.8154
   33000.000        9205.7324
   33100.000        9189.5049
   33200.000        9021.4062
   33300.000        9077.5898
   33400.000        9021.5410
   33500.000        9058.0322
   33600.000        9108.8701
   33700.000        9221.0098
   33800.000        9125.4844
   33900.000        9138.2197
   34000.000        9154.2090
   34100.000        9087.4072
   34200.000        9245.6533
   34300.000        9151.9873
   34400.000        9134.9375
   34500.000        9141.3262
   34600.000        8888.1104
   34700.000        9107.4580
   34800.000        9004.5596
   34900.000        9139.0264
   35000.000        9267.9297
