   15100.000      -43762.9103
   15200.000      -43720.3828
   15300.000      -43850.8562
   15400.000      -43771.0151
   15500.000      -43803.3688
   15600.000      -43834.3622
   15700.000      -43764.7235
   15800.000      -43857.1465
   15900.000      -43879.9220
   16000.000      -43782.7236
   16100.000      -43740.5214
   16200.000      -43938.0732
   16300.000      -43642.9980
   16400.000      -43758.0186
   16500.000      -43726.1865
   16600.000      -43968.2263
   16700.000      -43769.6273
   16800.000      -43618.3917
   16900.000      -43845.7376
   17000.000      -43666.5334
   17100.000      -44084.3081
   17200.000      -43713.0488
   17300.000      -43862.1864
   17400.000      -43689.9853
   17500.000      -43809.2940
   17600.000      -43801.1304
   17700.000      -43656.4853
   17800.000      -43799.6750
   17900.000      -43763.5042
   18000.000      -43938.2108
   18100.000      -43803.4599
   18200.000      -43758.0632
   18300.000      -43693.3517
   18400.000      -43826.6594
   18500.000      -43732.3324
   18600.000      -43709.7731
   18700.000      -43738.7807
   18800.000      -43679.3340
   18900.000      -43793.1265
   19000.000      -43810.5598
   19100.000      -43740.0691
   19200.000      -43824.1889
   19300.000      -43823.5125
   19400.000      -43795.9827
   19500.000      -43539.7298
   19600.000      -43832.9890
   19700.000      -43799.7139
   19800.000      -43850.6181
   19900.000      -43826.9080
   20000.000      -43756.6896
   20100.000      -43547.6725
   20200.000      -43589.9464
   20300.000      -43772.0152
   20400.000      -43879.6034
   20500.000      -43737.4573
   20600.000      -43840.1355
   20700.000      -43720.3681
   20800.000      -43751.0810
   20900.000      -43847.3852
   21000.000      -44001.9170
   21100.000      -43730.6418
   21200.000      -43930.3564
   21300.000      -43808.9660
   21400.000      -43871.1541
   21500.000      -43978.4233
   21600.000      -43847.7603
   21700.000      -43884.4987
   21800.000      -43862.2192
   21900.000      -43674.3584
   22000.000      -43621.5033
   22100.000      -43797.9510
   22200.000      -43867.8255
   22300.000      -43591.1890
   22400.000      -43701.3643
   22500.000      -43802.6163
   22600.000      -43748.9329
   22700.000      -43841.5931
   22800.000      -43759.9281
   22900.000      -43822.9801
   23000.000      -43628.4476
   23100.000      -43859.4313
   23200.000      -43860.1977
   23300.000      -43717.3125
   23400.000      -43792.4456
   23500.000      -43785.9289
   23600.000      -43733.1610
   23700.000      -43862.0296
   23800.000      -43828.0625
   23900.000      -43818.4639
   24000.000      -43776.2502
   24100.000      -43837.8462
   24200.000      -43833.9060
   24300.000      -43575.0205
   24400.000      -43888.7503
   24500.000      -43751.5329
   24600.000      -43852.4725
   24700.000      -43828.8515
   24800.000      -43845.2089
   24900.000      -43664.4066
   25000.000      -43743.2869
   25100.000      -43945.0581
   25200.000      -43772.8416
   25300.000      -43701.0423
   25400.000      -43767.2742
   25500.000      -43784.9954
   25600.000      -43895.8460
   25700.000      -43858.0067
   25800.000      -43587.3291
   25900.000      -43826.1819
   26000.000      -43862.7037
   26100.000      -43730.4420
   26200.000      -43661.0270
   26300.000      -44002.5489
   26400.000      -43758.6737
   26500.000      -43832.0040
   26600.000      -43723.2421
   26700.000      -43781.1030
   26800.000      -43595.2349
   26900.000      -43712.9834
   27000.000      -43852.0548
   27100.000      -43548.7570
   27200.000      -43855.4738
   27300.000      -43821.2753
   27400.000      -43754.4654
   27500.000      -43558.1107
   27600.000      -43791.2397
   27700.000      -43802.7648
   27800.000      -43734.0084
   27900.000      -43770.2009
   28000.000      -43738.6910
   28100.000      -43788.1597
   28200.000      -43839.3494
   28300.000      -43822.7641
   28400.000      -43865.7729
   28500.000      -43836.6017
   28600.000      -43621.2401
   28700.000      -43761.3488
   28800.000      -43786.4548
   28900.000      -43903.7500
   29000.000      -43592.5104
   29100.000      -43612.3104
   29200.000      -43760.8062
   29300.000      -43787.1320
   29400.000      -43923.2740
   29500.000      -43834.9916
   29600.000      -43825.9951
   29700.000      -43608.1078
   29800.000      -43835.9079
   29900.000      -43791.8266
   30000.000      -43755.5862
   30100.000      -43712.1709
   30200.000      -43707.6953
   30300.000      -43824.5055
   30400.000      -43890.9186
   30500.000      -43707.9065
   30600.000      -43708.4763
   30700.000      -43763.3526
   30800.000      -43732.1489
   30900.000      -43846.1400
   31000.000      -43733.4818
   31100.000      -43720.1498
   31200.000      -43898.8636
   31300.000      -43818.9437
   31400.000      -43765.9924
   31500.000      -43736.9874
   31600.000      -43874.8483
   31700.000      -43900.0469
   31800.000      -43593.0673
   31900.000      -43859.7192
   32000.000      -43906.7734
   32100.000      -43737.3138
   32200.000      -43710.9572
   32300.000      -43791.5210
   32400.000      -43824.2426
   32500.000      -43652.6652
   32600.000      -43613.8309
   32700.000      -43728.7755
   32800.000      -43990.3083
   32900.000      -43814.6085
   33000.000      -43739.7188
   33100.000      -43672.4394
   33200.000      -43461.3061
   33300.000      -43777.5666
   33400.000      -43772.3919
   33500.000      -43490.9596
   33600.000      -43778.6730
   33700.000      -43572.7872
   33800.000      -44045.5596
   33900.000      -43598.7721
   34000.000      -43468.5827
   34100.000      -43604.8095
   34200.000      -43826.9165
   34300.000      -43662.2082
   34400.000      -43687.9293
   34500.000      -43732.0555
   34600.000      -43654.0255
   34700.000      -43902.1495
   34800.000      -43626.9908
   34900.000      -43430.9329
   35000.000      -43485.4719
