   15100.000     293.95
   15200.000     305.98
   15300.000     305.91
   15400.000     304.35
   15500.000     298.29
   15600.000     298.47
   15700.000     302.04
   15800.000     305.45
   15900.000     302.43
   16000.000     303.30
   16100.000     297.13
   16200.000     300.94
   16300.000     298.48
   16400.000     302.25
   16500.000     298.09
   16600.000     300.04
   16700.000     300.70
   16800.000     303.20
   16900.000     304.87
   17000.000     304.36
   17100.000     301.45
   17200.000     303.42
   17300.000     299.74
   17400.000     300.79
   17500.000     299.22
   17600.000     303.47
   17700.000     296.02
   17800.000     300.80
   17900.000     301.11
   18000.000     302.70
   18100.000     297.22
   18200.000     300.59
   18300.000     304.87
   18400.000     300.20
   18500.000     305.84
   18600.000     303.47
   18700.000     306.31
   18800.000     305.27
   18900.000     303.49
   19000.000     304.60
   19100.000     302.36
   19200.000     298.26
   19300.000     302.04
   19400.000     300.67
   19500.000     297.80
   19600.000     302.83
   19700.000     302.72
   19800.000     305.51
   19900.000     303.01
   20000.000     298.64
   20100.000     302.73
   20200.000     307.12
   20300.000     301.46
   20400.000     299.08
   20500.000     303.96
   20600.000     301.65
   20700.000     302.99
   20800.000     299.49
   20900.000     301.10
   21000.000     303.21
   21100.000     301.25
   21200.000     298.52
   21300.000     302.11
   21400.000     303.28
   21500.000     299.55
   21600.000     302.03
   21700.000     303.28
   21800.000     298.77
   21900.000     303.94
   22000.000     302.20
   22100.000     302.05
   22200.000     297.06
   22300.000     303.24
   22400.000     302.61
   22500.000     304.18
   22600.000     296.09
   22700.000     302.48
   22800.000     303.23
   22900.000     305.34
   23000.000     301.18
   23100.000     300.76
   23200.000     295.68
   23300.000     301.83
   23400.000     303.58
   23500.000     301.40
   23600.000     299.70
   23700.000     303.32
   23800.000     297.86
   23900.000     305.05
   24000.000     300.57
   24100.000     298.28
   24200.000     300.32
   24300.000     300.90
   24400.000     299.31
   24500.000     300.09
   24600.000     299.43
   24700.000     303.98
   24800.000     298.31
   24900.000     300.52
   25000.000     302.76
   25100.000     302.60
   25200.000     298.47
   25300.000     296.37
   25400.000     307.32
   25500.000     299.14
   25600.000     301.69
   25700.000     300.52
   25800.000     305.47
   25900.000     296.08
   26000.000     303.05
   26100.000     302.25
   26200.000     303.20
   26300.000     302.30
   26400.000     297.79
   26500.000     302.49
   26600.000     301.39
   26700.000     301.05
   26800.000     303.44
   26900.000     304.51
   27000.000     298.66
   27100.000     300.47
   27200.000     302.08
   27300.000     304.78
   27400.000     301.26
   27500.000     302.57
   27600.000     299.20
   27700.000     297.68
   27800.000     302.20
   27900.000     300.35
   28000.000     300.97
   28100.000     300.41
   28200.000     300.07
   28300.000     300.77
   28400.000     302.54
   28500.000     298.11
   28600.000     300.82
   28700.000     302.17
   28800.000     298.69
   28900.000     300.72
   29000.000     302.71
   29100.000     304.31
   29200.000     301.65
   29300.000     301.47
   29400.000     300.86
   29500.000     299.83
   29600.000     303.62
   29700.000     297.64
   29800.000     300.56
   29900.000     305.62
   30000.000     299.18
   30100.000     297.07
   30200.000     296.71
   30300.000     297.14
   30400.000     302.22
   30500.000     299.86
   30600.000     300.41
   30700.000     298.81
   30800.000     299.04
   30900.000     299.83
   31000.000     304.41
   31100.000     304.90
   31200.000     299.33
   31300.000     298.65
   31400.000     300.49
   31500.000     303.35
   31600.000     301.85
   31700.000     301.86
   31800.000     300.32
   31900.000     306.78
   32000.000     300.41
   32100.000     302.02
   32200.000     302.31
   32300.000     301.00
   32400.000     300.86
   32500.000     301.06
   32600.000     302.52
   32700.000     303.34
   32800.000     299.54
   32900.000     301.78
   33000.000     303.39
   33100.000     302.86
   33200.000     297.32
   33300.000     299.17
   33400.000     297.32
   33500.000     298.53
   33600.000     300.20
   33700.000     303.90
   33800.000     300.75
   33900.000     301.17
   34000.000     301.70
   34100.000     299.50
   34200.000     304.71
   34300.000     301.62
   34400.000     301.06
   34500.000     301.27
   34600.000     292.93
   34700.000     300.16
   34800.000     296.76
   34900.000     301.20
   35000.000     305.44
