   15100.000        9156.0898
   15200.000        9198.6689
   15300.000        9228.7637
   15400.000        9075.1074
   15500.000        9161.9883
   15600.000        9094.2871
   15700.000        9101.6719
   15800.000        9070.3164
   15900.000        9022.4688
   16000.000        9188.5225
   16100.000        8987.7549
   16200.000        9148.1016
   16300.000        9158.5625
   16400.000        9067.3398
   16500.000        9141.5127
   16600.000        9205.1338
   16700.000        9122.8252
   16800.000        9068.5195
   16900.000        8984.0479
   17000.000        9211.0215
   17100.000        9065.6777
   17200.000        9161.7812
   17300.000        9060.5615
   17400.000        9120.7354
   17500.000        8903.7090
   17600.000        9181.4180
   17700.000        9063.7383
   17800.000        9172.9775
   17900.000        9132.6318
   18000.000        9060.5498
   18100.000        9178.3184
   18200.000        9098.7910
   18300.000        9233.2979
   18400.000        9134.2480
   18500.000        9107.3906
   18600.000        9257.0283
   18700.000        9171.9648
   18800.000        9066.5342
   18900.000        9106.8848
   19000.000        9083.4785
   19100.000        9176.0156
   19200.000        9067.6592
   19300.000        9130.1807
   19400.000        9261.6299
   19500.000        9143.0107
   19600.000        9023.6758
   19700.000        9123.3945
   19800.000        8989.6074
   19900.000        9053.9375
   20000.000        9027.6865
   20100.000        9180.8701
   20200.000        9118.4658
   20300.000        9340.0557
   20400.000        9253.8574
   20500.000        9182.8096
   20600.000        9123.0205
   20700.000        9088.8213
   20800.000        9092.7012
   20900.000        9180.3330
   21000.000        9152.2529
   21100.000        9171.9727
   21200.000        9183.4453
   21300.000        9126.4033
   21400.000        9171.8125
   21500.000        9196.1543
   21600.000        9184.3818
   21700.000        9088.7100
   21800.000        9107.1719
   21900.000        9172.4023
   22000.000        9094.7188
   22100.000        9102.8203
   22200.000        9180.1152
   22300.000        9125.4512
   22400.000        9206.0156
   22500.000        9102.4756
   22600.000        9210.4766
   22700.000        9067.3750
   22800.000        9121.7822
   22900.000        9171.6953
   23000.000        9225.1191
   23100.000        9155.6621
   23200.000        9104.4873
   23300.000        9192.0186
   23400.000        9158.1123
   23500.000        9072.1807
   23600.000        9146.0449
   23700.000        9052.7695
   23800.000        9283.5215
   23900.000        9184.0391
   24000.000        9015.0488
   24100.000        9157.3135
   24200.000        9180.7705
   24300.000        9100.4678
   24400.000        9048.6230
   24500.000        9279.6396
   24600.000        9263.2119
   24700.000        9267.5244
   24800.000        9236.3564
   24900.000        9182.2422
   25000.000        9036.0596
   25100.000        9191.5547
   25200.000        9093.8457
   25300.000        9194.7129
   25400.000        9118.2646
   25500.000        9201.1582
   25600.000        9053.0781
   25700.000        9076.1602
   25800.000        9073.8076
   25900.000        9014.5332
   26000.000        9250.1562
   26100.000        9193.3936
   26200.000        9196.7090
   26300.000        9125.2705
   26400.000        9186.7607
   26500.000        9116.5713
   26600.000        9065.5371
   26700.000        8972.9121
   26800.000        9074.6914
   26900.000        9198.4648
   27000.000        9011.0088
   27100.000        9175.6533
   27200.000        9088.5635
   27300.000        9120.3213
   27400.000        9237.1504
   27500.000        9039.1865
   27600.000        9241.4629
   27700.000        9102.4639
   27800.000        9194.0576
   27900.000        9156.7246
   28000.000        9051.3643
   28100.000        9020.8135
   28200.000        9138.9326
   28300.000        9155.4746
   28400.000        9241.4150
   28500.000        9026.1846
   28600.000        9181.3906
   28700.000        9120.2822
   28800.000        9176.2061
   28900.000        9040.3525
   29000.000        9128.3613
   29100.000        9158.0566
   29200.000        9135.5059
   29300.000        9085.9658
   29400.000        9040.7178
   29500.000        9190.2832
   29600.000        9031.3662
   29700.000        9243.6934
   29800.000        9097.8545
   29900.000        9188.8535
   30000.000        9160.5410
   30100.000        9043.8154
   30200.000        8974.3184
   30300.000        9129.0918
   30400.000        9180.5449
   30500.000        9222.5322
   30600.000        9185.5117
   30700.000        9128.1318
   30800.000        8994.7627
   30900.000        9090.5859
   31000.000        9182.6523
   31100.000        9149.0791
   31200.000        9289.6182
   31300.000        9046.8779
   31400.000        9081.4434
   31500.000        9155.5420
   31600.000        8868.7168
   31700.000        8934.8594
   31800.000        9219.2607
   31900.000        9170.1367
   32000.000        9024.7041
   32100.000        9161.8760
   32200.000        9109.9600
   32300.000        9051.6533
   32400.000        9146.9854
   32500.000        9071.7061
   32600.000        9097.0322
   32700.000        9029.4277
   32800.000        9136.9189
   32900.000        9034.7422
   33000.000        9140.7471
   33100.000        9030.0576
   33200.000        9063.9531
   33300.000        9197.8555
   33400.000        9273.0664
   33500.000        9089.8164
   33600.000        8964.6719
   33700.000        9100.6094
   33800.000        9161.9912
   33900.000        8975.0762
   34000.000        9164.9473
   34100.000        9146.6670
   34200.000        9157.8301
   34300.000        9187.3105
   34400.000        9167.5752
   34500.000        8910.0859
   34600.000        9242.8389
   34700.000        9048.0967
   34800.000        8998.1904
   34900.000        9071.3828
   35000.000        9033.6250
