   15100.000      -44274.1357
   15200.000      -43906.6293
   15300.000      -44293.4559
   15400.000      -44153.8841
   15500.000      -44164.0840
   15600.000      -44210.1039
   15700.000      -44180.3280
   15800.000      -44220.9456
   15900.000      -44143.6913
   16000.000      -44133.1890
   16100.000      -44146.8248
   16200.000      -44001.7767
   16300.000      -44075.9402
   16400.000      -44027.4409
   16500.000      -44076.5785
   16600.000      -44088.3244
   16700.000      -44174.5380
   16800.000      -44096.8878
   16900.000      -43935.2256
   17000.000      -44296.8477
   17100.000      -44097.2748
   17200.000      -44093.8397
   17300.000      -44181.6035
   17400.000      -44157.0304
   17500.000      -44138.4377
   17600.000      -44113.4245
   17700.000      -43881.7937
   17800.000      -44192.4429
   17900.000      -43940.5000
   18000.000      -44045.7107
   18100.000      -44082.5077
   18200.000      -44383.0378
   18300.000      -44061.3872
   18400.000      -44141.6402
   18500.000      -43987.1095
   18600.000      -43952.5863
   18700.000      -44026.6943
   18800.000      -44136.3423
   18900.000      -44231.2476
   19000.000      -44220.6684
   19100.000      -44116.2974
   19200.000      -44028.2027
   19300.000      -44095.9598
   19400.000      -44302.1400
   19500.000      -44289.7009
   19600.000      -44146.0211
   19700.000      -44268.4759
   19800.000      -44215.3153
   19900.000      -44208.1456
   20000.000      -43973.1116
   20100.000      -44104.0007
   20200.000      -44045.0284
   20300.000      -44252.0815
   20400.000      -43962.0338
   20500.000      -44169.4638
   20600.000      -44110.2289
   20700.000      -44223.3727
   20800.000      -43909.9615
   20900.000      -44277.1190
   21000.000      -44281.8328
   21100.000      -43933.6255
   21200.000      -44178.1572
   21300.000      -44086.5440
   21400.000      -44176.2603
   21500.000      -44231.8656
   21600.000      -44021.5984
   21700.000      -44096.2902
   21800.000      -44154.3241
   21900.000      -44075.9324
   22000.000      -44147.8731
   22100.000      -44128.4964
   22200.000      -44052.9810
   22300.000      -44192.7280
   22400.000      -43928.2356
   22500.000      -44067.0816
   22600.000      -44195.8603
   22700.000      -44274.2728
   22800.000      -44187.3913
   22900.000      -44078.5515
   23000.000      -44076.7245
   23100.000      -44050.8880
   23200.000      -44020.6811
   23300.000      -44139.2879
   23400.000      -43946.3958
   23500.000      -44064.5051
   23600.000      -43987.7829
   23700.000      -43957.7358
   23800.000      -43928.7158
   23900.000      -44312.2260
   24000.000      -44231.6031
   24100.000      -44240.4976
   24200.000      -44134.5379
   24300.000      -44219.2605
   24400.000      -44248.5612
   24500.000      -44138.3042
   24600.000      -44003.2862
   24700.000      -44135.2951
   24800.000      -44144.3948
   24900.000      -44089.4403
   25000.000      -43958.1014
   25100.000      -44131.0894
   25200.000      -44125.6385
   25300.000      -44154.8923
   25400.000      -44099.4310
   25500.000      -44115.2572
   25600.000      -44191.8770
   25700.000      -44083.5709
   25800.000      -44114.2960
   25900.000      -43977.6375
   26000.000      -44239.6975
   26100.000      -44085.6941
   26200.000      -44118.7732
   26300.000      -44147.5685
   26400.000      -44047.4422
   26500.000      -44250.6955
   26600.000      -44095.2006
   26700.000      -44063.8825
   26800.000      -44110.4435
   26900.000      -44231.0893
   27000.000      -44224.2180
   27100.000      -44083.1618
   27200.000      -44256.9607
   27300.000      -44251.7469
   27400.000      -44162.4516
   27500.000      -44173.7507
   27600.000      -44095.0742
   27700.000      -44057.2042
   27800.000      -44230.6402
   27900.000      -43860.3798
   28000.000      -44088.7771
   28100.000      -44055.5267
   28200.000      -44098.5396
   28300.000      -43906.6043
   28400.000      -43936.7560
   28500.000      -44081.4478
   28600.000      -44034.0420
   28700.000      -44041.6217
   28800.000      -44155.8303
   28900.000      -44048.2898
   29000.000      -43999.6169
   29100.000      -44120.8578
   29200.000      -44170.2249
   29300.000      -44124.9792
   29400.000      -44214.0583
   29500.000      -44230.0718
   29600.000      -44164.2731
   29700.000      -44251.9022
   29800.000      -44034.8162
   29900.000      -44059.4613
   30000.000      -44124.4860
   30100.000      -44143.4500
   30200.000      -44099.8519
   30300.000      -44127.6596
   30400.000      -44150.7738
   30500.000      -44151.0979
   30600.000      -44095.7530
   30700.000      -43958.7772
   30800.000      -44143.0521
   30900.000      -43992.8054
   31000.000      -44028.9883
   31100.000      -44029.1709
   31200.000      -44366.9682
   31300.000      -44084.0520
   31400.000      -44202.0278
   31500.000      -44057.7657
   31600.000      -44133.7845
   31700.000      -43925.9076
   31800.000      -44098.7068
   31900.000      -44100.4551
   32000.000      -44083.8057
   32100.000      -44196.4998
   32200.000      -43933.7058
   32300.000      -44039.1334
   32400.000      -44089.9982
   32500.000      -44057.5472
   32600.000      -43925.7701
   32700.000      -43992.2110
   32800.000      -44061.8133
   32900.000      -44164.5386
   33000.000      -43948.1272
   33100.000      -44087.5622
   33200.000      -43949.2323
   33300.000      -44241.8847
   33400.000      -43962.8714
   33500.000      -43978.3920
   33600.000      -44126.9615
   33700.000      -44045.3877
   33800.000      -44389.9328
   33900.000      -44052.5503
   34000.000      -44053.8345
   34100.000      -44024.2941
   34200.000      -44022.4267
   34300.000      -44002.8930
   34400.000      -43997.7114
   34500.000      -44206.1324
   34600.000      -44216.6843
   34700.000      -43853.6770
   34800.000      -44033.8393
   34900.000      -43881.9172
   35000.000      -44022.5717
