   15100.000      -35118.0458
   15200.000      -34707.9603
   15300.000      -35064.6923
   15400.000      -35078.7766
   15500.000      -35002.0957
   15600.000      -35115.8167
   15700.000      -35078.6561
   15800.000      -35150.6292
   15900.000      -35121.2225
   16000.000      -34944.6665
   16100.000      -35159.0699
   16200.000      -34853.6752
   16300.000      -34917.3777
   16400.000      -34960.1010
   16500.000      -34935.0658
   16600.000      -34883.1906
   16700.000      -35051.7128
   16800.000      -35028.3683
   16900.000      -34951.1777
   17000.000      -35085.8263
   17100.000      -35031.5971
   17200.000      -34932.0584
   17300.000      -35121.0420
   17400.000      -35036.2951
   17500.000      -35234.7287
   17600.000      -34932.0065
   17700.000      -34818.0554
   17800.000      -35019.4654
   17900.000      -34807.8682
   18000.000      -34985.1609
   18100.000      -34904.1894
   18200.000      -35284.2468
   18300.000      -34828.0893
   18400.000      -35007.3922
   18500.000      -34879.7189
   18600.000      -34695.5579
   18700.000      -34854.7295
   18800.000      -35069.8081
   18900.000      -35124.3628
   19000.000      -35137.1899
   19100.000      -34940.2818
   19200.000      -34960.5435
   19300.000      -34965.7792
   19400.000      -35040.5102
   19500.000      -35146.6901
   19600.000      -35122.3453
   19700.000      -35145.0814
   19800.000      -35225.7079
   19900.000      -35154.2081
   20000.000      -34945.4251
   20100.000      -34923.1306
   20200.000      -34926.5626
   20300.000      -34912.0258
   20400.000      -34708.1763
   20500.000      -34986.6542
   20600.000      -34987.2084
   20700.000      -35134.5514
   20800.000      -34817.2604
   20900.000      -35096.7860
   21000.000      -35129.5798
   21100.000      -34761.6529
   21200.000      -34994.7119
   21300.000      -34960.1407
   21400.000      -35004.4478
   21500.000      -35035.7113
   21600.000      -34837.2165
   21700.000      -35007.5802
   21800.000      -35047.1522
   21900.000      -34903.5301
   22000.000      -35053.1543
   22100.000      -35025.6761
   22200.000      -34872.8658
   22300.000      -35067.2768
   22400.000      -34722.2200
   22500.000      -34964.6060
   22600.000      -34985.3837
   22700.000      -35206.8978
   22800.000      -35065.6091
   22900.000      -34906.8562
   23000.000      -34851.6054
   23100.000      -34895.2259
   23200.000      -34916.1938
   23300.000      -34947.2694
   23400.000      -34788.2835
   23500.000      -34992.3244
   23600.000      -34841.7379
   23700.000      -34904.9662
   23800.000      -34645.1943
   23900.000      -35128.1869
   24000.000      -35216.5543
   24100.000      -35083.1842
   24200.000      -34953.7674
   24300.000      -35118.7927
   24400.000      -35199.9381
   24500.000      -34858.6646
   24600.000      -34740.0743
   24700.000      -34867.7707
   24800.000      -34908.0384
   24900.000      -34907.1981
   25000.000      -34922.0418
   25100.000      -34939.5347
   25200.000      -35031.7928
   25300.000      -34960.1794
   25400.000      -34981.1664
   25500.000      -34914.0990
   25600.000      -35138.7988
   25700.000      -35007.4108
   25800.000      -35040.4884
   25900.000      -34963.1043
   26000.000      -34989.5412
   26100.000      -34892.3005
   26200.000      -34922.0642
   26300.000      -35022.2980
   26400.000      -34860.6815
   26500.000      -35134.1242
   26600.000      -35029.6635
   26700.000      -35090.9704
   26800.000      -35035.7521
   26900.000      -35032.6245
   27000.000      -35213.2092
   27100.000      -34907.5084
   27200.000      -35168.3972
   27300.000      -35131.4256
   27400.000      -34925.3012
   27500.000      -35134.5642
   27600.000      -34853.6114
   27700.000      -34954.7403
   27800.000      -35036.5826
   27900.000      -34703.6552
   28000.000      -35037.4129
   28100.000      -35034.7132
   28200.000      -34959.6070
   28300.000      -34751.1297
   28400.000      -34695.3410
   28500.000      -35055.2632
   28600.000      -34852.6513
   28700.000      -34921.3395
   28800.000      -34979.6242
   28900.000      -35007.9373
   29000.000      -34871.2556
   29100.000      -34962.8012
   29200.000      -35034.7190
   29300.000      -35039.0134
   29400.000      -35173.3405
   29500.000      -35039.7886
   29600.000      -35132.9069
   29700.000      -35008.2089
   29800.000      -34936.9617
   29900.000      -34870.6077
   30000.000      -34963.9450
   30100.000      -35099.6346
   30200.000      -35125.5335
   30300.000      -34998.5678
   30400.000      -34970.2288
   30500.000      -34928.5657
   30600.000      -34910.2413
   30700.000      -34830.6454
   30800.000      -35148.2894
   30900.000      -34902.2194
   31000.000      -34846.3359
   31100.000      -34880.0918
   31200.000      -35077.3501
   31300.000      -35037.1741
   31400.000      -35120.5845
   31500.000      -34902.2237
   31600.000      -35265.0677
   31700.000      -34991.0483
   31800.000      -34879.4460
   31900.000      -34930.3184
   32000.000      -35059.1016
   32100.000      -35034.6238
   32200.000      -34823.7459
   32300.000      -34987.4801
   32400.000      -34943.0128
   32500.000      -34985.8411
   32600.000      -34828.7379
   32700.000      -34962.7832
   32800.000      -34924.8943
   32900.000      -35129.7964
   33000.000      -34807.3802
   33100.000      -35057.5045
   33200.000      -34885.2792
   33300.000      -35044.0292
   33400.000      -34689.8050
   33500.000      -34888.5756
   33600.000      -35162.2896
   33700.000      -34944.7784
   33800.000      -35227.9416
   33900.000      -35077.4742
   34000.000      -34888.8872
   34100.000      -34877.6271
   34200.000      -34864.5966
   34300.000      -34815.5825
   34400.000      -34830.1362
   34500.000      -35296.0465
   34600.000      -34973.8455
   34700.000      -34805.5804
   34800.000      -35035.6488
   34900.000      -34810.5344
   35000.000      -34988.9467
