   15100.000     301.76
   15200.000     303.16
   15300.000     304.15
   15400.000     299.09
   15500.000     301.95
   15600.000     299.72
   15700.000     299.97
   15800.000     298.93
   15900.000     297.35
   16000.000     302.83
   16100.000     296.21
   16200.000     301.50
   16300.000     301.84
   16400.000     298.83
   16500.000     301.28
   16600.000     303.37
   16700.000     300.66
   16800.000     298.87
   16900.000     296.09
   17000.000     303.57
   17100.000     298.78
   17200.000     301.95
   17300.000     298.61
   17400.000     300.59
   17500.000     293.44
   17600.000     302.59
   17700.000     298.71
   17800.000     302.32
   17900.000     300.99
   18000.000     298.61
   18100.000     302.49
   18200.000     299.87
   18300.000     304.30
   18400.000     301.04
   18500.000     300.15
   18600.000     305.09
   18700.000     302.28
   18800.000     298.81
   18900.000     300.14
   19000.000     299.37
   19100.000     302.42
   19200.000     298.84
   19300.000     300.90
   19400.000     305.24
   19500.000     301.33
   19600.000     297.39
   19700.000     300.68
   19800.000     296.27
   19900.000     298.39
   20000.000     297.53
   20100.000     302.58
   20200.000     300.52
   20300.000     307.82
   20400.000     304.98
   20500.000     302.64
   20600.000     300.67
   20700.000     299.54
   20800.000     299.67
   20900.000     302.56
   21000.000     301.63
   21100.000     302.28
   21200.000     302.66
   21300.000     300.78
   21400.000     302.28
   21500.000     303.08
   21600.000     302.69
   21700.000     299.54
   21800.000     300.15
   21900.000     302.30
   22000.000     299.74
   22100.000     300.00
   22200.000     302.55
   22300.000     300.75
   22400.000     303.40
   22500.000     299.99
   22600.000     303.55
   22700.000     298.83
   22800.000     300.63
   22900.000     302.27
   23000.000     304.03
   23100.000     301.74
   23200.000     300.06
   23300.000     302.94
   23400.000     301.83
   23500.000     298.99
   23600.000     301.43
   23700.000     298.35
   23800.000     305.96
   23900.000     302.68
   24000.000     297.11
   24100.000     301.80
   24200.000     302.57
   24300.000     299.93
   24400.000     298.22
   24500.000     305.83
   24600.000     305.29
   24700.000     305.43
   24800.000     304.40
   24900.000     302.62
   25000.000     297.80
   25100.000     302.93
   25200.000     299.71
   25300.000     303.03
   25400.000     300.51
   25500.000     303.24
   25600.000     298.36
   25700.000     299.12
   25800.000     299.05
   25900.000     297.09
   26000.000     304.86
   26100.000     302.99
   26200.000     303.10
   26300.000     300.74
   26400.000     302.77
   26500.000     300.46
   26600.000     298.77
   26700.000     295.72
   26800.000     299.08
   26900.000     303.16
   27000.000     296.98
   27100.000     302.40
   27200.000     299.53
   27300.000     300.58
   27400.000     304.43
   27500.000     297.91
   27600.000     304.57
   27700.000     299.99
   27800.000     303.01
   27900.000     301.78
   28000.000     298.31
   28100.000     297.30
   28200.000     301.19
   28300.000     301.74
   28400.000     304.57
   28500.000     297.48
   28600.000     302.59
   28700.000     300.58
   28800.000     302.42
   28900.000     297.94
   29000.000     300.84
   29100.000     301.82
   29200.000     301.08
   29300.000     299.45
   29400.000     297.96
   29500.000     302.89
   29600.000     297.65
   29700.000     304.65
   29800.000     299.84
   29900.000     302.84
   30000.000     301.91
   30100.000     298.06
   30200.000     295.77
   30300.000     300.87
   30400.000     302.56
   30500.000     303.95
   30600.000     302.73
   30700.000     300.84
   30800.000     296.44
   30900.000     299.60
   31000.000     302.63
   31100.000     301.53
   31200.000     306.16
   31300.000     298.16
   31400.000     299.30
   31500.000     301.74
   31600.000     292.29
   31700.000     294.47
   31800.000     303.84
   31900.000     302.22
   32000.000     297.43
   32100.000     301.95
   32200.000     300.24
   32300.000     298.32
   32400.000     301.46
   32500.000     298.98
   32600.000     299.81
   32700.000     297.58
   32800.000     301.13
   32900.000     297.76
   33000.000     301.25
   33100.000     297.60
   33200.000     298.72
   33300.000     303.14
   33400.000     305.61
   33500.000     299.57
   33600.000     295.45
   33700.000     299.93
   33800.000     301.95
   33900.000     295.79
   34000.000     302.05
   34100.000     301.45
   34200.000     301.82
   34300.000     302.79
   34400.000     302.14
   34500.000     293.65
   34600.000     304.62
   34700.000     298.20
   34800.000     296.55
   34900.000     298.97
   35000.000     297.72
