   15100.000  
   15200.000  
   15300.000  
   15400.000  
   15500.000  
   15600.000  
   15700.000  
   15800.000  
   15900.000  
   16000.000  
   16100.000  
   16200.000  
   16300.000  
   16400.000  
   16500.000  
   16600.000  
   16700.000  
   16800.000  
   16900.000  
   17000.000  
   17100.000  
   17200.000  
   17300.000  
   17400.000  
   17500.000  
   17600.000  
   17700.000  
   17800.000  
   17900.000  
   18000.000  
   18100.000  
   18200.000  
   18300.000  
   18400.000  
   18500.000  
   18600.000  
   18700.000  
   18800.000  
   18900.000  
   19000.000  
   19100.000  
   19200.000  
   19300.000  
   19400.000  
   19500.000  
   19600.000  
   19700.000  
   19800.000  
   19900.000  
   20000.000  
   20100.000  
   20200.000  
   20300.000  
   20400.000  
   20500.000  
   20600.000  
   20700.000  
   20800.000  
   20900.000  
   21000.000  
   21100.000  
   21200.000  
   21300.000  
   21400.000  
   21500.000  
   21600.000  
   21700.000  
   21800.000  
   21900.000  
   22000.000  
   22100.000  
   22200.000  
   22300.000  
   22400.000  
   22500.000  
   22600.000  
   22700.000  
   22800.000  
   22900.000  
   23000.000  
   23100.000  
   23200.000  
   23300.000  
   23400.000  
   23500.000  
   23600.000  
   23700.000  
   23800.000  
   23900.000  
   24000.000  
   24100.000  
   24200.000  
   24300.000  
   24400.000  
   24500.000  
   24600.000  
   24700.000  
   24800.000  
   24900.000  
   25000.000  
   25100.000  
   25200.000  
   25300.000  
   25400.000  
   25500.000  
   25600.000  
   25700.000  
   25800.000  
   25900.000  
   26000.000  
   26100.000  
   26200.000  
   26300.000  
   26400.000  
   26500.000  
   26600.000  
   26700.000  
   26800.000  
   26900.000  
   27000.000  
   27100.000  
   27200.000  
   27300.000  
   27400.000  
   27500.000  
   27600.000  
   27700.000  
   27800.000  
   27900.000  
   28000.000  
   28100.000  
   28200.000  
   28300.000  
   28400.000  
   28500.000  
   28600.000  
   28700.000  
   28800.000  
   28900.000  
   29000.000  
   29100.000  
   29200.000  
   29300.000  
   29400.000  
   29500.000  
   29600.000  
   29700.000  
   29800.000  
   29900.000  
   30000.000  
   30100.000  
   30200.000  
   30300.000  
   30400.000  
   30500.000  
   30600.000  
   30700.000  
   30800.000  
   30900.000  
   31000.000  
   31100.000  
   31200.000  
   31300.000  
   31400.000  
   31500.000  
   31600.000  
   31700.000  
   31800.000  
   31900.000  
   32000.000  
   32100.000  
   32200.000  
   32300.000  
   32400.000  
   32500.000  
   32600.000  
   32700.000  
   32800.000  
   32900.000  
   33000.000  
   33100.000  
   33200.000  
   33300.000  
   33400.000  
   33500.000  
   33600.000  
   33700.000  
   33800.000  
   33900.000  
   34000.000  
   34100.000  
   34200.000  
   34300.000  
   34400.000  
   34500.000  
   34600.000  
   34700.000  
   34800.000  
   34900.000  
   35000.000  
