   15100.000        9139.1152
   15200.000        9184.7383
   15300.000        9241.5635
   15400.000        8988.3477
   15500.000        9220.3926
   15600.000        9185.6084
   15700.000        9232.4229
   15800.000        9144.8936
   15900.000        9040.8770
   16000.000        9035.6270
   16100.000        9225.9531
   16200.000        9077.8750
   16300.000        9060.2334
   16400.000        9116.5195
   16500.000        9220.5371
   16600.000        9088.5098
   16700.000        9092.3213
   16800.000        9004.0078
   16900.000        9168.3389
   17000.000        9098.1807
   17100.000        9143.1367
   17200.000        9105.4238
   17300.000        9031.8369
   17400.000        9192.5693
   17500.000        9180.0615
   17600.000        9063.1006
   17700.000        9168.4883
   17800.000        9110.0508
   17900.000        9018.9785
   18000.000        9096.3799
   18100.000        9131.0381
   18200.000        9156.6768
   18300.000        9095.8320
   18400.000        9234.1768
   18500.000        9110.3262
   18600.000        9168.7900
   18700.000        9172.3359
   18800.000        9175.8174
   18900.000        9139.3818
   19000.000        9204.5000
   19100.000        9187.0068
   19200.000        8999.4590
   19300.000        9194.2217
   19400.000        9123.4385
   19500.000        9249.9355
   19600.000        9172.7227
   19700.000        9126.5547
   19800.000        9221.7021
   19900.000        9103.0508
   20000.000        9172.9219
   20100.000        9074.1104
   20200.000        9098.7402
   20300.000        9118.5947
   20400.000        9193.6943
   20500.000        9001.3613
   20600.000        9130.3770
   20700.000        9007.0508
   20800.000        9253.3916
   20900.000        9163.6064
   21000.000        9075.1582
   21100.000        9200.7012
   21200.000        9094.2754
   21300.000        9032.2490
   21400.000        9118.2773
   21500.000        9129.9268
   21600.000        9160.0469
   21700.000        9284.4639
   21800.000        9265.7275
   21900.000        9094.2217
   22000.000        9254.8857
   22100.000        9149.7178
   22200.000        9126.0254
   22300.000        9172.3809
   22400.000        9133.2617
   22500.000        9053.5146
   22600.000        9146.9424
   22700.000        9144.4297
   22800.000        9126.1855
   22900.000        9135.8262
   23000.000        9220.9609
   23100.000        9068.0215
   23200.000        9181.2656
   23300.000        8908.1963
   23400.000        9110.8594
   23500.000        9153.8203
   23600.000        9137.8271
   23700.000        9140.0000
   23800.000        9162.7637
   23900.000        9143.7090
   24000.000        9075.0039
   24100.000        9159.0342
   24200.000        9034.4492
   24300.000        9177.5664
   24400.000        9002.7441
   24500.000        9118.4619
   24600.000        9103.0977
   24700.000        9157.9541
   24800.000        9242.3428
   24900.000        9132.4287
   25000.000        9062.5352
   25100.000        9287.9502
   25200.000        9220.6797
   25300.000        9174.8447
   25400.000        9166.6553
   25500.000        8991.8320
   25600.000        9072.7393
   25700.000        9123.9863
   25800.000        9093.7197
   25900.000        9192.8711
   26000.000        9126.3730
   26100.000        9143.8027
   26200.000        9256.7207
   26300.000        9033.2002
   26400.000        9042.6602
   26500.000        9145.4551
   26600.000        9090.4580
   26700.000        9105.9902
   26800.000        9184.7783
   26900.000        9296.1924
   27000.000        9086.2061
   27100.000        9166.0996
   27200.000        9151.4414
   27300.000        9057.1055
   27400.000        9163.6543
   27500.000        9111.9082
   27600.000        9094.9170
   27700.000        9027.3428
   27800.000        9072.9619
   27900.000        9033.6104
   28000.000        8961.0566
   28100.000        9152.6113
   28200.000        9101.0068
   28300.000        9156.9697
   28400.000        9183.9248
   28500.000        9136.0586
   28600.000        9088.8242
   28700.000        9080.9316
   28800.000        9177.6699
   28900.000        9089.8359
   29000.000        9157.0801
   29100.000        9202.6465
   29200.000        9094.5020
   29300.000        9185.8203
   29400.000        9162.7578
   29500.000        9120.1025
   29600.000        9181.4199
   29700.000        9093.6982
   29800.000        9098.5830
   29900.000        9181.0449
   30000.000        9095.5508
   30100.000        9178.8623
   30200.000        9145.2344
   30300.000        9102.3008
   30400.000        9064.8301
   30500.000        9111.9482
   30600.000        8952.2207
   30700.000        9140.2275
   30800.000        9187.8066
   30900.000        9069.4971
   31000.000        9134.3887
   31100.000        9124.0625
   31200.000        9156.2070
   31300.000        9151.9570
   31400.000        9029.3438
   31500.000        9142.7871
   31600.000        9188.4668
   31700.000        9103.1025
   31800.000        9141.9863
   31900.000        9035.0684
   32000.000        9061.4688
   32100.000        9250.2451
   32200.000        9227.5654
   32300.000        9001.2764
   32400.000        9148.9336
   32500.000        8989.6523
   32600.000        9056.3467
   32700.000        8989.2178
   32800.000        9139.9512
   32900.000        9050.8125
   33000.000        9046.8076
   33100.000        9091.1865
   33200.000        9225.8447
   33300.000        9085.8408
   33400.000        9099.5332
   33500.000        9193.2051
   33600.000        9183.4492
   33700.000        9159.7666
   33800.000        9118.5088
   33900.000        9230.4658
   34000.000        9085.5195
   34100.000        9154.3926
   34200.000        9225.2910
   34300.000        9133.6338
   34400.000        9196.0254
   34500.000        9076.5469
   34600.000        9131.2393
   34700.000        9146.2500
   34800.000        9169.4512
   34900.000        9121.5312
   35000.000        9150.7031
