   15100.000      -34629.7053
   15200.000      -34530.3865
   15300.000      -34610.8565
   15400.000      -34887.5680
   15500.000      -34815.3984
   15600.000      -34668.1718
   15700.000      -34553.0445
   15800.000      -34809.4561
   15900.000      -34898.4187
   16000.000      -34878.1079
   16100.000      -34820.5756
   16200.000      -34869.0477
   16300.000      -34822.0386
   16400.000      -34933.9368
   16500.000      -34707.2872
   16600.000      -34721.1925
   16700.000      -34969.5613
   16800.000      -34974.1757
   16900.000      -34683.3243
   17000.000      -34678.6983
   17100.000      -34533.9078
   17200.000      -34622.5873
   17300.000      -34822.3386
   17400.000      -34787.1285
   17500.000      -34714.4783
   17600.000      -34987.7388
   17700.000      -34791.7673
   17800.000      -34705.3412
   17900.000      -34984.2276
   18000.000      -34698.5386
   18100.000      -34882.9507
   18200.000      -34664.4481
   18300.000      -34746.2599
   18400.000      -34697.0384
   18500.000      -34920.9361
   18600.000      -34750.1635
   18700.000      -34592.4001
   18800.000      -34742.0786
   18900.000      -34858.8576
   19000.000      -34803.9658
   19100.000      -34683.6278
   19200.000      -34712.5703
   19300.000      -34625.4861
   19400.000      -34931.1701
   19500.000      -34563.3744
   19600.000      -34853.9422
   19700.000      -34683.0346
   19800.000      -34740.1733
   19900.000      -34611.5451
   20000.000      -34742.0462
   20100.000      -34599.6041
   20200.000      -34626.1367
   20300.000      -34815.3937
   20400.000      -34667.7940
   20500.000      -34843.6491
   20600.000      -34600.2494
   20700.000      -34812.4765
   20800.000      -34461.8673
   20900.000      -34435.6188
   21000.000      -34927.8308
   21100.000      -34535.5200
   21200.000      -34625.7695
   21300.000      -35049.1251
   21400.000      -34838.3630
   21500.000      -34828.5674
   21600.000      -34586.7683
   21700.000      -34633.8668
   21800.000      -34537.7159
   21900.000      -34813.0638
   22000.000      -34515.0773
   22100.000      -34706.2808
   22200.000      -34699.4707
   22300.000      -34784.4839
   22400.000      -34694.3050
   22500.000      -35007.2732
   22600.000      -34772.0698
   22700.000      -34620.4001
   22800.000      -34783.0445
   22900.000      -34713.4141
   23000.000      -34891.5182
   23100.000      -34973.4051
   23200.000      -34528.6640
   23300.000      -34761.8614
   23400.000      -34787.2504
   23500.000      -34655.8295
   23600.000      -34785.7078
   23700.000      -34723.3161
   23800.000      -34685.6529
   23900.000      -34819.4493
   24000.000      -34948.9313
   24100.000      -34894.7910
   24200.000      -34851.0860
   24300.000      -34708.3166
   24400.000      -34761.1402
   24500.000      -34535.4111
   24600.000      -34678.3645
   24700.000      -34880.2636
   24800.000      -34640.9393
   24900.000      -34588.2041
   25000.000      -34951.6443
   25100.000      -34464.4924
   25200.000      -34676.2983
   25300.000      -34815.5729
   25400.000      -34620.7810
   25500.000      -34937.4573
   25600.000      -34850.9380
   25700.000      -34747.7146
   25800.000      -34745.3717
   25900.000      -34583.8733
   26000.000      -34923.2588
   26100.000      -34655.7018
   26200.000      -34698.1780
   26300.000      -34722.8503
   26400.000      -34829.1114
   26500.000      -34719.3480
   26600.000      -34807.6046
   26700.000      -34683.1753
   26800.000      -34657.6595
   26900.000      -34592.3824
   27000.000      -34789.0691
   27100.000      -34907.5774
   27200.000      -34939.9688
   27300.000      -34830.7336
   27400.000      -34396.7838
   27500.000      -34811.2069
   27600.000      -34676.3601
   27700.000      -34574.0214
   27800.000      -34674.0076
   27900.000      -34864.5020
   28000.000      -35001.8341
   28100.000      -34818.0163
   28200.000      -34665.0865
   28300.000      -34852.8926
   28400.000      -34900.4299
   28500.000      -34633.5998
   28600.000      -34853.7401
   28700.000      -34930.3194
   28800.000      -34738.8270
   28900.000      -34857.7099
   29000.000      -34759.8866
   29100.000      -34669.7889
   29200.000      -34742.2454
   29300.000      -34666.7303
   29400.000      -34703.2158
   29500.000      -34782.3480
   29600.000      -34852.9664
   29700.000      -34641.5159
   29800.000      -34962.8246
   29900.000      -34742.8945
   30000.000      -34954.6898
   30100.000      -34693.8604
   30200.000      -35021.3786
   30300.000      -34878.7098
   30400.000      -34855.9339
   30500.000      -35055.7154
   30600.000      -35041.3601
   30700.000      -34618.1716
   30800.000      -34795.8695
   30900.000      -34844.2867
   31000.000      -34854.7701
   31100.000      -34692.9386
   31200.000      -35005.9662
   31300.000      -34761.6263
   31400.000      -34764.7981
   31500.000      -34888.5115
   31600.000      -34589.6548
   31700.000      -34939.1583
   31800.000      -34859.2002
   31900.000      -34964.1959
   32000.000      -34936.7729
   32100.000      -34688.6838
   32200.000      -34667.4345
   32300.000      -34937.1530
   32400.000      -34798.1951
   32500.000      -34889.3854
   32600.000      -34941.8623
   32700.000      -34929.9648
   32800.000      -34862.4434
   32900.000      -34873.8186
   33000.000      -34763.1978
   33100.000      -34943.0293
   33200.000      -34527.7225
   33300.000      -34956.3877
   33400.000      -34883.7813
   33500.000      -34445.3613
   33600.000      -34703.7503
   33700.000      -34777.4776
   33800.000      -34456.7060
   33900.000      -34654.0066
   34000.000      -35040.8694
   34100.000      -34693.3382
   34200.000      -34675.6492
   34300.000      -34866.0096
   34400.000      -34874.1031
   34500.000      -34880.8186
   34600.000      -34739.2940
   34700.000      -34639.9193
   34800.000      -34792.5201
   34900.000      -34766.9804
   35000.000      -34747.3677
