   15100.000     301.20
   15200.000     302.70
   15300.000     304.58
   15400.000     296.23
   15500.000     303.88
   15600.000     302.73
   15700.000     304.27
   15800.000     301.39
   15900.000     297.96
   16000.000     297.79
   16100.000     304.06
   16200.000     299.18
   16300.000     298.60
   16400.000     300.45
   16500.000     303.88
   16600.000     299.53
   16700.000     299.66
   16800.000     296.75
   16900.000     302.16
   17000.000     299.85
   17100.000     301.33
   17200.000     300.09
   17300.000     297.66
   17400.000     302.96
   17500.000     302.55
   17600.000     298.69
   17700.000     302.17
   17800.000     300.24
   17900.000     297.24
   18000.000     299.79
   18100.000     300.93
   18200.000     301.78
   18300.000     299.77
   18400.000     304.33
   18500.000     300.25
   18600.000     302.18
   18700.000     302.29
   18800.000     302.41
   18900.000     301.21
   19000.000     303.35
   19100.000     302.78
   19200.000     296.60
   19300.000     303.02
   19400.000     300.68
   19500.000     304.85
   19600.000     302.31
   19700.000     300.79
   19800.000     303.92
   19900.000     300.01
   20000.000     302.31
   20100.000     299.06
   20200.000     299.87
   20300.000     300.52
   20400.000     303.00
   20500.000     296.66
   20600.000     300.91
   20700.000     296.85
   20800.000     304.97
   20900.000     302.01
   21000.000     299.09
   21100.000     303.23
   21200.000     299.72
   21300.000     297.68
   21400.000     300.51
   21500.000     300.90
   21600.000     301.89
   21700.000     305.99
   21800.000     305.37
   21900.000     299.72
   22000.000     305.01
   22100.000     301.55
   22200.000     300.77
   22300.000     302.30
   22400.000     301.01
   22500.000     298.38
   22600.000     301.46
   22700.000     301.37
   22800.000     300.77
   22900.000     301.09
   23000.000     303.90
   23100.000     298.86
   23200.000     302.59
   23300.000     293.59
   23400.000     300.27
   23500.000     301.68
   23600.000     301.16
   23700.000     301.23
   23800.000     301.98
   23900.000     301.35
   24000.000     299.09
   24100.000     301.86
   24200.000     297.75
   24300.000     302.47
   24400.000     296.70
   24500.000     300.52
   24600.000     300.01
   24700.000     301.82
   24800.000     304.60
   24900.000     300.98
   25000.000     298.68
   25100.000     306.10
   25200.000     303.89
   25300.000     302.38
   25400.000     302.11
   25500.000     296.35
   25600.000     299.01
   25700.000     300.70
   25800.000     299.70
   25900.000     302.97
   26000.000     300.78
   26100.000     301.35
   26200.000     305.08
   26300.000     297.71
   26400.000     298.02
   26500.000     301.41
   26600.000     299.60
   26700.000     300.11
   26800.000     302.70
   26900.000     306.38
   27000.000     299.46
   27100.000     302.09
   27200.000     301.61
   27300.000     298.50
   27400.000     302.01
   27500.000     300.30
   27600.000     299.74
   27700.000     297.52
   27800.000     299.02
   27900.000     297.72
   28000.000     295.33
   28100.000     301.64
   28200.000     299.94
   28300.000     301.79
   28400.000     302.68
   28500.000     301.10
   28600.000     299.54
   28700.000     299.28
   28800.000     302.47
   28900.000     299.58
   29000.000     301.79
   29100.000     303.29
   29200.000     299.73
   29300.000     302.74
   29400.000     301.98
   29500.000     300.57
   29600.000     302.59
   29700.000     299.70
   29800.000     299.86
   29900.000     302.58
   30000.000     299.76
   30100.000     302.51
   30200.000     301.40
   30300.000     299.99
   30400.000     298.75
   30500.000     300.30
   30600.000     295.04
   30700.000     301.24
   30800.000     302.80
   30900.000     298.90
   31000.000     301.04
   31100.000     300.70
   31200.000     301.76
   31300.000     301.62
   31400.000     297.58
   31500.000     301.32
   31600.000     302.83
   31700.000     300.01
   31800.000     301.29
   31900.000     297.77
   32000.000     298.64
   32100.000     304.86
   32200.000     304.11
   32300.000     296.66
   32400.000     301.52
   32500.000     296.27
   32600.000     298.47
   32700.000     296.26
   32800.000     301.23
   32900.000     298.29
   33000.000     298.16
   33100.000     299.62
   33200.000     304.06
   33300.000     299.44
   33400.000     299.89
   33500.000     302.98
   33600.000     302.66
   33700.000     301.88
   33800.000     300.52
   33900.000     304.21
   34000.000     299.43
   34100.000     301.70
   34200.000     304.04
   34300.000     301.02
   34400.000     303.07
   34500.000     299.14
   34600.000     300.94
   34700.000     301.43
   34800.000     302.20
   34900.000     300.62
   35000.000     301.58
