   15100.000        9136.7070
   15200.000        9041.5293
   15300.000        9120.0840
   15400.000        9120.8223
   15500.000        9111.4717
   15600.000        9015.5371
   15700.000        9159.6191
   15800.000        9093.9883
   15900.000        9287.6592
   16000.000        9125.0264
   16100.000        9059.3711
   16200.000        9155.2559
   16300.000        9103.4033
   16400.000        9076.2529
   16500.000        9048.5459
   16600.000        9065.5254
   16700.000        9115.1445
   16800.000        9080.1133
   16900.000        9038.6777
   17000.000        9065.1230
   17100.000        9278.7451
   17200.000        9245.5889
   17300.000        9203.8330
   17400.000        9269.4482
   17500.000        9154.6035
   17600.000        9218.2510
   17700.000        9068.4609
   17800.000        9025.8477
   17900.000        8971.4492
   18000.000        9055.6201
   18100.000        9124.1445
   18200.000        9115.0312
   18300.000        9219.4258
   18400.000        9108.6113
   18500.000        8985.8711
   18600.000        9214.6133
   18700.000        9207.4219
   18800.000        9143.4014
   18900.000        9121.8379
   19000.000        9065.7422
   19100.000        9164.2998
   19200.000        9214.2266
   19300.000        9124.2656
   19400.000        9179.0166
   19500.000        9079.2852
   19600.000        9192.2363
   19700.000        8979.3564
   19800.000        9255.2061
   19900.000        9145.5557
   20000.000        9164.1221
   20100.000        9051.6211
   20200.000        9055.2773
   20300.000        9093.3174
   20400.000        9053.6299
   20500.000        9109.8379
   20600.000        9287.7207
   20700.000        9247.6465
   20800.000        9192.6934
   20900.000        9075.3789
   21000.000        9081.6006
   21100.000        9035.2803
   21200.000        9145.6621
   21300.000        9169.9521
   21400.000        9048.5840
   21500.000        9101.5518
   21600.000        9002.4629
   21700.000        9128.7266
   21800.000        9038.4785
   21900.000        9181.3711
   22000.000        9130.5508
   22100.000        9195.7021
   22200.000        9185.7373
   22300.000        9102.0078
   22400.000        9048.3262
   22500.000        9092.4268
   22600.000        9059.3350
   22700.000        9030.4834
   22800.000        9121.5195
   22900.000        9019.1221
   23000.000        9067.6328
   23100.000        9112.5127
   23200.000        9183.0000
   23300.000        9097.3262
   23400.000        9181.9580
   23500.000        9123.7617
   23600.000        9117.1221
   23700.000        9107.3350
   23800.000        9209.9355
   23900.000        9151.0020
   24000.000        9071.8242
   24100.000        9023.8975
   24200.000        9067.7285
   24300.000        9074.5781
   24400.000        9191.3926
   24500.000        9016.6611
   24600.000        9127.6816
   24700.000        9077.4893
   24800.000        8916.4668
   24900.000        9174.0605
   25000.000        9105.5479
   25100.000        9074.9023
   25200.000        9183.8945
   25300.000        9109.0732
   25400.000        9065.4668
   25500.000        9062.5469
   25600.000        9088.2676
   25700.000        9301.4971
   25800.000        9122.0029
   25900.000        9152.7852
   26000.000        9189.3613
   26100.000        9143.7715
   26200.000        9200.5879
   26300.000        9136.7744
   26400.000        9133.0967
   26500.000        9035.0068
   26600.000        9071.9043
   26700.000        9274.8584
   26800.000        9175.2969
   26900.000        9122.2510
   27000.000        9200.0156
   27100.000        9144.8262
   27200.000        9112.1504
   27300.000        9119.4102
   27400.000        9069.9268
   27500.000        9148.7451
   27600.000        9089.4951
   27700.000        9250.9170
   27800.000        9140.3262
   27900.000        9013.8086
   28000.000        9199.6074
   28100.000        9092.6680
   28200.000        9139.4424
   28300.000        9107.1611
   28400.000        9151.8877
   28500.000        9112.2031
   28600.000        9059.1338
   28700.000        9065.9980
   28800.000        9161.3457
   28900.000        9067.4902
   29000.000        9157.8779
   29100.000        9082.2773
   29200.000        9236.0000
   29300.000        9090.9639
   29400.000        9176.9102
   29500.000        9113.5820
   29600.000        9157.9492
   29700.000        9196.4785
   29800.000        9168.2656
   29900.000        9236.6006
   30000.000        9145.0400
   30100.000        8929.4951
   30200.000        9198.0957
   30300.000        9157.4570
   30400.000        9043.2900
   30500.000        9134.0996
   30600.000        8943.1289
   30700.000        9106.6797
   30800.000        9033.7852
   30900.000        9050.2285
   31000.000        9180.4736
   31100.000        9164.7559
   31200.000        9157.5518
   31300.000        9163.4180
   31400.000        8941.0391
   31500.000        9098.4902
   31600.000        9250.5029
   31700.000        9063.1504
   31800.000        9054.0176
   31900.000        9130.3965
   32000.000        9011.4902
   32100.000        9073.8623
   32200.000        9094.3594
   32300.000        9091.6191
   32400.000        9196.9414
   32500.000        9145.1406
   32600.000        9041.3018
   32700.000        9223.4990
   32800.000        9146.4824
   32900.000        9259.7979
   33000.000        9038.9795
   33100.000        9195.8936
   33200.000        9160.8564
   33300.000        9118.3047
   33400.000        9191.5635
   33500.000        9083.0771
   33600.000        9200.7656
   33700.000        9110.4375
   33800.000        9198.0732
   33900.000        9161.2451
   34000.000        9192.6709
   34100.000        9038.2969
   34200.000        9065.8291
   34300.000        9231.9863
   34400.000        9052.3457
   34500.000        9172.7861
   34600.000        9141.8779
   34700.000        9293.0059
   34800.000        9095.9297
   34900.000        9157.0918
   35000.000        9130.0986
