   15100.000      -44213.2834
   15200.000      -44262.4094
   15300.000      -43783.8313
   15400.000      -44086.2639
   15500.000      -44047.4842
   15600.000      -44093.6935
   15700.000      -44058.4834
   15800.000      -43997.4356
   15900.000      -44205.8523
   16000.000      -44058.3054
   16100.000      -44272.2480
   16200.000      -44042.6088
   16300.000      -44095.4983
   16400.000      -44074.3975
   16500.000      -44192.7778
   16600.000      -43990.6148
   16700.000      -44124.6991
   16800.000      -43936.8990
   16900.000      -44267.2962
   17000.000      -44025.0081
   17100.000      -44115.3633
   17200.000      -44065.9037
   17300.000      -43928.5350
   17400.000      -43906.1090
   17500.000      -43872.3982
   17600.000      -43806.8389
   17700.000      -44074.7078
   17800.000      -44023.6515
   17900.000      -43971.1716
   18000.000      -44136.7776
   18100.000      -44161.2731
   18200.000      -44080.5944
   18300.000      -44245.0722
   18400.000      -43998.1310
   18500.000      -44137.4306
   18600.000      -43859.1868
   18700.000      -44011.1083
   18800.000      -44069.7489
   18900.000      -43983.4059
   19000.000      -43873.0182
   19100.000      -43989.5667
   19200.000      -43916.1384
   19300.000      -43978.5672
   19400.000      -44067.3555
   19500.000      -44040.2719
   19600.000      -43985.9683
   19700.000      -44110.7262
   19800.000      -44008.8312
   19900.000      -43981.0865
   20000.000      -44145.3102
   20100.000      -43922.1028
   20200.000      -44095.7659
   20300.000      -43982.6426
   20400.000      -44137.4114
   20500.000      -44157.3074
   20600.000      -44073.6912
   20700.000      -43970.4994
   20800.000      -43934.4220
   20900.000      -44094.0201
   21000.000      -44053.5098
   21100.000      -43937.6449
   21200.000      -44166.5558
   21300.000      -44055.9015
   21400.000      -44197.1664
   21500.000      -44119.0801
   21600.000      -44141.0400
   21700.000      -43900.9865
   21800.000      -43958.8743
   21900.000      -44113.0570
   22000.000      -43927.9707
   22100.000      -44039.9855
   22200.000      -43947.0707
   22300.000      -44090.2774
   22400.000      -43936.4825
   22500.000      -43966.8380
   22600.000      -44053.4202
   22700.000      -43939.4185
   22800.000      -44084.8051
   22900.000      -43961.3079
   23000.000      -43978.9298
   23100.000      -43914.5384
   23200.000      -44049.6424
   23300.000      -44045.6854
   23400.000      -44083.8377
   23500.000      -44119.5822
   23600.000      -44019.9590
   23700.000      -43987.8606
   23800.000      -44029.9954
   23900.000      -43947.7524
   24000.000      -43951.4443
   24100.000      -44001.9960
   24200.000      -44063.6161
   24300.000      -43836.7280
   24400.000      -44192.9473
   24500.000      -44080.1042
   24600.000      -44154.7501
   24700.000      -44187.1686
   24800.000      -44008.2481
   24900.000      -44204.9229
   25000.000      -44167.6541
   25100.000      -44165.4522
   25200.000      -44272.0945
   25300.000      -44190.6295
   25400.000      -44143.2609
   25500.000      -43971.6861
   25600.000      -44097.2116
   25700.000      -44162.5199
   25800.000      -44122.5974
   25900.000      -43953.5667
   26000.000      -44052.6554
   26100.000      -44023.5345
   26200.000      -44034.4547
   26300.000      -44045.1203
   26400.000      -43940.9400
   26500.000      -44029.6487
   26600.000      -43940.2383
   26700.000      -44118.2484
   26800.000      -43941.9753
   26900.000      -43961.6042
   27000.000      -43860.5792
   27100.000      -44264.8468
   27200.000      -44145.8174
   27300.000      -44142.4818
   27400.000      -43906.6647
   27500.000      -44044.7902
   27600.000      -44091.5925
   27700.000      -44026.5260
   27800.000      -44240.9232
   27900.000      -43917.0196
   28000.000      -44162.3086
   28100.000      -44074.2181
   28200.000      -44220.2649
   28300.000      -43987.6316
   28400.000      -44168.8030
   28500.000      -44032.3055
   28600.000      -44114.6417
   28700.000      -43984.8226
   28800.000      -43984.8855
   28900.000      -44096.1943
   29000.000      -44080.7014
   29100.000      -43913.3747
   29200.000      -44071.5213
   29300.000      -44013.5994
   29400.000      -44034.4304
   29500.000      -43997.5424
   29600.000      -44113.9813
   29700.000      -43837.4103
   29800.000      -44051.9781
   29900.000      -44055.2919
   30000.000      -44110.0223
   30100.000      -43979.7448
   30200.000      -43977.2295
   30300.000      -44035.3703
   30400.000      -44097.8004
   30500.000      -43949.9030
   30600.000      -44190.8344
   30700.000      -44170.3420
   30800.000      -44078.1826
   30900.000      -43940.0167
   31000.000      -44065.4271
   31100.000      -43888.7516
   31200.000      -44080.9108
   31300.000      -44076.0177
   31400.000      -43976.9367
   31500.000      -44057.2740
   31600.000      -44160.7551
   31700.000      -43871.6480
   31800.000      -43908.2065
   31900.000      -44028.2163
   32000.000      -44006.6074
   32100.000      -44034.4107
   32200.000      -44094.6458
   32300.000      -44193.9588
   32400.000      -44046.5075
   32500.000      -43894.7978
   32600.000      -43966.4108
   32700.000      -44027.9079
   32800.000      -44200.5386
   32900.000      -44203.8109
   33000.000      -44007.9548
   33100.000      -43951.9323
   33200.000      -44008.5873
   33300.000      -44204.9743
   33400.000      -44133.9267
   33500.000      -44019.6960
   33600.000      -44117.4505
   33700.000      -44018.5228
   33800.000      -43696.9955
   33900.000      -43958.6943
   34000.000      -44155.5187
   34100.000      -44076.8517
   34200.000      -43924.0923
   34300.000      -43946.5378
   34400.000      -44136.6668
   34500.000      -44169.9356
   34600.000      -44122.1372
   34700.000      -44061.8375
   34800.000      -44135.1824
   34900.000      -43901.5847
   35000.000      -44105.6456
