   15100.000      -35076.5764
   15200.000      -35220.8801
   15300.000      -34663.7473
   15400.000      -34965.4417
   15500.000      -34936.0125
   15600.000      -35078.1564
   15700.000      -34898.8643
   15800.000      -34903.4473
   15900.000      -34918.1931
   16000.000      -34933.2791
   16100.000      -35212.8769
   16200.000      -34887.3530
   16300.000      -34992.0950
   16400.000      -34998.1446
   16500.000      -35144.2319
   16600.000      -34925.0894
   16700.000      -35009.5546
   16800.000      -34856.7857
   16900.000      -35228.6185
   17000.000      -34959.8850
   17100.000      -34836.6182
   17200.000      -34820.3148
   17300.000      -34724.7020
   17400.000      -34636.6607
   17500.000      -34717.7947
   17600.000      -34588.5879
   17700.000      -35006.2468
   17800.000      -34997.8039
   17900.000      -34999.7224
   18000.000      -35081.1575
   18100.000      -35037.1286
   18200.000      -34965.5631
   18300.000      -35025.6465
   18400.000      -34889.5197
   18500.000      -35151.5595
   18600.000      -34644.5735
   18700.000      -34803.6864
   18800.000      -34926.3476
   18900.000      -34861.5680
   19000.000      -34807.2761
   19100.000      -34825.2669
   19200.000      -34701.9119
   19300.000      -34854.3016
   19400.000      -34888.3389
   19500.000      -34960.9868
   19600.000      -34793.7320
   19700.000      -35131.3697
   19800.000      -34753.6251
   19900.000      -34835.5309
   20000.000      -34981.1881
   20100.000      -34870.4817
   20200.000      -35040.4885
   20300.000      -34889.3252
   20400.000      -35083.7816
   20500.000      -35047.4695
   20600.000      -34785.9705
   20700.000      -34722.8529
   20800.000      -34741.7287
   20900.000      -35018.6412
   21000.000      -34971.9092
   21100.000      -34902.3646
   21200.000      -35020.8937
   21300.000      -34885.9493
   21400.000      -35148.5824
   21500.000      -35017.5284
   21600.000      -35138.5771
   21700.000      -34772.2600
   21800.000      -34920.3958
   21900.000      -34931.6860
   22000.000      -34797.4200
   22100.000      -34844.2834
   22200.000      -34761.3334
   22300.000      -34988.2696
   22400.000      -34888.1563
   22500.000      -34874.4113
   22600.000      -34994.0853
   22700.000      -34908.9351
   22800.000      -34963.2856
   22900.000      -34942.1859
   23000.000      -34911.2970
   23100.000      -34802.0257
   23200.000      -34866.6424
   23300.000      -34948.3592
   23400.000      -34901.8797
   23500.000      -34995.8205
   23600.000      -34902.8369
   23700.000      -34880.5256
   23800.000      -34820.0599
   23900.000      -34796.7505
   24000.000      -34879.6201
   24100.000      -34978.0986
   24200.000      -34995.8876
   24300.000      -34762.1498
   24400.000      -35001.5548
   24500.000      -35063.4431
   24600.000      -35027.0685
   24700.000      -35109.6794
   24800.000      -35091.7813
   24900.000      -35030.8623
   25000.000      -35062.1063
   25100.000      -35090.5499
   25200.000      -35088.1999
   25300.000      -35081.5563
   25400.000      -35077.7941
   25500.000      -34909.1392
   25600.000      -35008.9440
   25700.000      -34861.0229
   25800.000      -35000.5945
   25900.000      -34800.7815
   26000.000      -34863.2940
   26100.000      -34879.7630
   26200.000      -34833.8668
   26300.000      -34908.3459
   26400.000      -34807.8433
   26500.000      -34994.6419
   26600.000      -34868.3340
   26700.000      -34843.3900
   26800.000      -34766.6785
   26900.000      -34839.3533
   27000.000      -34660.5636
   27100.000      -35120.0206
   27200.000      -35033.6670
   27300.000      -35023.0716
   27400.000      -34836.7380
   27500.000      -34896.0451
   27600.000      -35002.0973
   27700.000      -34775.6090
   27800.000      -35100.5970
   27900.000      -34903.2110
   28000.000      -34962.7012
   28100.000      -34981.5501
   28200.000      -35080.8225
   28300.000      -34880.4705
   28400.000      -35016.9153
   28500.000      -34920.1023
   28600.000      -35055.5079
   28700.000      -34918.8246
   28800.000      -34823.5398
   28900.000      -35028.7040
   29000.000      -34922.8235
   29100.000      -34831.0974
   29200.000      -34835.5213
   29300.000      -34922.6355
   29400.000      -34857.5202
   29500.000      -34883.9604
   29600.000      -34956.0321
   29700.000      -34640.9318
   29800.000      -34883.7125
   29900.000      -34818.6914
   30000.000      -34964.9823
   30100.000      -35050.2497
   30200.000      -34779.1338
   30300.000      -34877.9132
   30400.000      -35054.5104
   30500.000      -34815.8034
   30600.000      -35247.7055
   30700.000      -35063.6623
   30800.000      -35044.3974
   30900.000      -34889.7882
   31000.000      -34884.9534
   31100.000      -34723.9958
   31200.000      -34923.3591
   31300.000      -34912.5997
   31400.000      -35035.8976
   31500.000      -34958.7838
   31600.000      -34910.2522
   31700.000      -34808.4976
   31800.000      -34854.1889
   31900.000      -34897.8198
   32000.000      -34995.1172
   32100.000      -34960.5484
   32200.000      -35000.2864
   32300.000      -35102.3397
   32400.000      -34849.5661
   32500.000      -34749.6572
   32600.000      -34925.1090
   32700.000      -34804.4089
   32800.000      -35054.0562
   32900.000      -34944.0130
   33000.000      -34968.9753
   33100.000      -34756.0387
   33200.000      -34847.7308
   33300.000      -35086.6696
   33400.000      -34942.3632
   33500.000      -34936.6189
   33600.000      -34916.6849
   33700.000      -34908.0853
   33800.000      -34498.9223
   33900.000      -34797.4492
   34000.000      -34962.8478
   34100.000      -35038.5548
   34200.000      -34858.2632
   34300.000      -34714.5515
   34400.000      -35084.3211
   34500.000      -34997.1495
   34600.000      -34980.2592
   34700.000      -34768.8317
   34800.000      -35039.2527
   34900.000      -34744.4929
   35000.000      -34975.5469
