   15100.000     301.12
   15200.000     297.98
   15300.000     300.57
   15400.000     300.60
   15500.000     300.29
   15600.000     297.13
   15700.000     301.87
   15800.000     299.71
   15900.000     306.09
   16000.000     300.73
   16100.000     298.57
   16200.000     301.73
   16300.000     300.02
   16400.000     299.13
   16500.000     298.21
   16600.000     298.77
   16700.000     300.41
   16800.000     299.25
   16900.000     297.89
   17000.000     298.76
   17100.000     305.80
   17200.000     304.71
   17300.000     303.33
   17400.000     305.49
   17500.000     301.71
   17600.000     303.81
   17700.000     298.87
   17800.000     297.47
   17900.000     295.67
   18000.000     298.45
   18100.000     300.71
   18200.000     300.41
   18300.000     303.85
   18400.000     300.19
   18500.000     296.15
   18600.000     303.69
   18700.000     303.45
   18800.000     301.34
   18900.000     300.63
   19000.000     298.78
   19100.000     302.03
   19200.000     303.67
   19300.000     300.71
   19400.000     302.51
   19500.000     299.23
   19600.000     302.95
   19700.000     295.93
   19800.000     305.03
   19900.000     301.41
   20000.000     302.02
   20100.000     298.32
   20200.000     298.44
   20300.000     299.69
   20400.000     298.38
   20500.000     300.23
   20600.000     306.10
   20700.000     304.78
   20800.000     302.96
   20900.000     299.10
   21000.000     299.30
   21100.000     297.78
   21200.000     301.41
   21300.000     302.22
   21400.000     298.22
   21500.000     299.96
   21600.000     296.70
   21700.000     300.86
   21800.000     297.88
   21900.000     302.59
   22000.000     300.92
   22100.000     303.06
   22200.000     302.74
   22300.000     299.98
   22400.000     298.21
   22500.000     299.66
   22600.000     298.57
   22700.000     297.62
   22800.000     300.62
   22900.000     297.24
   23000.000     298.84
   23100.000     300.32
   23200.000     302.65
   23300.000     299.82
   23400.000     302.61
   23500.000     300.69
   23600.000     300.47
   23700.000     300.15
   23800.000     303.53
   23900.000     301.59
   24000.000     298.98
   24100.000     297.40
   24200.000     298.85
   24300.000     299.07
   24400.000     302.92
   24500.000     297.16
   24600.000     300.82
   24700.000     299.17
   24800.000     293.86
   24900.000     302.35
   25000.000     300.09
   25100.000     299.08
   25200.000     302.67
   25300.000     300.21
   25400.000     298.77
   25500.000     298.68
   25600.000     299.52
   25700.000     306.55
   25800.000     300.64
   25900.000     301.65
   26000.000     302.86
   26100.000     301.35
   26200.000     303.23
   26300.000     301.12
   26400.000     301.00
   26500.000     297.77
   26600.000     298.98
   26700.000     305.67
   26800.000     302.39
   26900.000     300.64
   27000.000     303.21
   27100.000     301.39
   27200.000     300.31
   27300.000     300.55
   27400.000     298.92
   27500.000     301.52
   27600.000     299.56
   27700.000     304.88
   27800.000     301.24
   27900.000     297.07
   28000.000     303.19
   28100.000     299.67
   28200.000     301.21
   28300.000     300.15
   28400.000     301.62
   28500.000     300.31
   28600.000     298.56
   28700.000     298.79
   28800.000     301.93
   28900.000     298.84
   29000.000     301.82
   29100.000     299.33
   29200.000     304.39
   29300.000     299.61
   29400.000     302.44
   29500.000     300.36
   29600.000     301.82
   29700.000     303.09
   29800.000     302.16
   29900.000     304.41
   30000.000     301.39
   30100.000     294.29
   30200.000     303.14
   30300.000     301.80
   30400.000     298.04
   30500.000     301.03
   30600.000     294.74
   30700.000     300.13
   30800.000     297.73
   30900.000     298.27
   31000.000     302.56
   31100.000     302.04
   31200.000     301.81
   31300.000     302.00
   31400.000     294.67
   31500.000     299.86
   31600.000     304.87
   31700.000     298.70
   31800.000     298.39
   31900.000     300.91
   32000.000     296.99
   32100.000     299.05
   32200.000     299.72
   32300.000     299.63
   32400.000     303.10
   32500.000     301.40
   32600.000     297.98
   32700.000     303.98
   32800.000     301.44
   32900.000     305.18
   33000.000     297.90
   33100.000     303.07
   33200.000     301.92
   33300.000     300.51
   33400.000     302.93
   33500.000     299.35
   33600.000     303.23
   33700.000     300.25
   33800.000     303.14
   33900.000     301.93
   34000.000     302.96
   34100.000     297.88
   34200.000     298.78
   34300.000     304.26
   34400.000     298.34
   34500.000     302.31
   34600.000     301.29
   34700.000     306.27
   34800.000     299.78
   34900.000     301.79
   35000.000     300.90
