   15100.000        9111.3516
   15200.000        9113.2090
   15300.000        9027.9355
   15400.000        9126.3408
   15500.000        9125.3857
   15600.000        9187.1211
   15700.000        9128.6719
   15800.000        9064.7842
   15900.000        9204.2236
   16000.000        9162.5049
   16100.000        9112.8809
   16200.000        9267.2783
   16300.000        9149.3203
   16400.000        9122.3008
   16500.000        9090.7549
   16600.000        8993.2012
   16700.000        9024.5508
   16800.000        9022.3389
   16900.000        9126.9014
   17000.000        9075.5166
   17100.000        9151.8672
   17200.000        9235.6611
   17300.000        9148.6309
   17400.000        9145.9990
   17500.000        9223.8418
   17600.000        9161.6963
   17700.000        9007.3027
   17800.000        9254.5215
   17900.000        9082.9600
   18000.000        9107.0166
   18100.000        9098.3486
   18200.000        9212.2852
   18300.000        9169.7021
   18400.000        9045.5938
   18500.000        9140.1455
   18600.000        9068.0869
   18700.000        9106.4199
   18800.000        9206.3555
   18900.000        9124.9639
   19000.000        9148.5166
   19100.000        8935.3643
   19200.000        9028.7451
   19300.000        9136.9971
   19400.000        9098.5078
   19500.000        9118.8291
   19600.000        9069.5479
   19700.000        9305.6318
   19800.000        9044.7949
   19900.000        9033.8926
   20000.000        9073.8096
   20100.000        9102.5615
   20200.000        9056.3691
   20300.000        9087.1152
   20400.000        9176.7236
   20500.000        8941.0723
   20600.000        9060.5029
   20700.000        8973.0068
   20800.000        9113.6816
   20900.000        9262.3184
   21000.000        9196.2344
   21100.000        9127.2637
   21200.000        9029.5596
   21300.000        9158.0947
   21400.000        9274.8945
   21500.000        9196.8340
   21600.000        9035.2285
   21700.000        9160.7197
   21800.000        9028.0430
   21900.000        9126.5518
   22000.000        9141.9941
   22100.000        9193.9346
   22200.000        9029.9160
   22300.000        9080.4805
   22400.000        9191.6035
   22500.000        9062.0693
   22600.000        8980.9648
   22700.000        9117.2529
   22800.000        9046.9473
   22900.000        9226.8164
   23000.000        9196.7861
   23100.000        9113.3633
   23200.000        9132.1680
   23300.000        9092.7549
   23400.000        9154.7891
   23500.000        9081.0010
   23600.000        9290.7031
   23700.000        9224.2422
   23800.000        9166.4727
   23900.000        8930.0791
   24000.000        9132.9551
   24100.000        9038.9111
   24200.000        9101.1953
   24300.000        9087.9854
   24400.000        9208.2334
   24500.000        9155.3115
   24600.000        9040.5107
   24700.000        9173.2666
   24800.000        9170.5898
   24900.000        9160.4297
   25000.000        9290.4473
   25100.000        9070.8867
   25200.000        9105.9619
   25300.000        9213.5029
   25400.000        9094.8105
   25500.000        9059.8008
   25600.000        9194.4180
   25700.000        9167.8477
   25800.000        9021.7393
   25900.000        9131.7646
   26000.000        9173.7168
   26100.000        9138.3408
   26200.000        9255.2725
   26300.000        9102.6094
   26400.000        9114.1465
   26500.000        9100.3672
   26600.000        9204.9570
   26700.000        9093.8223
   26800.000        9261.0859
   26900.000        9109.4521
   27000.000        9188.0332
   27100.000        9040.4717
   27200.000        9100.4229
   27300.000        9162.4180
   27400.000        9076.3799
   27500.000        9169.2402
   27600.000        9093.1406
   27700.000        9200.4922
   27800.000        9151.7686
   27900.000        9118.6660
   28000.000        9150.6787
   28100.000        9134.7529
   28200.000        9040.8203
   28300.000        9154.8877
   28400.000        9038.1738
   28500.000        9170.2822
   28600.000        9143.0771
   28700.000        9223.1523
   28800.000        9151.5420
   28900.000        9220.0498
   29000.000        9145.5723
   29100.000        9049.5674
   29200.000        9116.6826
   29300.000        9286.1533
   29400.000        9022.9219
   29500.000        9064.0596
   29600.000        9117.4385
   29700.000        8999.4756
   29800.000        9138.5234
   29900.000        9123.4629
   30000.000        9101.8438
   30100.000        9052.5273
   30200.000        8992.4980
   30300.000        9193.6914
   30400.000        9161.4922
   30500.000        9173.3730
   30600.000        9105.8945
   30700.000        9089.5010
   30800.000        9182.7197
   30900.000        9144.0449
   31000.000        9121.0410
   31100.000        9156.3740
   31200.000        9199.0752
   31300.000        9200.3125
   31400.000        9168.8047
   31500.000        9083.5996
   31600.000        9194.1592
   31700.000        9121.5488
   31800.000        9162.4707
   31900.000        9108.1318
   32000.000        8974.8945
   32100.000        9075.1387
   32200.000        8998.6514
   32300.000        9102.4219
   32400.000        9149.1182
   32500.000        9308.1465
   32600.000        9166.9414
   32700.000        9133.7783
   32800.000        9111.6016
   32900.000        9242.2959
   33000.000        9070.8828
   33100.000        9220.8447
   33200.000        9100.7266
   33300.000        9163.3789
   33400.000        9100.3486
   33500.000        9162.3262
   33600.000        9140.1777
   33700.000        9129.7725
   33800.000        9233.1016
   33900.000        9038.5596
   34000.000        9168.0117
   34100.000        9080.7500
   34200.000        9292.1494
   34300.000        9205.1777
   34400.000        9165.2227
   34500.000        9128.0723
   34600.000        9036.5322
   34700.000        9108.9609
   34800.000        9279.7207
   34900.000        9112.8916
   35000.000        9092.5713
