   15100.000      -44282.1032
   15200.000      -44217.0649
   15300.000      -44253.0362
   15400.000      -44231.8021
   15500.000      -43993.3294
   15600.000      -44312.7663
   15700.000      -44210.0743
   15800.000      -44262.3620
   15900.000      -44187.8734
   16000.000      -44282.6156
   16100.000      -44131.2409
   16200.000      -44268.0400
   16300.000      -44095.0658
   16400.000      -44281.2327
   16500.000      -44066.1652
   16600.000      -44389.9184
   16700.000      -44177.8991
   16800.000      -44292.5564
   16900.000      -44406.4539
   17000.000      -44305.6462
   17100.000      -44307.5816
   17200.000      -44297.8867
   17300.000      -44165.1926
   17400.000      -44333.8219
   17500.000      -44187.7906
   17600.000      -44224.4614
   17700.000      -44353.2844
   17800.000      -44210.5360
   17900.000      -44329.3623
   18000.000      -44240.9391
   18100.000      -44113.3955
   18200.000      -44347.1902
   18300.000      -44319.3206
   18400.000      -44292.4095
   18500.000      -44210.0926
   18600.000      -44140.7882
   18700.000      -44326.3956
   18800.000      -44245.5607
   18900.000      -44216.5352
   19000.000      -44182.3924
   19100.000      -44297.8939
   19200.000      -44133.7610
   19300.000      -44310.4425
   19400.000      -44491.1881
   19500.000      -44357.1158
   19600.000      -44254.7630
   19700.000      -44253.1392
   19800.000      -44295.3799
   19900.000      -44191.4746
   20000.000      -44009.0000
   20100.000      -44295.9179
   20200.000      -44123.3210
   20300.000      -44220.9743
   20400.000      -44229.7323
   20500.000      -44271.8169
   20600.000      -44437.6265
   20700.000      -44225.5434
   20800.000      -44350.8444
   20900.000      -44125.7201
   21000.000      -44380.5253
   21100.000      -44216.8273
   21200.000      -44258.9128
   21300.000      -44296.2638
   21400.000      -44290.4551
   21500.000      -44449.6547
   21600.000      -44146.0449
   21700.000      -44214.4624
   21800.000      -44221.6197
   21900.000      -44236.6910
   22000.000      -44321.5477
   22100.000      -44272.3002
   22200.000      -44328.5779
   22300.000      -44172.2293
   22400.000      -44187.6826
   22500.000      -44365.3327
   22600.000      -44126.3826
   22700.000      -44453.8949
   22800.000      -44169.5500
   22900.000      -44160.9271
   23000.000      -44322.1881
   23100.000      -44162.3879
   23200.000      -44328.5042
   23300.000      -44272.2477
   23400.000      -44249.1283
   23500.000      -44035.0907
   23600.000      -44286.7922
   23700.000      -44091.2954
   23800.000      -44309.9095
   23900.000      -44119.7809
   24000.000      -44280.8893
   24100.000      -44121.3207
   24200.000      -44303.5889
   24300.000      -44256.8732
   24400.000      -44265.1518
   24500.000      -44430.7492
   24600.000      -44611.0015
   24700.000      -44256.5858
   24800.000      -44365.1364
   24900.000      -44360.2215
   25000.000      -44485.5020
   25100.000      -44517.1797
   25200.000      -44335.1321
   25300.000      -44084.2933
   25400.000      -44210.8992
   25500.000      -44295.3304
   25600.000      -44304.2954
   25700.000      -44472.3973
   25800.000      -44207.8017
   25900.000      -44319.8845
   26000.000      -44118.4048
   26100.000      -44198.3844
   26200.000      -44298.4895
   26300.000      -44239.1606
   26400.000      -44126.0556
   26500.000      -44129.7161
   26600.000      -44178.2948
   26700.000      -44261.1448
   26800.000      -44266.1251
   26900.000      -44219.8070
   27000.000      -44167.4790
   27100.000      -44403.9337
   27200.000      -44221.3137
   27300.000      -44250.4375
   27400.000      -44247.5886
   27500.000      -44245.6636
   27600.000      -44217.9659
   27700.000      -44266.8141
   27800.000      -44265.7539
   27900.000      -44252.7946
   28000.000      -44310.1297
   28100.000      -44204.7754
   28200.000      -44223.7244
   28300.000      -44296.8873
   28400.000      -44273.1919
   28500.000      -44176.4377
   28600.000      -44390.1489
   28700.000      -44308.6858
   28800.000      -44239.0703
   28900.000      -44288.3877
   29000.000      -44190.7752
   29100.000      -44250.2154
   29200.000      -44213.9567
   29300.000      -44311.3730
   29400.000      -44320.7465
   29500.000      -44117.8736
   29600.000      -44231.8315
   29700.000      -44298.9729
   29800.000      -44229.2823
   29900.000      -44287.6772
   30000.000      -44280.6863
   30100.000      -44213.5280
   30200.000      -44223.2905
   30300.000      -44202.9487
   30400.000      -44434.4624
   30500.000      -44211.1105
   30600.000      -44050.7377
   30700.000      -44284.6617
   30800.000      -44260.5755
   30900.000      -44254.5216
   31000.000      -44336.6647
   31100.000      -44208.1021
   31200.000      -44148.9380
   31300.000      -44113.8556
   31400.000      -44430.5698
   31500.000      -44349.2319
   31600.000      -44321.6202
   31700.000      -44211.8989
   31800.000      -44316.4837
   31900.000      -44379.2323
   32000.000      -44231.4755
   32100.000      -44316.2691
   32200.000      -44263.8192
   32300.000      -44347.7637
   32400.000      -44200.4311
   32500.000      -44179.1566
   32600.000      -44256.4537
   32700.000      -44273.5203
   32800.000      -44189.6444
   32900.000      -44259.3925
   33000.000      -44199.5433
   33100.000      -44337.3846
   33200.000      -44292.9037
   33300.000      -44356.3440
   33400.000      -44115.4044
   33500.000      -44198.0362
   33600.000      -44386.7365
   33700.000      -44110.5540
   33800.000      -44244.8208
   33900.000      -44322.2198
   34000.000      -44221.1988
   34100.000      -44205.8387
   34200.000      -44247.5687
   34300.000      -44155.0295
   34400.000      -44223.7917
   34500.000      -44109.2354
   34600.000      -44172.1924
   34700.000      -44249.9379
   34800.000      -44345.9098
   34900.000      -44139.1524
   35000.000      -44255.2320
