   15100.000      -35170.7517
   15200.000      -35103.8559
   15300.000      -35225.1007
   15400.000      -35105.4613
   15500.000      -34867.9436
   15600.000      -35125.6452
   15700.000      -35081.4024
   15800.000      -35197.5778
   15900.000      -34983.6498
   16000.000      -35120.1107
   16100.000      -35018.3600
   16200.000      -35000.7617
   16300.000      -34945.7455
   16400.000      -35158.9319
   16500.000      -34975.4103
   16600.000      -35396.7172
   16700.000      -35153.3483
   16800.000      -35270.2175
   16900.000      -35279.5526
   17000.000      -35230.1296
   17100.000      -35155.7144
   17200.000      -35062.2256
   17300.000      -35016.5618
   17400.000      -35187.8228
   17500.000      -34963.9488
   17600.000      -35062.7651
   17700.000      -35345.9817
   17800.000      -34956.0145
   17900.000      -35246.4023
   18000.000      -35133.9225
   18100.000      -35015.0469
   18200.000      -35134.9050
   18300.000      -35149.6184
   18400.000      -35246.8157
   18500.000      -35069.9471
   18600.000      -35072.7013
   18700.000      -35219.9757
   18800.000      -35039.2052
   18900.000      -35091.5714
   19000.000      -35033.8758
   19100.000      -35362.5296
   19200.000      -35105.0159
   19300.000      -35173.4455
   19400.000      -35392.6802
   19500.000      -35238.2867
   19600.000      -35185.2152
   19700.000      -34947.5074
   19800.000      -35250.5850
   19900.000      -35157.5820
   20000.000      -34935.1904
   20100.000      -35193.3563
   20200.000      -35066.9518
   20300.000      -35133.8590
   20400.000      -35053.0087
   20500.000      -35330.7447
   20600.000      -35377.1236
   20700.000      -35252.5366
   20800.000      -35237.1628
   20900.000      -34863.4017
   21000.000      -35184.2909
   21100.000      -35089.5636
   21200.000      -35229.3533
   21300.000      -35138.1691
   21400.000      -35015.5606
   21500.000      -35252.8208
   21600.000      -35110.8164
   21700.000      -35053.7426
   21800.000      -35193.5767
   21900.000      -35110.1392
   22000.000      -35179.5535
   22100.000      -35078.3657
   22200.000      -35298.6619
   22300.000      -35091.7489
   22400.000      -34996.0791
   22500.000      -35303.2634
   22600.000      -35145.4178
   22700.000      -35336.6420
   22800.000      -35122.6027
   22900.000      -34934.1107
   23000.000      -35125.4020
   23100.000      -35049.0247
   23200.000      -35196.3362
   23300.000      -35179.4928
   23400.000      -35094.3392
   23500.000      -34954.0897
   23600.000      -34996.0891
   23700.000      -34867.0532
   23800.000      -35143.4368
   23900.000      -35189.7018
   24000.000      -35147.9343
   24100.000      -35082.4096
   24200.000      -35202.3936
   24300.000      -35168.8879
   24400.000      -35056.9185
   24500.000      -35275.4377
   24600.000      -35570.4908
   24700.000      -35083.3192
   24800.000      -35194.5466
   24900.000      -35199.7918
   25000.000      -35195.0547
   25100.000      -35446.2929
   25200.000      -35229.1702
   25300.000      -34870.7904
   25400.000      -35116.0887
   25500.000      -35235.5296
   25600.000      -35109.8775
   25700.000      -35304.5496
   25800.000      -35186.0624
   25900.000      -35188.1198
   26000.000      -34944.6880
   26100.000      -35060.0436
   26200.000      -35043.2170
   26300.000      -35136.5513
   26400.000      -35011.9091
   26500.000      -35029.3489
   26600.000      -34973.3377
   26700.000      -35167.3226
   26800.000      -35005.0392
   26900.000      -35110.3549
   27000.000      -34979.4458
   27100.000      -35363.4620
   27200.000      -35120.8909
   27300.000      -35088.0195
   27400.000      -35171.2087
   27500.000      -35076.4234
   27600.000      -35124.8253
   27700.000      -35066.3219
   27800.000      -35113.9853
   27900.000      -35134.1286
   28000.000      -35159.4510
   28100.000      -35070.0224
   28200.000      -35182.9041
   28300.000      -35141.9996
   28400.000      -35235.0181
   28500.000      -35006.1555
   28600.000      -35247.0717
   28700.000      -35085.5334
   28800.000      -35087.5283
   28900.000      -35068.3379
   29000.000      -35045.2030
   29100.000      -35200.6480
   29200.000      -35097.2741
   29300.000      -35025.2197
   29400.000      -35297.8247
   29500.000      -35053.8141
   29600.000      -35114.3930
   29700.000      -35299.4973
   29800.000      -35090.7588
   29900.000      -35164.2143
   30000.000      -35178.8426
   30100.000      -35161.0007
   30200.000      -35230.7925
   30300.000      -35009.2573
   30400.000      -35272.9702
   30500.000      -35037.7374
   30600.000      -34944.8432
   30700.000      -35195.1608
   30800.000      -35077.8558
   30900.000      -35110.4767
   31000.000      -35215.6237
   31100.000      -35051.7281
   31200.000      -34949.8628
   31300.000      -34913.5431
   31400.000      -35261.7651
   31500.000      -35265.6323
   31600.000      -35127.4610
   31700.000      -35090.3501
   31800.000      -35154.0130
   31900.000      -35271.1005
   32000.000      -35256.5810
   32100.000      -35241.1304
   32200.000      -35265.1678
   32300.000      -35245.3418
   32400.000      -35051.3129
   32500.000      -34871.0101
   32600.000      -35089.5123
   32700.000      -35139.7420
   32800.000      -35078.0428
   32900.000      -35017.0966
   33000.000      -35128.6605
   33100.000      -35116.5399
   33200.000      -35192.1771
   33300.000      -35192.9651
   33400.000      -35015.0557
   33500.000      -35035.7100
   33600.000      -35246.5587
   33700.000      -34980.7816
   33800.000      -35011.7193
   33900.000      -35283.6602
   34000.000      -35053.1871
   34100.000      -35125.0887
   34200.000      -34955.4193
   34300.000      -34949.8517
   34400.000      -35058.5690
   34500.000      -34981.1631
   34600.000      -35135.6602
   34700.000      -35140.9769
   34800.000      -35066.1891
   34900.000      -35026.2608
   35000.000      -35162.6607
