   15100.000     300.28
   15200.000     300.35
   15300.000     297.54
   15400.000     300.78
   15500.000     300.75
   15600.000     302.78
   15700.000     300.86
   15800.000     298.75
   15900.000     303.34
   16000.000     301.97
   16100.000     300.33
   16200.000     305.42
   16300.000     301.54
   16400.000     300.65
   16500.000     299.61
   16600.000     296.39
   16700.000     297.42
   16800.000     297.35
   16900.000     300.80
   17000.000     299.10
   17100.000     301.62
   17200.000     304.38
   17300.000     301.51
   17400.000     301.43
   17500.000     303.99
   17600.000     301.94
   17700.000     296.86
   17800.000     305.00
   17900.000     299.35
   18000.000     300.14
   18100.000     299.86
   18200.000     303.61
   18300.000     302.21
   18400.000     298.12
   18500.000     301.23
   18600.000     298.86
   18700.000     300.12
   18800.000     303.42
   18900.000     300.73
   19000.000     301.51
   19100.000     294.48
   19200.000     297.56
   19300.000     301.13
   19400.000     299.86
   19500.000     300.53
   19600.000     298.91
   19700.000     306.69
   19800.000     298.09
   19900.000     297.73
   20000.000     299.05
   20100.000     299.99
   20200.000     298.47
   20300.000     299.49
   20400.000     302.44
   20500.000     294.67
   20600.000     298.61
   20700.000     295.72
   20800.000     300.36
   20900.000     305.26
   21000.000     303.08
   21100.000     300.81
   21200.000     297.59
   21300.000     301.82
   21400.000     305.67
   21500.000     303.10
   21600.000     297.78
   21700.000     301.91
   21800.000     297.54
   21900.000     300.79
   22000.000     301.29
   22100.000     303.01
   22200.000     297.60
   22300.000     299.27
   22400.000     302.93
   22500.000     298.66
   22600.000     295.99
   22700.000     300.48
   22800.000     298.16
   22900.000     304.09
   23000.000     303.10
   23100.000     300.35
   23200.000     300.97
   23300.000     299.67
   23400.000     301.72
   23500.000     299.28
   23600.000     306.20
   23700.000     304.00
   23800.000     302.10
   23900.000     294.31
   24000.000     301.00
   24100.000     297.90
   24200.000     299.95
   24300.000     299.51
   24400.000     303.48
   24500.000     301.73
   24600.000     297.95
   24700.000     302.32
   24800.000     302.24
   24900.000     301.90
   25000.000     306.19
   25100.000     298.95
   25200.000     300.11
   25300.000     303.65
   25400.000     299.74
   25500.000     298.59
   25600.000     303.02
   25700.000     302.15
   25800.000     297.33
   25900.000     300.96
   26000.000     302.34
   26100.000     301.17
   26200.000     305.03
   26300.000     300.00
   26400.000     300.38
   26500.000     299.92
   26600.000     303.37
   26700.000     299.71
   26800.000     305.22
   26900.000     300.22
   27000.000     302.81
   27100.000     297.95
   27200.000     299.92
   27300.000     301.97
   27400.000     299.13
   27500.000     302.19
   27600.000     299.68
   27700.000     303.22
   27800.000     301.62
   27900.000     300.53
   28000.000     301.58
   28100.000     301.06
   28200.000     297.96
   28300.000     301.72
   28400.000     297.87
   28500.000     302.23
   28600.000     301.33
   28700.000     303.97
   28800.000     301.61
   28900.000     303.87
   29000.000     301.41
   29100.000     298.25
   29200.000     300.46
   29300.000     306.05
   29400.000     297.37
   29500.000     298.73
   29600.000     300.48
   29700.000     296.60
   29800.000     301.18
   29900.000     300.68
   30000.000     299.97
   30100.000     298.35
   30200.000     296.37
   30300.000     303.00
   30400.000     301.94
   30500.000     302.33
   30600.000     300.10
   30700.000     299.56
   30800.000     302.64
   30900.000     301.36
   31000.000     300.60
   31100.000     301.77
   31200.000     303.18
   31300.000     303.22
   31400.000     302.18
   31500.000     299.37
   31600.000     303.01
   31700.000     300.62
   31800.000     301.97
   31900.000     300.18
   32000.000     295.79
   32100.000     299.09
   32200.000     296.57
   32300.000     299.99
   32400.000     301.53
   32500.000     306.77
   32600.000     302.12
   32700.000     301.02
   32800.000     300.29
   32900.000     304.60
   33000.000     298.95
   33100.000     303.89
   33200.000     299.93
   33300.000     302.00
   33400.000     299.92
   33500.000     301.96
   33600.000     301.23
   33700.000     300.89
   33800.000     304.30
   33900.000     297.89
   34000.000     302.15
   34100.000     299.28
   34200.000     306.24
   34300.000     303.38
   34400.000     302.06
   34500.000     300.84
   34600.000     297.82
   34700.000     300.21
   34800.000     305.83
   34900.000     300.33
   35000.000     299.67
