   15100.000      -44434.8356
   15200.000      -44250.7414
   15300.000      -44398.7526
   15400.000      -44411.7706
   15500.000      -44287.6905
   15600.000      -44286.4700
   15700.000      -44304.6967
   15800.000      -44221.4835
   15900.000      -44176.0152
   16000.000      -44295.6801
   16100.000      -44332.9885
   16200.000      -44491.9312
   16300.000      -44091.8146
   16400.000      -44286.2915
   16500.000      -44200.2655
   16600.000      -44221.5803
   16700.000      -44230.2839
   16800.000      -44406.3980
   16900.000      -44108.4100
   17000.000      -44231.2119
   17100.000      -44165.2748
   17200.000      -44331.7019
   17300.000      -44319.2063
   17400.000      -44194.7202
   17500.000      -44504.8146
   17600.000      -43995.6980
   17700.000      -44313.8902
   17800.000      -44283.6288
   17900.000      -44324.0142
   18000.000      -44324.0847
   18100.000      -44258.7903
   18200.000      -44182.9766
   18300.000      -44372.6180
   18400.000      -44197.1634
   18500.000      -44164.1640
   18600.000      -44318.4390
   18700.000      -44256.4343
   18800.000      -44298.6027
   18900.000      -44301.0160
   19000.000      -44219.8008
   19100.000      -44189.1230
   19200.000      -44337.5014
   19300.000      -44346.2465
   19400.000      -44266.0096
   19500.000      -44368.5774
   19600.000      -44298.0101
   19700.000      -44301.3847
   19800.000      -44246.6698
   19900.000      -44333.2991
   20000.000      -44353.1620
   20100.000      -44246.7340
   20200.000      -44297.3123
   20300.000      -44253.2357
   20400.000      -44300.1402
   20500.000      -44145.5408
   20600.000      -44191.1370
   20700.000      -44144.9969
   20800.000      -44427.1701
   20900.000      -44213.9946
   21000.000      -44376.8524
   21100.000      -44238.2151
   21200.000      -44294.7239
   21300.000      -44364.5402
   21400.000      -44245.4607
   21500.000      -44343.6408
   21600.000      -44302.5687
   21700.000      -44327.9512
   21800.000      -44407.6989
   21900.000      -44242.5828
   22000.000      -44482.1636
   22100.000      -44356.7174
   22200.000      -44313.2540
   22300.000      -44148.3140
   22400.000      -44396.2941
   22500.000      -44239.5484
   22600.000      -44210.7488
   22700.000      -44306.7024
   22800.000      -44229.2417
   22900.000      -44404.6996
   23000.000      -44165.1834
   23100.000      -44348.0867
   23200.000      -44312.6565
   23300.000      -44383.2297
   23400.000      -44218.5076
   23500.000      -44312.2416
   23600.000      -44109.4762
   23700.000      -44378.2120
   23800.000      -44408.6529
   23900.000      -44362.8119
   24000.000      -44153.3856
   24100.000      -44084.3567
   24200.000      -44177.7392
   24300.000      -44189.3418
   24400.000      -44272.1691
   24500.000      -44103.1396
   24600.000      -44313.6041
   24700.000      -44267.9835
   24800.000      -44276.9072
   24900.000      -44206.0792
   25000.000      -44151.5000
   25100.000      -44318.2434
   25200.000      -44198.4939
   25300.000      -44321.2100
   25400.000      -44297.5648
   25500.000      -44459.7391
   25600.000      -44243.2042
   25700.000      -44159.6909
   25800.000      -44404.0965
   25900.000      -44226.1283
   26000.000      -44166.0992
   26100.000      -44320.9879
   26200.000      -44184.1000
   26300.000      -44333.8537
   26400.000      -44335.5338
   26500.000      -44408.7402
   26600.000      -44451.2032
   26700.000      -44164.8444
   26800.000      -44232.3717
   26900.000      -44133.9169
   27000.000      -44489.9469
   27100.000      -44177.5958
   27200.000      -44299.1089
   27300.000      -44310.3688
   27400.000      -44399.4289
   27500.000      -44208.7080
   27600.000      -44328.8054
   27700.000      -44297.4618
   27800.000      -44167.2753
   27900.000      -44168.1749
   28000.000      -44222.1495
   28100.000      -44003.6352
   28200.000      -44177.1157
   28300.000      -44314.7650
   28400.000      -44304.1789
   28500.000      -44208.1646
   28600.000      -44142.1579
   28700.000      -44200.1549
   28800.000      -44266.0359
   28900.000      -44156.3823
   29000.000      -44214.5532
   29100.000      -44264.4406
   29200.000      -44185.3879
   29300.000      -44146.2073
   29400.000      -44172.7683
   29500.000      -44172.6237
   29600.000      -44273.9978
   29700.000      -44166.8312
   29800.000      -44146.1252
   29900.000      -44443.3659
   30000.000      -44197.5234
   30100.000      -44250.0763
   30200.000      -44193.0633
   30300.000      -44459.8885
   30400.000      -44311.3885
   30500.000      -44266.0085
   30600.000      -44095.5994
   30700.000      -44270.8468
   30800.000      -44300.2178
   30900.000      -44197.0077
   31000.000      -44238.2539
   31100.000      -44294.4379
   31200.000      -44460.7951
   31300.000      -44212.1288
   31400.000      -44167.6600
   31500.000      -44166.4479
   31600.000      -44137.0373
   31700.000      -44195.5251
   31800.000      -44204.0824
   31900.000      -44370.1977
   32000.000      -44092.6852
   32100.000      -44215.8884
   32200.000      -44326.4237
   32300.000      -44135.3357
   32400.000      -44394.8974
   32500.000      -44370.6377
   32600.000      -44083.5707
   32700.000      -44354.9378
   32800.000      -44279.0510
   32900.000      -44298.9965
   33000.000      -44139.3773
   33100.000      -44368.8406
   33200.000      -44438.2010
   33300.000      -44220.1434
   33400.000      -44463.6890
   33500.000      -44336.1886
   33600.000      -44245.1833
   33700.000      -44338.8361
   33800.000      -44250.6741
   33900.000      -44290.2844
   34000.000      -44384.7148
   34100.000      -44121.9741
   34200.000      -44143.9386
   34300.000      -44423.8580
   34400.000      -44282.0835
   34500.000      -44268.0247
   34600.000      -44327.7163
   34700.000      -44211.6419
   34800.000      -44177.4500
   34900.000      -44272.7977
   35000.000      -44360.5048
