   15100.000      -35281.8092
   15200.000      -35049.0940
   15300.000      -35320.9743
   15400.000      -35304.8985
   15500.000      -35135.8116
   15600.000      -35137.7415
   15700.000      -35119.1186
   15800.000      -35091.4748
   15900.000      -34999.0200
   16000.000      -35172.3129
   16100.000      -35143.1242
   16200.000      -35383.9741
   16300.000      -34946.9572
   16400.000      -35126.1392
   16500.000      -34913.9676
   16600.000      -34950.0413
   16700.000      -35062.5457
   16800.000      -35311.8823
   16900.000      -35037.0038
   17000.000      -35167.6944
   17100.000      -34995.2592
   17200.000      -35268.1521
   17300.000      -35256.3313
   17400.000      -35074.7221
   17500.000      -35380.2658
   17600.000      -34808.3611
   17700.000      -35237.0513
   17800.000      -35143.5771
   17900.000      -35130.7749
   18000.000      -35041.6550
   18100.000      -35088.2649
   18200.000      -35090.5351
   18300.000      -35351.0331
   18400.000      -35145.9856
   18500.000      -35003.5937
   18600.000      -35186.2955
   18700.000      -35242.6121
   18800.000      -35180.8732
   18900.000      -35122.5297
   19000.000      -35104.1749
   19100.000      -35061.7353
   19200.000      -35111.4760
   19300.000      -35282.3227
   19400.000      -35012.2987
   19500.000      -35297.8547
   19600.000      -35134.9261
   19700.000      -35209.5732
   19800.000      -35014.9979
   19900.000      -35137.1995
   20000.000      -35300.1707
   20100.000      -35102.0035
   20200.000      -35249.1268
   20300.000      -35048.0346
   20400.000      -35069.1070
   20500.000      -35007.5701
   20600.000      -35036.1097
   20700.000      -35082.3407
   20800.000      -35278.6261
   20900.000      -35209.9194
   21000.000      -35332.6962
   21100.000      -35082.6291
   21200.000      -35232.8020
   21300.000      -35241.6623
   21400.000      -35328.0320
   21500.000      -35189.6242
   21600.000      -35211.7582
   21700.000      -35121.4669
   21800.000      -35263.1559
   21900.000      -35267.9382
   22000.000      -35246.0356
   22100.000      -35190.7164
   22200.000      -35315.8204
   22300.000      -35010.5181
   22400.000      -35290.6056
   22500.000      -35107.7378
   22600.000      -35147.6199
   22700.000      -35228.3431
   22800.000      -34920.7837
   22900.000      -35273.1586
   23000.000      -35038.1356
   23100.000      -35202.4295
   23200.000      -35274.5901
   23300.000      -35410.9455
   23400.000      -35069.9607
   23500.000      -35224.4526
   23600.000      -35002.7184
   23700.000      -35187.5509
   23800.000      -35232.7164
   23900.000      -35241.4994
   24000.000      -35076.5457
   24100.000      -34946.4836
   24200.000      -35022.3027
   24300.000      -35000.9844
   24400.000      -35114.9387
   24500.000      -34955.1152
   24600.000      -35206.7574
   24700.000      -35119.7560
   24800.000      -35234.9453
   24900.000      -35058.8908
   25000.000      -34934.4716
   25100.000      -35171.2473
   25200.000      -35017.6042
   25300.000      -35184.1104
   25400.000      -35157.6253
   25500.000      -35270.1785
   25600.000      -35142.6993
   25700.000      -35107.0337
   25800.000      -35369.9002
   25900.000      -35136.8178
   26000.000      -35063.8648
   26100.000      -35181.6900
   26200.000      -35057.0277
   26300.000      -35130.7766
   26400.000      -35403.9958
   26500.000      -35181.2715
   26600.000      -35499.4581
   26700.000      -35098.2809
   26800.000      -35192.8414
   26900.000      -35013.0790
   27000.000      -35485.9889
   27100.000      -35018.1680
   27200.000      -35206.9956
   27300.000      -35058.1754
   27400.000      -35286.5129
   27500.000      -35196.8936
   27600.000      -35307.5017
   27700.000      -35305.3749
   27800.000      -35057.9814
   27900.000      -35087.0860
   28000.000      -35171.6124
   28100.000      -34895.4486
   28200.000      -34973.5297
   28300.000      -35235.7524
   28400.000      -35249.4572
   28500.000      -35010.3013
   28600.000      -34917.8318
   28700.000      -35171.6276
   28800.000      -35066.9431
   28900.000      -35014.1421
   29000.000      -35098.7368
   29100.000      -35277.3664
   29200.000      -35151.3948
   29300.000      -34835.3450
   29400.000      -35116.1404
   29500.000      -35022.9099
   29600.000      -35087.7762
   29700.000      -35026.1466
   29800.000      -34958.2004
   29900.000      -35214.3278
   30000.000      -35043.6875
   30100.000      -35211.9044
   30200.000      -35238.2684
   30300.000      -35391.1444
   30400.000      -35223.1492
   30500.000      -35053.1628
   30600.000      -34975.2996
   30700.000      -35105.5997
   30800.000      -35144.9786
   30900.000      -35106.1219
   31000.000      -35142.1445
   31100.000      -35186.9867
   31200.000      -35332.1711
   31300.000      -35127.8681
   31400.000      -35104.8378
   31500.000      -34926.3786
   31600.000      -35092.7600
   31700.000      -35118.9802
   31800.000      -35110.1761
   31900.000      -35107.3764
   32000.000      -35038.1354
   32100.000      -35006.1599
   32200.000      -35155.4578
   32300.000      -34878.8465
   32400.000      -35310.8310
   32500.000      -35271.9268
   32600.000      -35087.5248
   32700.000      -35169.5022
   32800.000      -35171.0881
   32900.000      -35067.2280
   33000.000      -34907.4330
   33100.000      -35151.0399
   33200.000      -35286.1444
   33300.000      -35227.2694
   33400.000      -35266.0523
   33500.000      -35193.2961
   33600.000      -35142.3513
   33700.000      -35025.1613
   33800.000      -35104.4749
   33900.000      -35203.0627
   34000.000      -35314.0966
   34100.000      -34967.5014
   34200.000      -35016.5109
   34300.000      -35337.4059
   34400.000      -35135.5982
   34500.000      -35243.3919
   34600.000      -35225.2388
   34700.000      -35090.9075
   34800.000      -34949.8729
   34900.000      -35160.9950
   35000.000      -35363.8690
