   15100.000     301.66
   15200.000     303.26
   15300.000     299.18
   15400.000     300.14
   15500.000     301.62
   15600.000     301.52
   15700.000     302.73
   15800.000     300.90
   15900.000     302.45
   16000.000     300.68
   16100.000     302.87
   16200.000     300.17
   16300.000     301.39
   16400.000     301.89
   16500.000     306.05
   16600.000     305.56
   16700.000     302.14
   16800.000     299.73
   16900.000     298.97
   17000.000     298.71
   17100.000     302.22
   17200.000     298.71
   17300.000     298.69
   17400.000     300.57
   17500.000     300.72
   17600.000     302.79
   17700.000     299.15
   17800.000     301.23
   17900.000     302.98
   18000.000     305.92
   18100.000     302.23
   18200.000     299.66
   18300.000     297.33
   18400.000     298.30
   18500.000     301.91
   18600.000     300.97
   18700.000     297.07
   18800.000     300.49
   18900.000     302.50
   19000.000     300.43
   19100.000     300.81
   19200.000     304.06
   19300.000     298.72
   19400.000     304.98
   19500.000     298.95
   19600.000     301.99
   19700.000     299.64
   19800.000     304.25
   19900.000     303.08
   20000.000     298.36
   20100.000     301.38
   20200.000     298.20
   20300.000     303.38
   20400.000     304.23
   20500.000     301.16
   20600.000     301.72
   20700.000     298.68
   20800.000     301.51
   20900.000     296.75
   21000.000     298.07
   21100.000     301.74
   21200.000     298.66
   21300.000     300.66
   21400.000     293.89
   21500.000     301.69
   21600.000     299.61
   21700.000     303.42
   21800.000     301.38
   21900.000     295.78
   22000.000     304.40
   22100.000     302.09
   22200.000     296.53
   22300.000     301.16
   22400.000     300.10
   22500.000     300.96
   22600.000     298.69
   22700.000     299.20
   22800.000     306.78
   22900.000     300.95
   23000.000     300.80
   23100.000     301.41
   23200.000     297.87
   23300.000     295.70
   23400.000     301.51
   23500.000     299.51
   23600.000     300.13
   23700.000     302.90
   23800.000     302.41
   23900.000     300.61
   24000.000     299.15
   24100.000     301.16
   24200.000     301.74
   24300.000     302.82
   24400.000     301.80
   24500.000     301.49
   24600.000     300.14
   24700.000     301.50
   24800.000     298.00
   24900.000     301.47
   25000.000     303.77
   25100.000     301.46
   25200.000     302.58
   25300.000     301.13
   25400.000     301.23
   25500.000     302.86
   25600.000     299.93
   25700.000     298.35
   25800.000     297.74
   25900.000     299.56
   26000.000     299.98
   26100.000     301.21
   26200.000     300.80
   26300.000     303.31
   26400.000     294.36
   26500.000     304.11
   26600.000     295.02
   26700.000     298.81
   26800.000     297.92
   26900.000     300.60
   27000.000     296.74
   27100.000     301.87
   27200.000     299.65
   27300.000     304.93
   27400.000     300.34
   27500.000     297.00
   27600.000     297.32
   27700.000     296.35
   27800.000     300.22
   27900.000     299.29
   28000.000     298.28
   28100.000     300.18
   28200.000     303.32
   28300.000     299.22
   28400.000     298.42
   28500.000     303.14
   28600.000     304.01
   28700.000     297.55
   28800.000     303.18
   28900.000     301.30
   29000.000     300.43
   29100.000     296.19
   29200.000     297.73
   29300.000     306.86
   29400.000     298.48
   29500.000     301.55
   29600.000     302.75
   29700.000     301.25
   29800.000     302.81
   29900.000     304.16
   30000.000     301.68
   30100.000     297.87
   30200.000     295.12
   30300.000     298.88
   30400.000     299.52
   30500.000     303.63
   30600.000     300.58
   30700.000     302.06
   30800.000     301.73
   30900.000     299.61
   31000.000     299.78
   31100.000     300.16
   31200.000     300.85
   31300.000     299.39
   31400.000     298.68
   31500.000     304.53
   31600.000     298.07
   31700.000     299.14
   31800.000     299.71
   31900.000     305.28
   32000.000     298.41
   32100.000     303.53
   32200.000     302.25
   32300.000     305.07
   32400.000     299.38
   32500.000     299.87
   32600.000     296.48
   32700.000     302.73
   32800.000     300.17
   32900.000     304.25
   33000.000     304.26
   33100.000     303.79
   33200.000     301.63
   33300.000     296.38
   33400.000     303.13
   33500.000     301.32
   33600.000     300.00
   33700.000     306.95
   33800.000     301.43
   33900.000     299.49
   34000.000     298.94
   34100.000     301.71
   34200.000     300.81
   34300.000     299.46
   34400.000     301.44
   34500.000     297.43
   34600.000     299.99
   34700.000     300.59
   34800.000     304.11
   34900.000     300.30
   35000.000     296.50
