   15100.000        9138.9648
   15200.000        9166.6572
   15300.000        9226.4004
   15400.000        9100.1572
   15500.000        9052.3389
   15600.000        9014.9688
   15700.000        9091.9951
   15800.000        9308.5645
   15900.000        9092.0283
   16000.000        9143.7656
   16100.000        9107.7100
   16200.000        9228.6289
   16300.000        9184.5820
   16400.000        9074.7715
   16500.000        9148.2031
   16600.000        9228.2617
   16700.000        9002.3193
   16800.000        9140.7324
   16900.000        9196.2871
   17000.000        9137.2314
   17100.000        9122.3652
   17200.000        9169.5635
   17300.000        9170.8252
   17400.000        9207.9121
   17500.000        9026.0723
   17600.000        9085.3350
   17700.000        9104.3691
   17800.000        9124.7090
   17900.000        9035.3379
   18000.000        9189.8477
   18100.000        9204.3027
   18200.000        9224.4209
   18300.000        9092.9287
   18400.000        9019.9922
   18500.000        9111.0146
   18600.000        9148.5605
   18700.000        9065.1865
   18800.000        9111.7852
   18900.000        9179.1201
   19000.000        9110.6973
   19100.000        9110.0557
   19200.000        9117.5801
   19300.000        9053.8457
   19400.000        9082.9980
   19500.000        9023.8564
   19600.000        9111.2959
   19700.000        9130.8027
   19800.000        9061.8008
   19900.000        9286.6680
   20000.000        9020.4375
   20100.000        9095.6133
   20200.000        9137.2529
   20300.000        9062.1982
   20400.000        9220.5703
   20500.000        9149.4072
   20600.000        9220.6914
   20700.000        9187.3311
   20800.000        9089.7031
   20900.000        9252.0068
   21000.000        9140.6953
   21100.000        9088.0059
   21200.000        9098.5273
   21300.000        9261.8984
   21400.000        9085.0957
   21500.000        9087.2900
   21600.000        9211.8662
   21700.000        9123.9092
   21800.000        9154.7305
   21900.000        9095.0693
   22000.000        9255.6465
   22100.000        9113.3525
   22200.000        9174.8848
   22300.000        9140.5137
   22400.000        9106.2363
   22500.000        9055.2256
   22600.000        9147.5010
   22700.000        9194.4678
   22800.000        9081.3164
   22900.000        8978.2930
   23000.000        9053.3037
   23100.000        9102.8398
   23200.000        9128.3311
   23300.000        9140.5967
   23400.000        9146.2539
   23500.000        9182.5469
   23600.000        9130.3135
   23700.000        9180.6113
   23800.000        9080.1689
   23900.000        9101.2217
   24000.000        9133.0576
   24100.000        8981.6914
   24200.000        9127.3301
   24300.000        9052.5234
   24400.000        9173.2197
   24500.000        9165.4111
   24600.000        9146.9561
   24700.000        9130.6777
   24800.000        9047.2207
   24900.000        9164.7422
   25000.000        9109.4814
   25100.000        9022.3311
   25200.000        9163.6650
   25300.000        9159.7480
   25400.000        9052.8750
   25500.000        9115.1953
   25600.000        9200.1758
   25700.000        9091.7217
   25800.000        9120.9619
   25900.000        9061.6816
   26000.000        9157.8896
   26100.000        9066.8750
   26200.000        9204.3730
   26300.000        9019.7920
   26400.000        9104.2344
   26500.000        9122.5947
   26600.000        9111.5654
   26700.000        9115.1797
   26800.000        9002.5947
   26900.000        9023.9922
   27000.000        9173.8203
   27100.000        9324.5713
   27200.000        9034.0645
   27300.000        9113.1523
   27400.000        9064.2422
   27500.000        9015.6924
   27600.000        9195.4648
   27700.000        9112.2256
   27800.000        9133.1729
   27900.000        9089.9668
   28000.000        9175.1475
   28100.000        9101.7070
   28200.000        9318.0898
   28300.000        9025.2178
   28400.000        9153.7754
   28500.000        9029.0547
   28600.000        9253.9541
   28700.000        9112.8174
   28800.000        9086.0586
   28900.000        9080.6650
   29000.000        9186.0703
   29100.000        9244.6953
   29200.000        9071.2402
   29300.000        9199.0635
   29400.000        9150.0156
   29500.000        9063.9248
   29600.000        9139.3213
   29700.000        9118.0010
   29800.000        9257.7510
   29900.000        9244.8682
   30000.000        9154.6611
   30100.000        9035.2236
   30200.000        9088.8154
   30300.000        9018.1553
   30400.000        9172.6543
   30500.000        9219.3730
   30600.000        9009.3613
   30700.000        9048.8184
   30800.000        9061.0566
   30900.000        9129.8232
   31000.000        9183.2598
   31100.000        9132.8037
   31200.000        8994.9072
   31300.000        9173.3115
   31400.000        9155.2178
   31500.000        8995.8438
   31600.000        9137.8896
   31700.000        9255.3242
   31800.000        9115.1738
   31900.000        9243.5059
   32000.000        9195.3418
   32100.000        9060.1465
   32200.000        9124.6123
   32300.000        9222.3516
   32400.000        9167.1602
   32500.000        9053.8955
   32600.000        9159.7549
   32700.000        9245.2686
   32800.000        9071.6260
   32900.000        9153.4873
   33000.000        9157.9766
   33100.000        9037.7969
   33200.000        9052.1465
   33300.000        9148.7725
   33400.000        9136.2910
   33500.000        9083.1104
   33600.000        9128.2988
   33700.000        9034.7773
   33800.000        9165.2412
   33900.000        9116.4727
   34000.000        9179.9844
   34100.000        9109.9033
   34200.000        9036.0410
   34300.000        9311.8789
   34400.000        9037.7412
   34500.000        9083.6982
   34600.000        9153.3740
   34700.000        9030.2119
   34800.000        9281.9521
   34900.000        9184.8232
   35000.000        9119.7314
