   15100.000      -44124.0391
   15200.000      -44299.3776
   15300.000      -44326.8491
   15400.000      -44029.2882
   15500.000      -44097.7024
   15600.000      -44074.5059
   15700.000      -44270.2251
   15800.000      -44116.7037
   15900.000      -44032.8444
   16000.000      -44151.0812
   16100.000      -44266.2937
   16200.000      -43846.0164
   16300.000      -43968.5080
   16400.000      -44116.7424
   16500.000      -44159.2073
   16600.000      -44075.1981
   16700.000      -44106.0251
   16800.000      -44122.9726
   16900.000      -44126.1622
   17000.000      -44122.5500
   17100.000      -43951.5999
   17200.000      -44117.4113
   17300.000      -43926.0526
   17400.000      -43951.3423
   17500.000      -44264.5816
   17600.000      -44004.6091
   17700.000      -44277.3229
   17800.000      -44084.4514
   17900.000      -44355.8419
   18000.000      -44123.1286
   18100.000      -44253.4214
   18200.000      -44108.5860
   18300.000      -44038.7455
   18400.000      -43975.9093
   18500.000      -44091.0899
   18600.000      -44116.7697
   18700.000      -44177.2146
   18800.000      -43911.3964
   18900.000      -44097.2875
   19000.000      -44108.3298
   19100.000      -44120.0083
   19200.000      -44084.9910
   19300.000      -44269.2472
   19400.000      -44033.7637
   19500.000      -44102.5355
   19600.000      -44157.7803
   19700.000      -44262.0883
   19800.000      -43877.3346
   19900.000      -44150.4974
   20000.000      -44027.8843
   20100.000      -44176.9196
   20200.000      -44207.4723
   20300.000      -44227.7225
   20400.000      -44072.7954
   20500.000      -44181.9346
   20600.000      -44113.2954
   20700.000      -44198.5437
   20800.000      -43975.9689
   20900.000      -44107.0166
   21000.000      -44206.2201
   21100.000      -44027.1427
   21200.000      -44259.4394
   21300.000      -44248.3401
   21400.000      -44020.0794
   21500.000      -43863.4108
   21600.000      -44113.2894
   21700.000      -44119.5995
   21800.000      -44063.9012
   21900.000      -44116.4792
   22000.000      -44128.5475
   22100.000      -44116.2133
   22200.000      -44325.0375
   22300.000      -44171.0296
   22400.000      -44286.1216
   22500.000      -44077.7438
   22600.000      -44052.3022
   22700.000      -44151.4465
   22800.000      -43838.9578
   22900.000      -44225.4613
   23000.000      -44032.1862
   23100.000      -44106.0535
   23200.000      -44141.4243
   23300.000      -44050.5665
   23400.000      -44203.7221
   23500.000      -44108.0575
   23600.000      -44020.6765
   23700.000      -44240.5345
   23800.000      -44356.7736
   23900.000      -44069.9672
   24000.000      -44083.0359
   24100.000      -44292.5178
   24200.000      -44198.5174
   24300.000      -44091.6935
   24400.000      -44120.7072
   24500.000      -44106.7655
   24600.000      -44333.9762
   24700.000      -44031.8904
   24800.000      -44157.1368
   24900.000      -44090.0667
   25000.000      -44089.5474
   25100.000      -44041.7294
   25200.000      -44045.4808
   25300.000      -44187.3237
   25400.000      -44228.1128
   25500.000      -43922.5337
   25600.000      -44176.5281
   25700.000      -44131.8111
   25800.000      -44163.5740
   25900.000      -44299.1615
   26000.000      -44212.6022
   26100.000      -44228.0945
   26200.000      -44245.2490
   26300.000      -44178.7501
   26400.000      -44262.0205
   26500.000      -44032.6245
   26600.000      -44060.7024
   26700.000      -44137.2495
   26800.000      -44282.0879
   26900.000      -44136.0156
   27000.000      -43997.8459
   27100.000      -44282.6379
   27200.000      -44119.5497
   27300.000      -44289.3511
   27400.000      -44252.2153
   27500.000      -44196.2836
   27600.000      -44121.4660
   27700.000      -44005.7233
   27800.000      -44105.5056
   27900.000      -44016.5206
   28000.000      -44210.6727
   28100.000      -43996.7993
   28200.000      -44122.1056
   28300.000      -44236.6988
   28400.000      -44225.8825
   28500.000      -44100.6884
   28600.000      -44095.9188
   28700.000      -44059.8190
   28800.000      -44069.9283
   28900.000      -44135.6771
   29000.000      -44196.7202
   29100.000      -44038.2951
   29200.000      -44147.3554
   29300.000      -44048.3485
   29400.000      -44107.4281
   29500.000      -43962.5852
   29600.000      -44182.4138
   29700.000      -44064.1519
   29800.000      -44287.2436
   29900.000      -44016.3250
   30000.000      -43986.7174
   30100.000      -44104.3022
   30200.000      -44119.3360
   30300.000      -44117.6773
   30400.000      -44120.6078
   30500.000      -44161.9416
   30600.000      -44132.3497
   30700.000      -44252.3183
   30800.000      -44149.4540
   30900.000      -44227.8168
   31000.000      -44253.4464
   31100.000      -44213.3679
   31200.000      -43980.8482
   31300.000      -44195.5988
   31400.000      -44263.2063
   31500.000      -43940.7037
   31600.000      -44165.4598
   31700.000      -44191.8814
   31800.000      -44043.8021
   31900.000      -44208.6394
   32000.000      -44051.6264
   32100.000      -44266.9570
   32200.000      -44104.7951
   32300.000      -44416.3624
   32400.000      -44096.5655
   32500.000      -44206.7927
   32600.000      -44072.8027
   32700.000      -44041.8398
   32800.000      -44182.8751
   32900.000      -44063.6903
   33000.000      -44190.5340
   33100.000      -44212.6125
   33200.000      -43879.3104
   33300.000      -44131.3535
   33400.000      -44135.2747
   33500.000      -44201.2788
   33600.000      -44165.1301
   33700.000      -44139.2654
   33800.000      -44238.7653
   33900.000      -44119.0257
   34000.000      -44207.3515
   34100.000      -43932.0349
   34200.000      -44163.5153
   34300.000      -44192.0958
   34400.000      -44009.2689
   34500.000      -44183.5093
   34600.000      -44240.3144
   34700.000      -44100.1090
   34800.000      -44363.3529
   34900.000      -44123.0215
   35000.000      -44140.9622
