   15100.000      -34985.0743
   15200.000      -35132.7204
   15300.000      -35100.4487
   15400.000      -34929.1310
   15500.000      -35045.3635
   15600.000      -35059.5371
   15700.000      -35178.2300
   15800.000      -34808.1393
   15900.000      -34940.8161
   16000.000      -35007.3156
   16100.000      -35158.5838
   16200.000      -34617.3875
   16300.000      -34783.9260
   16400.000      -35041.9709
   16500.000      -35011.0041
   16600.000      -34846.9364
   16700.000      -35103.7058
   16800.000      -34982.2402
   16900.000      -34929.8751
   17000.000      -34985.3186
   17100.000      -34829.2347
   17200.000      -34947.8479
   17300.000      -34755.2274
   17400.000      -34743.4302
   17500.000      -35238.5093
   17600.000      -34919.2742
   17700.000      -35172.9538
   17800.000      -34959.7424
   17900.000      -35320.5040
   18000.000      -34933.2810
   18100.000      -35049.1187
   18200.000      -34884.1651
   18300.000      -34945.8168
   18400.000      -34955.9171
   18500.000      -34980.0753
   18600.000      -34968.2091
   18700.000      -35112.0281
   18800.000      -34799.6112
   18900.000      -34918.1673
   19000.000      -34997.6325
   19100.000      -35009.9526
   19200.000      -34967.4109
   19300.000      -35215.4015
   19400.000      -34950.7656
   19500.000      -35078.6791
   19600.000      -35046.4844
   19700.000      -35131.2856
   19800.000      -34815.5339
   19900.000      -34863.8294
   20000.000      -35007.4468
   20100.000      -35081.3063
   20200.000      -35070.2194
   20300.000      -35165.5242
   20400.000      -34852.2251
   20500.000      -35032.5274
   20600.000      -34892.6040
   20700.000      -35011.2127
   20800.000      -34886.2658
   20900.000      -34855.0098
   21000.000      -35065.5248
   21100.000      -34939.1368
   21200.000      -35160.9120
   21300.000      -34986.4416
   21400.000      -34934.9837
   21500.000      -34776.1207
   21600.000      -34901.4231
   21700.000      -34995.6903
   21800.000      -34909.1707
   21900.000      -35021.4099
   22000.000      -34872.9011
   22100.000      -35002.8608
   22200.000      -35150.1527
   22300.000      -35030.5159
   22400.000      -35179.8853
   22500.000      -35022.5182
   22600.000      -34904.8012
   22700.000      -34956.9788
   22800.000      -34757.6414
   22900.000      -35247.1683
   23000.000      -34978.8825
   23100.000      -35003.2137
   23200.000      -35013.0933
   23300.000      -34909.9698
   23400.000      -35057.4682
   23500.000      -34925.5106
   23600.000      -34890.3631
   23700.000      -35059.9232
   23800.000      -35276.6046
   23900.000      -34968.7455
   24000.000      -34949.9782
   24100.000      -35310.8264
   24200.000      -35071.1874
   24300.000      -35039.1700
   24400.000      -34947.4875
   24500.000      -34941.3544
   24600.000      -35187.0201
   24700.000      -34901.2127
   24800.000      -35109.9161
   24900.000      -34925.3245
   25000.000      -34980.0660
   25100.000      -35019.3984
   25200.000      -34881.8157
   25300.000      -35027.5756
   25400.000      -35175.2378
   25500.000      -34807.3384
   25600.000      -34976.3523
   25700.000      -35040.0894
   25800.000      -35042.6121
   25900.000      -35237.4799
   26000.000      -35054.7125
   26100.000      -35161.2195
   26200.000      -35040.8760
   26300.000      -35158.9581
   26400.000      -35157.7862
   26500.000      -34910.0297
   26600.000      -34949.1369
   26700.000      -35022.0698
   26800.000      -35279.4932
   26900.000      -35112.0234
   27000.000      -34824.0256
   27100.000      -34958.0666
   27200.000      -35085.4852
   27300.000      -35176.1987
   27400.000      -35187.9732
   27500.000      -35180.5912
   27600.000      -34926.0011
   27700.000      -34893.4977
   27800.000      -34972.3327
   27900.000      -34926.5538
   28000.000      -35035.5252
   28100.000      -34895.0923
   28200.000      -34804.0157
   28300.000      -35211.4810
   28400.000      -35072.1071
   28500.000      -35071.6337
   28600.000      -34841.9647
   28700.000      -34947.0016
   28800.000      -34983.8697
   28900.000      -35055.0121
   29000.000      -35010.6499
   29100.000      -34793.5998
   29200.000      -35076.1151
   29300.000      -34849.2850
   29400.000      -34957.4125
   29500.000      -34898.6604
   29600.000      -35043.0925
   29700.000      -34946.1509
   29800.000      -35029.4927
   29900.000      -34771.4568
   30000.000      -34832.0563
   30100.000      -35069.0786
   30200.000      -35030.5206
   30300.000      -35099.5220
   30400.000      -34947.9535
   30500.000      -34942.5686
   30600.000      -35122.9884
   30700.000      -35203.4999
   30800.000      -35088.3974
   30900.000      -35097.9935
   31000.000      -35070.1866
   31100.000      -35080.5642
   31200.000      -34985.9410
   31300.000      -35022.2873
   31400.000      -35107.9886
   31500.000      -34944.8599
   31600.000      -35027.5702
   31700.000      -34936.5572
   31800.000      -34928.6283
   31900.000      -34965.1335
   32000.000      -34856.2846
   32100.000      -35206.8105
   32200.000      -34980.1828
   32300.000      -35194.0108
   32400.000      -34929.4054
   32500.000      -35152.8972
   32600.000      -34913.0478
   32700.000      -34796.5713
   32800.000      -35111.2492
   32900.000      -34910.2030
   33000.000      -35032.5574
   33100.000      -35174.8157
   33200.000      -34827.1639
   33300.000      -34982.5810
   33400.000      -34998.9837
   33500.000      -35118.1684
   33600.000      -35036.8313
   33700.000      -35104.4881
   33800.000      -35073.5241
   33900.000      -35002.5530
   34000.000      -35027.3671
   34100.000      -34822.1316
   34200.000      -35127.4743
   34300.000      -34880.2169
   34400.000      -34971.5277
   34500.000      -35099.8111
   34600.000      -35086.9403
   34700.000      -35069.8971
   34800.000      -35081.4008
   34900.000      -34938.1983
   35000.000      -35021.2307
