   15100.000        9010.6523
   15200.000        9131.9521
   15300.000        9099.1250
   15400.000        9054.1875
   15500.000        9199.4941
   15600.000        9088.3154
   15700.000        9193.9443
   15800.000        9103.7852
   15900.000        9074.4551
   16000.000        9074.1875
   16100.000        9136.0693
   16200.000        9053.9697
   16300.000        9204.2666
   16400.000        9257.2383
   16500.000        9095.9121
   16600.000        9124.7041
   16700.000        9352.5811
   16800.000        9079.7939
   16900.000        8976.3926
   17000.000        9054.7393
   17100.000        9188.9365
   17200.000        9167.4521
   17300.000        9192.4102
   17400.000        9101.9238
   17500.000        9067.6348
   17600.000        9027.4385
   17700.000        9327.9707
   17800.000        9129.4307
   17900.000        9032.8008
   18000.000        9069.0391
   18100.000        9067.3604
   18200.000        9169.7461
   18300.000        9249.9619
   18400.000        9159.0283
   18500.000        9152.4619
   18600.000        9246.9443
   18700.000        9036.7920
   18800.000        9023.9512
   18900.000        9044.1855
   19000.000        9139.4414
   19100.000        9063.8965
   19200.000        9109.4639
   19300.000        9134.7822
   19400.000        9036.9414
   19500.000        9093.6582
   19600.000        9136.7373
   19700.000        9134.0762
   19800.000        9206.5020
   19900.000        9011.5586
   20000.000        9111.4102
   20100.000        9217.2412
   20200.000        9140.6309
   20300.000        9040.9629
   20400.000        9171.8701
   20500.000        9192.1553
   20600.000        9264.5381
   20700.000        9235.4746
   20800.000        9154.9873
   20900.000        9083.9209
   21000.000        9062.5312
   21100.000        9161.5107
   21200.000        9104.2480
   21300.000        9226.3418
   21400.000        9158.4521
   21500.000        9084.5645
   21600.000        9111.3008
   21700.000        9152.2305
   21800.000        9215.9707
   21900.000        9073.5137
   22000.000        9117.0420
   22100.000        9213.0010
   22200.000        9099.4072
   22300.000        9049.4609
   22400.000        8997.6309
   22500.000        9172.7305
   22600.000        9146.7656
   22700.000        9095.2969
   22800.000        9127.5293
   22900.000        9181.8350
   23000.000        9088.6602
   23100.000        9213.4121
   23200.000        9291.3965
   23300.000        9239.4180
   23400.000        9134.1582
   23500.000        9113.1992
   23600.000        9028.8105
   23700.000        9056.9023
   23800.000        9119.2480
   23900.000        9111.3701
   24000.000        9079.8574
   24100.000        9090.3252
   24200.000        9156.3750
   24300.000        9085.9502
   24400.000        9126.5938
   24500.000        9043.0664
   24600.000        9112.1562
   24700.000        9167.3691
   24800.000        9106.7539
   24900.000        9144.7041
   25000.000        9194.3057
   25100.000        9111.1250
   25200.000        9116.2021
   25300.000        9015.8643
   25400.000        9087.4395
   25500.000        9131.3301
   25600.000        9200.1738
   25700.000        9129.7500
   25800.000        9149.0615
   25900.000        9050.0479
   26000.000        9068.8604
   26100.000        9029.3594
   26200.000        9094.4893
   26300.000        9204.2354
   26400.000        9074.8027
   26500.000        9117.0088
   26600.000        9108.9170
   26700.000        9087.5859
   26800.000        9162.7842
   26900.000        9085.2383
   27000.000        9284.6621
   27100.000        8989.8760
   27200.000        9250.7158
   27300.000        9237.2354
   27400.000        9126.2402
   27500.000        9068.4824
   27600.000        9122.4473
   27700.000        9244.2646
   27800.000        9136.0664
   27900.000        9126.9355
   28000.000        9302.4590
   28100.000        9039.0723
   28200.000        9051.3691
   28300.000        9161.9883
   28400.000        9106.0078
   28500.000        9194.2002
   28600.000        9089.4795
   28700.000        9249.3164
   28800.000        9203.9541
   28900.000        9087.5947
   29000.000        9019.4766
   29100.000        9222.5645
   29200.000        9249.7109
   29300.000        9030.3018
   29400.000        9127.7988
   29500.000        9070.2373
   29600.000        9200.3799
   29700.000        9103.0566
   29800.000        9231.9043
   29900.000        9178.7031
   30000.000        9063.9297
   30100.000        9095.4033
   30200.000        9025.7314
   30300.000        9200.6201
   30400.000        9030.4404
   30500.000        9155.6807
   30600.000        8971.2549
   30700.000        9057.6104
   30800.000        8989.9941
   30900.000        8917.9531
   31000.000        9120.0264
   31100.000        9204.4141
   31200.000        9018.9873
   31300.000        9057.5195
   31400.000        9058.6123
   31500.000        9138.5498
   31600.000        9091.5859
   31700.000        9112.0859
   31800.000        9017.5312
   31900.000        9088.1553
   32000.000        8985.7334
   32100.000        9058.5557
   32200.000        9197.9912
   32300.000        8988.1504
   32400.000        9123.4121
   32500.000        9171.4111
   32600.000        9140.7168
   32700.000        9148.6504
   32800.000        9120.0156
   32900.000        9185.6172
   33000.000        9231.3281
   33100.000        9132.4238
   33200.000        9161.2871
   33300.000        9120.2979
   33400.000        9164.8320
   33500.000        9103.9395
   33600.000        9146.2393
   33700.000        9187.5801
   33800.000        9156.3916
   33900.000        9099.3506
   34000.000        9132.1523
   34100.000        9020.1348
   34200.000        9130.1943
   34300.000        8941.7002
   34400.000        9276.9170
   34500.000        9179.0029
   34600.000        9044.5137
   34700.000        9155.0889
   34800.000        9133.3008
   34900.000        9105.1943
   35000.000        9193.2920
