   15100.000      -44465.5406
   15200.000      -44289.9096
   15300.000      -43957.3073
   15400.000      -44331.9873
   15500.000      -44285.2199
   15600.000      -44359.9475
   15700.000      -44289.1570
   15800.000      -44044.4920
   15900.000      -44549.2779
   16000.000      -44305.4923
   16100.000      -44049.5392
   16200.000      -44177.7545
   16300.000      -44244.3921
   16400.000      -44081.9200
   16500.000      -44338.3237
   16600.000      -44289.4107
   16700.000      -44305.6082
   16800.000      -44315.5692
   16900.000      -44416.6323
   17000.000      -44225.6250
   17100.000      -44125.8462
   17200.000      -44320.8566
   17300.000      -44374.0655
   17400.000      -44307.0076
   17500.000      -44281.5060
   17600.000      -44293.7559
   17700.000      -44110.6195
   17800.000      -44330.7600
   17900.000      -44241.6685
   18000.000      -44266.7984
   18100.000      -44402.5254
   18200.000      -44302.7774
   18300.000      -44358.8388
   18400.000      -44214.8543
   18500.000      -44253.7486
   18600.000      -44323.5287
   18700.000      -44376.1716
   18800.000      -44283.7113
   18900.000      -44337.2769
   19000.000      -44152.3729
   19100.000      -44464.2846
   19200.000      -44328.0259
   19300.000      -44340.7510
   19400.000      -44133.9288
   19500.000      -44185.9731
   19600.000      -44220.5850
   19700.000      -44163.3456
   19800.000      -44328.7016
   19900.000      -44242.6843
   20000.000      -44282.8365
   20100.000      -43999.6688
   20200.000      -44166.6369
   20300.000      -44207.7640
   20400.000      -44268.4204
   20500.000      -44106.5439
   20600.000      -44193.3701
   20700.000      -44366.8481
   20800.000      -44210.1142
   20900.000      -44146.7735
   21000.000      -44168.4318
   21100.000      -44390.0616
   21200.000      -44333.5056
   21300.000      -44440.6777
   21400.000      -44351.2433
   21500.000      -44251.9818
   21600.000      -44211.9305
   21700.000      -44442.9561
   21800.000      -44312.4631
   21900.000      -44450.5130
   22000.000      -44263.1937
   22100.000      -44240.8761
   22200.000      -44445.1311
   22300.000      -44288.4089
   22400.000      -44119.9655
   22500.000      -44248.2529
   22600.000      -44321.0204
   22700.000      -44234.0946
   22800.000      -44204.6249
   22900.000      -44269.6021
   23000.000      -44297.1621
   23100.000      -44365.1920
   23200.000      -44073.3051
   23300.000      -44412.2358
   23400.000      -44052.8925
   23500.000      -44444.5636
   23600.000      -44002.3858
   23700.000      -44176.4572
   23800.000      -44271.8390
   23900.000      -44268.3236
   24000.000      -44111.1617
   24100.000      -44132.3783
   24200.000      -44141.9786
   24300.000      -44235.3663
   24400.000      -44202.9660
   24500.000      -44423.8446
   24600.000      -44100.8170
   24700.000      -44224.7700
   24800.000      -44228.6779
   24900.000      -44371.8616
   25000.000      -44072.8153
   25100.000      -44387.0166
   25200.000      -44145.8535
   25300.000      -44193.6735
   25400.000      -43889.4148
   25500.000      -44227.2548
   25600.000      -44381.8748
   25700.000      -44231.8194
   25800.000      -44180.8306
   25900.000      -44457.2007
   26000.000      -44275.5625
   26100.000      -44330.4377
   26200.000      -44350.2686
   26300.000      -44324.3913
   26400.000      -44296.9590
   26500.000      -44463.5597
   26600.000      -44013.7465
   26700.000      -44205.8922
   26800.000      -44313.4595
   26900.000      -44346.6643
   27000.000      -44317.5869
   27100.000      -44353.7133
   27200.000      -44306.9581
   27300.000      -44147.8768
   27400.000      -44168.2084
   27500.000      -44234.3371
   27600.000      -44155.2538
   27700.000      -44344.6191
   27800.000      -44234.9359
   27900.000      -44183.3027
   28000.000      -44205.1083
   28100.000      -44489.1105
   28200.000      -44356.6629
   28300.000      -44300.6527
   28400.000      -44337.2239
   28500.000      -44220.5189
   28600.000      -44471.4761
   28700.000      -44163.5425
   28800.000      -44138.7656
   28900.000      -44331.1845
   29000.000      -44165.4741
   29100.000      -44260.3238
   29200.000      -44273.3839
   29300.000      -44270.1999
   29400.000      -44452.1546
   29500.000      -44385.8816
   29600.000      -44270.8888
   29700.000      -44225.0442
   29800.000      -44139.4580
   29900.000      -44214.1936
   30000.000      -44320.4285
   30100.000      -44283.3511
   30200.000      -44385.7976
   30300.000      -44305.9645
   30400.000      -44261.9357
   30500.000      -44311.8311
   30600.000      -44403.7223
   30700.000      -44263.7483
   30800.000      -44187.8812
   30900.000      -44250.3115
   31000.000      -44420.9150
   31100.000      -44291.5385
   31200.000      -44303.6881
   31300.000      -44491.3347
   31400.000      -44214.6677
   31500.000      -44455.8032
   31600.000      -44419.8465
   31700.000      -44360.7887
   31800.000      -44518.3244
   31900.000      -44318.0231
   32000.000      -44325.0323
   32100.000      -44240.9371
   32200.000      -44370.7072
   32300.000      -44299.4613
   32400.000      -44391.4928
   32500.000      -44353.8800
   32600.000      -44209.5939
   32700.000      -44387.6069
   32800.000      -44161.9935
   32900.000      -44283.3330
   33000.000      -44366.6156
   33100.000      -44190.8681
   33200.000      -44390.0651
   33300.000      -44326.2029
   33400.000      -44281.2659
   33500.000      -44093.0258
   33600.000      -44201.5556
   33700.000      -44323.8796
   33800.000      -44280.8463
   33900.000      -44207.9752
   34000.000      -44220.6158
   34100.000      -44252.3597
   34200.000      -44157.8972
   34300.000      -44471.6325
   34400.000      -44361.9369
   34500.000      -44286.7417
   34600.000      -44280.7206
   34700.000      -44190.6410
   34800.000      -44218.4091
   34900.000      -44139.7345
   35000.000      -44002.5926
