   15100.000      -35454.8883
   15200.000      -35157.9575
   15300.000      -34858.1823
   15400.000      -35277.7998
   15500.000      -35085.7258
   15600.000      -35271.6321
   15700.000      -35095.2126
   15800.000      -34940.7068
   15900.000      -35474.8228
   16000.000      -35231.3048
   16100.000      -34913.4699
   16200.000      -35123.7848
   16300.000      -35040.1255
   16400.000      -34824.6817
   16500.000      -35242.4116
   16600.000      -35164.7066
   16700.000      -34953.0272
   16800.000      -35235.7753
   16900.000      -35440.2398
   17000.000      -35170.8857
   17100.000      -34936.9096
   17200.000      -35153.4044
   17300.000      -35181.6554
   17400.000      -35205.0838
   17500.000      -35213.8713
   17600.000      -35266.3174
   17700.000      -34782.6488
   17800.000      -35201.3293
   17900.000      -35208.8677
   18000.000      -35197.7594
   18100.000      -35335.1651
   18200.000      -35133.0313
   18300.000      -35108.8769
   18400.000      -35055.8260
   18500.000      -35101.2867
   18600.000      -35076.5844
   18700.000      -35339.3796
   18800.000      -35259.7601
   18900.000      -35293.0913
   19000.000      -35012.9315
   19100.000      -35400.3881
   19200.000      -35218.5620
   19300.000      -35205.9688
   19400.000      -35096.9873
   19500.000      -35092.3149
   19600.000      -35083.8477
   19700.000      -35029.2694
   19800.000      -35122.1997
   19900.000      -35231.1257
   20000.000      -35171.4264
   20100.000      -34782.4276
   20200.000      -35026.0060
   20300.000      -35166.8011
   20400.000      -35096.5503
   20500.000      -34914.3886
   20600.000      -34928.8320
   20700.000      -35131.3735
   20800.000      -35055.1269
   20900.000      -35062.8526
   21000.000      -35105.9006
   21100.000      -35228.5508
   21200.000      -35229.2576
   21300.000      -35214.3359
   21400.000      -35192.7912
   21500.000      -35167.4174
   21600.000      -35100.6298
   21700.000      -35290.7256
   21800.000      -35096.4924
   21900.000      -35376.9993
   22000.000      -35146.1517
   22100.000      -35027.8752
   22200.000      -35345.7239
   22300.000      -35238.9480
   22400.000      -35122.3347
   22500.000      -35075.5224
   22600.000      -35174.2548
   22700.000      -35138.7977
   22800.000      -35077.0956
   22900.000      -35087.7672
   23000.000      -35208.5020
   23100.000      -35151.7799
   23200.000      -34781.9086
   23300.000      -35172.8179
   23400.000      -34918.7343
   23500.000      -35331.3643
   23600.000      -34973.5752
   23700.000      -35119.5548
   23800.000      -35152.5910
   23900.000      -35156.9535
   24000.000      -35031.3043
   24100.000      -35042.0531
   24200.000      -34985.6036
   24300.000      -35149.4161
   24400.000      -35076.3723
   24500.000      -35380.7782
   24600.000      -34988.6608
   24700.000      -35057.4009
   24800.000      -35121.9240
   24900.000      -35227.1575
   25000.000      -34878.5096
   25100.000      -35275.8916
   25200.000      -35029.6514
   25300.000      -35177.8093
   25400.000      -34801.9754
   25500.000      -35095.9248
   25600.000      -35181.7010
   25700.000      -35102.0694
   25800.000      -35031.7691
   25900.000      -35407.1528
   26000.000      -35206.7021
   26100.000      -35301.0783
   26200.000      -35255.7794
   26300.000      -35120.1560
   26400.000      -35222.1562
   26500.000      -35346.5509
   26600.000      -34904.8296
   26700.000      -35118.3063
   26800.000      -35150.6753
   26900.000      -35261.4260
   27000.000      -35032.9248
   27100.000      -35363.8373
   27200.000      -35056.2422
   27300.000      -34910.6415
   27400.000      -35041.9682
   27500.000      -35165.8547
   27600.000      -35032.8066
   27700.000      -35100.3544
   27800.000      -35098.8695
   27900.000      -35056.3671
   28000.000      -34902.6493
   28100.000      -35450.0382
   28200.000      -35305.2938
   28300.000      -35138.6644
   28400.000      -35231.2161
   28500.000      -35026.3187
   28600.000      -35381.9966
   28700.000      -34914.2261
   28800.000      -34934.8115
   28900.000      -35243.5898
   29000.000      -35145.9976
   29100.000      -35037.7593
   29200.000      -35023.6730
   29300.000      -35239.8981
   29400.000      -35324.3558
   29500.000      -35315.6443
   29600.000      -35070.5089
   29700.000      -35121.9876
   29800.000      -34907.5537
   29900.000      -35035.4905
   30000.000      -35256.4988
   30100.000      -35187.9478
   30200.000      -35360.0662
   30300.000      -35105.3444
   30400.000      -35231.4952
   30500.000      -35156.1504
   30600.000      -35432.4674
   30700.000      -35206.1380
   30800.000      -35197.8871
   30900.000      -35332.3584
   31000.000      -35300.8887
   31100.000      -35087.1245
   31200.000      -35284.7008
   31300.000      -35433.8152
   31400.000      -35156.0554
   31500.000      -35317.2534
   31600.000      -35328.2605
   31700.000      -35248.7028
   31800.000      -35500.7932
   31900.000      -35229.8678
   32000.000      -35339.2989
   32100.000      -35182.3814
   32200.000      -35172.7160
   32300.000      -35311.3109
   32400.000      -35268.0807
   32500.000      -35182.4688
   32600.000      -35068.8771
   32700.000      -35238.9565
   32800.000      -35041.9779
   32900.000      -35097.7158
   33000.000      -35135.2875
   33100.000      -35058.4443
   33200.000      -35228.7780
   33300.000      -35205.9051
   33400.000      -35116.4339
   33500.000      -34989.0863
   33600.000      -35055.3164
   33700.000      -35136.2995
   33800.000      -35124.4547
   33900.000      -35108.6246
   34000.000      -35088.4635
   34100.000      -35232.2249
   34200.000      -35027.7029
   34300.000      -35529.9323
   34400.000      -35085.0199
   34500.000      -35107.7387
   34600.000      -35236.2069
   34700.000      -35035.5522
   34800.000      -35085.1083
   34900.000      -35034.5401
   35000.000      -34809.3006
