   15100.000     296.97
   15200.000     300.96
   15300.000     299.88
   15400.000     298.40
   15500.000     303.19
   15600.000     299.52
   15700.000     303.01
   15800.000     300.03
   15900.000     299.07
   16000.000     299.06
   16100.000     301.10
   16200.000     298.39
   16300.000     303.35
   16400.000     305.09
   16500.000     299.78
   16600.000     300.72
   16700.000     308.23
   16800.000     299.24
   16900.000     295.84
   17000.000     298.42
   17100.000     302.84
   17200.000     302.13
   17300.000     302.96
   17400.000     299.97
   17500.000     298.84
   17600.000     297.52
   17700.000     307.42
   17800.000     300.88
   17900.000     297.70
   18000.000     298.89
   18100.000     298.83
   18200.000     302.21
   18300.000     304.85
   18400.000     301.86
   18500.000     301.64
   18600.000     304.75
   18700.000     297.83
   18800.000     297.40
   18900.000     298.07
   19000.000     301.21
   19100.000     298.72
   19200.000     300.22
   19300.000     301.06
   19400.000     297.83
   19500.000     299.70
   19600.000     301.12
   19700.000     301.03
   19800.000     303.42
   19900.000     297.00
   20000.000     300.29
   20100.000     303.77
   20200.000     301.25
   20300.000     297.96
   20400.000     302.28
   20500.000     302.95
   20600.000     305.33
   20700.000     304.37
   20800.000     301.72
   20900.000     299.38
   21000.000     298.68
   21100.000     301.94
   21200.000     300.05
   21300.000     304.07
   21400.000     301.84
   21500.000     299.40
   21600.000     300.28
   21700.000     301.63
   21800.000     303.73
   21900.000     299.04
   22000.000     300.47
   22100.000     303.63
   22200.000     299.89
   22300.000     298.24
   22400.000     296.54
   22500.000     302.31
   22600.000     301.45
   22700.000     299.76
   22800.000     300.82
   22900.000     302.61
   23000.000     299.54
   23100.000     303.65
   23200.000     306.22
   23300.000     304.50
   23400.000     301.04
   23500.000     300.35
   23600.000     297.56
   23700.000     298.49
   23800.000     300.54
   23900.000     300.28
   24000.000     299.25
   24100.000     299.59
   24200.000     301.77
   24300.000     299.45
   24400.000     300.79
   24500.000     298.03
   24600.000     300.31
   24700.000     302.13
   24800.000     300.13
   24900.000     301.38
   25000.000     303.02
   25100.000     300.28
   25200.000     300.44
   25300.000     297.14
   25400.000     299.50
   25500.000     300.94
   25600.000     303.21
   25700.000     300.89
   25800.000     301.53
   25900.000     298.26
   26000.000     298.88
   26100.000     297.58
   26200.000     299.73
   26300.000     303.35
   26400.000     299.08
   26500.000     300.47
   26600.000     300.20
   26700.000     299.50
   26800.000     301.98
   26900.000     299.42
   27000.000     306.00
   27100.000     296.28
   27200.000     304.88
   27300.000     304.43
   27400.000     300.77
   27500.000     298.87
   27600.000     300.65
   27700.000     304.66
   27800.000     301.10
   27900.000     300.80
   28000.000     306.58
   28100.000     297.90
   28200.000     298.31
   28300.000     301.95
   28400.000     300.11
   28500.000     303.01
   28600.000     299.56
   28700.000     304.83
   28800.000     303.34
   28900.000     299.50
   29000.000     297.26
   29100.000     303.95
   29200.000     304.84
   29300.000     297.61
   29400.000     300.83
   29500.000     298.93
   29600.000     303.22
   29700.000     300.01
   29800.000     304.26
   29900.000     302.50
   30000.000     298.72
   30100.000     299.76
   30200.000     297.46
   30300.000     303.23
   30400.000     297.62
   30500.000     301.75
   30600.000     295.67
   30700.000     298.51
   30800.000     296.28
   30900.000     293.91
   31000.000     300.57
   31100.000     303.35
   31200.000     297.24
   31300.000     298.51
   31400.000     298.55
   31500.000     301.18
   31600.000     299.63
   31700.000     300.31
   31800.000     297.19
   31900.000     299.52
   32000.000     296.14
   32100.000     298.54
   32200.000     303.14
   32300.000     296.22
   32400.000     300.68
   32500.000     302.26
   32600.000     301.25
   32700.000     301.51
   32800.000     300.57
   32900.000     302.73
   33000.000     304.24
   33100.000     300.98
   33200.000     301.93
   33300.000     300.58
   33400.000     302.05
   33500.000     300.04
   33600.000     301.43
   33700.000     302.80
   33800.000     301.77
   33900.000     299.89
   34000.000     300.97
   34100.000     297.28
   34200.000     300.91
   34300.000     294.69
   34400.000     305.74
   34500.000     302.51
   34600.000     298.08
   34700.000     301.73
   34800.000     301.01
   34900.000     300.08
   35000.000     302.98
