   15100.000        9113.8057
   15200.000        9216.8193
   15300.000        9188.9619
   15400.000        9182.6562
   15500.000        9128.7578
   15600.000        9250.1816
   15700.000        8946.2188
   15800.000        9131.3496
   15900.000        9058.2480
   16000.000        9070.4658
   16100.000        9029.2666
   16200.000        9064.9775
   16300.000        9071.4775
   16400.000        9143.1084
   16500.000        9215.2754
   16600.000        9188.7520
   16700.000        9166.3447
   16800.000        9138.2012
   16900.000        9093.8789
   17000.000        9087.8711
   17100.000        9233.2549
   17200.000        9025.4854
   17300.000        9101.5664
   17400.000        8926.5049
   17500.000        9145.0850
   17600.000        9054.6299
   17700.000        9135.2285
   17800.000        9204.7920
   17900.000        8982.4287
   18000.000        9059.3516
   18100.000        9181.9473
   18200.000        9101.3340
   18300.000        9129.3525
   18400.000        9272.7549
   18500.000        9246.1768
   18600.000        9099.8975
   18700.000        9155.8066
   18800.000        9156.3652
   18900.000        9081.4707
   19000.000        9080.3672
   19100.000        9077.6016
   19200.000        9161.6436
   19300.000        9101.7471
   19400.000        9141.7451
   19500.000        9225.4492
   19600.000        9119.4893
   19700.000        9111.4072
   19800.000        9026.2705
   19900.000        9145.1035
   20000.000        9214.2686
   20100.000        9127.7412
   20200.000        9149.2080
   20300.000        9171.1641
   20400.000        9136.5498
   20500.000        9120.0225
   20600.000        9114.1797
   20700.000        9071.6436
   20800.000        9172.4346
   20900.000        9171.2529
   21000.000        9124.4980
   21100.000        9237.6572
   21200.000        9159.1084
   21300.000        9114.4014
   21400.000        9130.4092
   21500.000        9248.1699
   21600.000        9170.6855
   21700.000        9140.4131
   21800.000        9101.3340
   21900.000        9141.2295
   22000.000        9144.8408
   22100.000        9151.0859
   22200.000        9020.6123
   22300.000        8973.4365
   22400.000        9166.3623
   22500.000        9216.7881
   22600.000        9044.7100
   22700.000        9094.0400
   22800.000        8995.6064
   22900.000        9030.9785
   23000.000        9192.5078
   23100.000        8989.3545
   23200.000        9215.3594
   23300.000        9178.4902
   23400.000        9095.3252
   23500.000        8912.6025
   23600.000        9036.3809
   23700.000        9152.6172
   23800.000        9097.4453
   23900.000        9097.6025
   24000.000        9061.7568
   24100.000        9065.4707
   24200.000        9366.2529
   24300.000        9164.7324
   24400.000        9098.5674
   24500.000        9011.8701
   24600.000        9214.9883
   24700.000        9056.0977
   24800.000        9069.6045
   24900.000        9148.3896
   25000.000        9130.9453
   25100.000        9209.9180
   25200.000        9208.9854
   25300.000        9103.4004
   25400.000        9165.3652
   25500.000        8960.2949
   25600.000        9179.1982
   25700.000        9226.5615
   25800.000        9115.8613
   25900.000        9127.1943
   26000.000        9126.5068
   26100.000        9120.6963
   26200.000        9110.1719
   26300.000        9150.6367
   26400.000        9269.6562
   26500.000        9183.3965
   26600.000        9095.0977
   26700.000        9105.8721
   26800.000        9083.6445
   26900.000        9159.8135
   27000.000        9208.2334
   27100.000        9013.0576
   27200.000        9244.7822
   27300.000        9204.8916
   27400.000        9169.2031
   27500.000        9166.8613
   27600.000        9092.7568
   27700.000        9124.4932
   27800.000        9191.8506
   27900.000        9141.8955
   28000.000        9020.9873
   28100.000        9075.9824
   28200.000        9282.8359
   28300.000        9114.0518
   28400.000        9150.5449
   28500.000        9151.2793
   28600.000        9106.4844
   28700.000        8999.5166
   28800.000        9113.3281
   28900.000        9115.6436
   29000.000        9178.6230
   29100.000        9186.0508
   29200.000        9007.9990
   29300.000        9146.0430
   29400.000        9107.7969
   29500.000        8943.0166
   29600.000        9152.8223
   29700.000        9147.7627
   29800.000        9130.7393
   29900.000        9143.8281
   30000.000        9126.0752
   30100.000        9202.3213
   30200.000        9044.0186
   30300.000        9246.0586
   30400.000        9086.7783
   30500.000        9150.5439
   30600.000        9080.7559
   30700.000        9145.8477
   30800.000        9259.7451
   30900.000        9068.7715
   31000.000        8966.6436
   31100.000        9234.9121
   31200.000        9143.2129
   31300.000        9054.5830
   31400.000        9166.3623
   31500.000        9159.9434
   31600.000        9039.7588
   31700.000        9098.2793
   31800.000        9247.9668
   31900.000        9146.6084
   32000.000        9065.3457
   32100.000        9093.6221
   32200.000        8957.2432
   32300.000        9121.2197
   32400.000        9212.2217
   32500.000        9185.6768
   32600.000        9070.9590
   32700.000        9180.4258
   32800.000        9165.0615
   32900.000        9019.3223
   33000.000        9202.9707
   33100.000        9190.9277
   33200.000        9058.9287
   33300.000        9093.2432
   33400.000        9274.5518
   33500.000        9125.0684
   33600.000        9162.9453
   33700.000        9059.8105
   33800.000        9110.9668
   33900.000        9162.5254
   34000.000        9162.9648
   34100.000        9128.7090
   34200.000        9091.9297
   34300.000        9141.2676
   34400.000        9081.2930
   34500.000        9180.0225
   34600.000        9055.1748
   34700.000        9063.8984
   34800.000        9126.4375
   34900.000        9114.7070
   35000.000        9056.1992
