   15100.000      -43968.2770
   15200.000      -44078.5493
   15300.000      -43928.2167
   15400.000      -44017.5525
   15500.000      -44231.9223
   15600.000      -44039.7983
   15700.000      -43870.7177
   15800.000      -44033.9755
   15900.000      -43931.5233
   16000.000      -44045.9991
   16100.000      -43982.9165
   16200.000      -44084.3560
   16300.000      -43891.7049
   16400.000      -43852.3369
   16500.000      -43980.3558
   16600.000      -43895.6029
   16700.000      -44093.7479
   16800.000      -43977.9634
   16900.000      -44123.7053
   17000.000      -43933.0508
   17100.000      -44012.0950
   17200.000      -44088.6667
   17300.000      -44034.4410
   17400.000      -44026.8654
   17500.000      -44050.2061
   17600.000      -43845.4391
   17700.000      -43934.4377
   17800.000      -44162.8555
   17900.000      -44245.0606
   18000.000      -43923.0154
   18100.000      -44245.7155
   18200.000      -44053.4066
   18300.000      -43934.2391
   18400.000      -44002.9198
   18500.000      -44087.2418
   18600.000      -44048.5303
   18700.000      -43779.1262
   18800.000      -43677.5784
   18900.000      -43918.3608
   19000.000      -43898.2472
   19100.000      -44095.5971
   19200.000      -43905.1866
   19300.000      -44027.5262
   19400.000      -44033.7723
   19500.000      -43870.9611
   19600.000      -43953.8503
   19700.000      -44008.1834
   19800.000      -44025.8086
   19900.000      -43980.0471
   20000.000      -44081.7005
   20100.000      -43889.0616
   20200.000      -43989.1037
   20300.000      -44027.3801
   20400.000      -43919.0406
   20500.000      -44000.7256
   20600.000      -43887.9548
   20700.000      -43986.8952
   20800.000      -44059.1220
   20900.000      -44024.8621
   21000.000      -44007.2912
   21100.000      -43957.1007
   21200.000      -43847.9982
   21300.000      -43871.6568
   21400.000      -43862.4554
   21500.000      -43885.7828
   21600.000      -43820.4959
   21700.000      -44014.4809
   21800.000      -43973.4878
   21900.000      -44055.3433
   22000.000      -43791.2271
   22100.000      -43902.0291
   22200.000      -44094.2080
   22300.000      -44018.2084
   22400.000      -43993.3234
   22500.000      -44110.2420
   22600.000      -43762.5440
   22700.000      -44000.5059
   22800.000      -43981.1064
   22900.000      -44022.8942
   23000.000      -43801.7290
   23100.000      -44196.4400
   23200.000      -43964.1457
   23300.000      -43873.8250
   23400.000      -44165.4245
   23500.000      -44065.7097
   23600.000      -44249.3758
   23700.000      -43945.7199
   23800.000      -44205.1920
   23900.000      -43970.5844
   24000.000      -43967.9015
   24100.000      -43975.1263
   24200.000      -44017.1664
   24300.000      -43981.2675
   24400.000      -44148.2533
   24500.000      -43907.1406
   24600.000      -44178.9643
   24700.000      -44048.6030
   24800.000      -43942.4715
   24900.000      -44016.0406
   25000.000      -43864.0460
   25100.000      -43957.8289
   25200.000      -44006.3705
   25300.000      -43943.0313
   25400.000      -44022.7093
   25500.000      -43863.3979
   25600.000      -44028.8809
   25700.000      -44182.2779
   25800.000      -44122.8013
   25900.000      -43954.1617
   26000.000      -43855.5453
   26100.000      -44050.4486
   26200.000      -44037.8227
   26300.000      -44047.4299
   26400.000      -44029.9855
   26500.000      -43998.2003
   26600.000      -43875.3924
   26700.000      -43879.1195
   26800.000      -43982.4343
   26900.000      -44096.5099
   27000.000      -43928.9096
   27100.000      -44189.8455
   27200.000      -43914.4041
   27300.000      -43886.7117
   27400.000      -44105.4147
   27500.000      -44022.6694
   27600.000      -43766.1197
   27700.000      -44167.4329
   27800.000      -43886.6237
   27900.000      -43915.9142
   28000.000      -44213.6753
   28100.000      -44049.2030
   28200.000      -43887.5290
   28300.000      -43969.0590
   28400.000      -44002.0213
   28500.000      -43908.2448
   28600.000      -44031.8107
   28700.000      -44043.0245
   28800.000      -44020.8888
   28900.000      -43938.5565
   29000.000      -44068.4807
   29100.000      -44090.5944
   29200.000      -44257.4152
   29300.000      -43988.1640
   29400.000      -44079.3127
   29500.000      -44255.5630
   29600.000      -44043.6207
   29700.000      -44229.7647
   29800.000      -43993.8660
   29900.000      -44044.0171
   30000.000      -43979.2153
   30100.000      -43879.7277
   30200.000      -44103.1903
   30300.000      -43921.3689
   30400.000      -44127.0813
   30500.000      -44028.4348
   30600.000      -43941.2229
   30700.000      -44005.8778
   30800.000      -44231.6405
   30900.000      -44050.1879
   31000.000      -44087.2612
   31100.000      -44081.6091
   31200.000      -44157.3417
   31300.000      -44222.4607
   31400.000      -43957.8797
   31500.000      -44033.2584
   31600.000      -43961.2542
   31700.000      -43879.9769
   31800.000      -44065.8308
   31900.000      -44295.0333
   32000.000      -44142.7038
   32100.000      -44238.5650
   32200.000      -44072.9852
   32300.000      -44058.1374
   32400.000      -44122.3862
   32500.000      -44052.4309
   32600.000      -43979.0651
   32700.000      -44089.4705
   32800.000      -43994.3978
   32900.000      -44000.6810
   33000.000      -44074.2180
   33100.000      -43700.4897
   33200.000      -43928.1453
   33300.000      -43941.0053
   33400.000      -44138.7117
   33500.000      -43971.6817
   33600.000      -44078.6411
   33700.000      -44158.7558
   33800.000      -43985.7560
   33900.000      -44090.1403
   34000.000      -43822.9293
   34100.000      -43907.2705
   34200.000      -43942.9271
   34300.000      -44078.3944
   34400.000      -43986.3793
   34500.000      -44154.9845
   34600.000      -44129.3141
   34700.000      -43887.7003
   34800.000      -44128.4415
   34900.000      -44091.7141
   35000.000      -43915.3396
