   15100.000      -34854.4714
   15200.000      -34861.7300
   15300.000      -34739.2548
   15400.000      -34834.8962
   15500.000      -35103.1644
   15600.000      -34789.6167
   15700.000      -34924.4990
   15800.000      -34902.6259
   15900.000      -34873.2752
   16000.000      -34975.5332
   16100.000      -34953.6499
   16200.000      -35019.3785
   16300.000      -34820.2273
   16400.000      -34709.2285
   16500.000      -34765.0804
   16600.000      -34706.8510
   16700.000      -34927.4032
   16800.000      -34839.7622
   16900.000      -35029.8264
   17000.000      -34845.1797
   17100.000      -34778.8402
   17200.000      -35063.1814
   17300.000      -34932.8746
   17400.000      -35100.3605
   17500.000      -34905.1211
   17600.000      -34790.8092
   17700.000      -34799.2092
   17800.000      -34958.0635
   17900.000      -35262.6319
   18000.000      -34863.6638
   18100.000      -35063.7682
   18200.000      -34952.0726
   18300.000      -34804.8866
   18400.000      -34730.1649
   18500.000      -34841.0650
   18600.000      -34948.6328
   18700.000      -34623.3196
   18800.000      -34521.2131
   18900.000      -34836.8901
   19000.000      -34817.8800
   19100.000      -35017.9955
   19200.000      -34743.5431
   19300.000      -34925.7791
   19400.000      -34892.0272
   19500.000      -34645.5119
   19600.000      -34834.3610
   19700.000      -34896.7761
   19800.000      -34999.5381
   19900.000      -34834.9436
   20000.000      -34867.4319
   20100.000      -34761.3204
   20200.000      -34839.8957
   20300.000      -34856.2160
   20400.000      -34782.4908
   20500.000      -34880.7032
   20600.000      -34773.7751
   20700.000      -34915.2517
   20800.000      -34886.6874
   20900.000      -34853.6091
   21000.000      -34882.7932
   21100.000      -34719.4434
   21200.000      -34688.8898
   21300.000      -34757.2555
   21400.000      -34732.0462
   21500.000      -34637.6129
   21600.000      -34649.8104
   21700.000      -34874.0678
   21800.000      -34872.1538
   21900.000      -34914.1138
   22000.000      -34646.3863
   22100.000      -34750.9432
   22200.000      -35073.5957
   22300.000      -35044.7719
   22400.000      -34826.9611
   22500.000      -34893.4540
   22600.000      -34717.8341
   22700.000      -34906.4659
   22800.000      -34985.5000
   22900.000      -34991.9157
   23000.000      -34609.2212
   23100.000      -35207.0855
   23200.000      -34748.7863
   23300.000      -34695.3348
   23400.000      -35070.0993
   23500.000      -35153.1072
   23600.000      -35212.9949
   23700.000      -34793.1027
   23800.000      -35107.7466
   23900.000      -34872.9818
   24000.000      -34906.1446
   24100.000      -34909.6556
   24200.000      -34650.9135
   24300.000      -34816.5351
   24400.000      -35049.6859
   24500.000      -34895.2705
   24600.000      -34963.9760
   24700.000      -34992.5054
   24800.000      -34872.8670
   24900.000      -34867.6510
   25000.000      -34733.1007
   25100.000      -34747.9109
   25200.000      -34797.3852
   25300.000      -34839.6309
   25400.000      -34857.3441
   25500.000      -34903.1030
   25600.000      -34849.6827
   25700.000      -34955.7164
   25800.000      -35006.9400
   25900.000      -34826.9674
   26000.000      -34729.0385
   26100.000      -34929.7523
   26200.000      -34927.6508
   26300.000      -34896.7932
   26400.000      -34760.3292
   26500.000      -34814.8038
   26600.000      -34780.2947
   26700.000      -34773.2474
   26800.000      -34898.7897
   26900.000      -34936.6964
   27000.000      -34720.6762
   27100.000      -35176.7878
   27200.000      -34669.6219
   27300.000      -34681.8201
   27400.000      -34936.2116
   27500.000      -34855.8081
   27600.000      -34673.3629
   27700.000      -35042.9398
   27800.000      -34694.7731
   27900.000      -34774.0187
   28000.000      -35192.6880
   28100.000      -34973.2206
   28200.000      -34604.6931
   28300.000      -34855.0072
   28400.000      -34851.4764
   28500.000      -34756.9655
   28600.000      -34925.3263
   28700.000      -35043.5079
   28800.000      -34907.5607
   28900.000      -34822.9130
   29000.000      -34889.8576
   29100.000      -34904.5437
   29200.000      -35249.4161
   29300.000      -34842.1210
   29400.000      -34971.5159
   29500.000      -35312.5464
   29600.000      -34890.7985
   29700.000      -35082.0020
   29800.000      -34863.1268
   29900.000      -34900.1890
   30000.000      -34853.1401
   30100.000      -34677.4064
   30200.000      -35059.1717
   30300.000      -34675.3103
   30400.000      -35040.3030
   30500.000      -34877.8908
   30600.000      -34860.4671
   30700.000      -34860.0302
   30800.000      -34971.8954
   30900.000      -34981.4164
   31000.000      -35120.6177
   31100.000      -34846.6970
   31200.000      -35014.1288
   31300.000      -35167.8777
   31400.000      -34791.5174
   31500.000      -34873.3151
   31600.000      -34921.4954
   31700.000      -34781.6976
   31800.000      -34817.8640
   31900.000      -35148.4249
   32000.000      -35077.3581
   32100.000      -35144.9429
   32200.000      -35115.7421
   32300.000      -34936.9177
   32400.000      -34910.1645
   32500.000      -34866.7542
   32600.000      -34908.1061
   32700.000      -34909.0447
   32800.000      -34829.3363
   32900.000      -34981.3587
   33000.000      -34871.2473
   33100.000      -34509.5620
   33200.000      -34869.2165
   33300.000      -34847.7622
   33400.000      -34864.1599
   33500.000      -34846.6133
   33600.000      -34915.6957
   33700.000      -35098.9453
   33800.000      -34874.7892
   33900.000      -34927.6149
   34000.000      -34659.9645
   34100.000      -34778.5615
   34200.000      -34850.9974
   34300.000      -34937.1268
   34400.000      -34905.0863
   34500.000      -34974.9620
   34600.000      -35074.1393
   34700.000      -34823.8019
   34800.000      -35002.0040
   34900.000      -34977.0071
   35000.000      -34859.1404
