#Atom            RMSF
  36.000       3.0020
  55.000       2.5430
  74.000       1.8511
  93.000       1.5180
 112.000       1.5666
 134.000       2.0316
 148.000       2.2348
 172.000       1.3880
 191.000       1.6780
 209.000       1.7817
 223.000       1.5873
 242.000       1.7248
 259.000       1.7605
 270.000       1.3624
 286.000       1.0116
 296.000       1.1853
 318.000       1.4685
 332.000       1.3462
 351.000       0.9658
 365.000       1.3037
 372.000       1.0200
 391.000       1.1876
 407.000       1.3301
 424.000       1.3051
 441.000       0.9791
 463.000       0.9297
 473.000       1.0728
 487.000       1.0275
 503.000       0.8989
 519.000       0.9039
 538.000       1.0794
 557.000       1.4819
 564.000       1.0537
 578.000       1.0298
 597.000       1.2140
 613.000       1.1434
 629.000       1.2200
 648.000       0.9493
 664.000       0.8988
 686.000       0.8073
 708.000       0.6437
 724.000       0.6427
 741.000       0.7497
 760.000       0.6831
 781.000       0.6759
 791.000       0.8035
 810.000       0.9094
 820.000       0.9343
 839.000       0.9574
 858.000       1.1449
 880.000       1.3198
 894.000       1.2396
 914.000       1.3187
 928.000       1.2202
 947.000       1.2239
 966.000       2.2178
 982.000       3.2235
1004.000       2.9705
1018.000       2.8385
1032.000       2.5449
1048.000       1.9607
1068.000       1.9452
1098.000       2.2622
1104.000       1.9680
1121.000       1.9985
1128.000       1.5412
1147.000       1.2811
1169.000       1.5559
1179.000       1.4219
1195.000       1.0435
1212.000       1.1283
1231.000       1.4158
1250.000       1.2357
1269.000       1.0419
1288.000       1.2659
1304.000       1.3918
1323.000       1.5454
1337.000       1.1802
1348.000       1.0043
1364.000       1.2870
1386.000       1.1969
1403.000       1.0002
1422.000       1.2016
1438.000       1.3205
1449.000       0.9715
1465.000       0.9262
1475.000       1.6463
1486.000       2.0717
1500.000       1.5463
1519.000       2.0466
1530.000       1.5125
1549.000       1.7232
1568.000       1.4728
1590.000       1.3432
1596.000       1.0493
1614.000       0.8654
1633.000       0.8816
1655.000       0.7847
1665.000       0.6320
1676.000       0.6592
1698.000       0.6717
1717.000       0.6461
1733.000       0.6416
1750.000       0.6884
1760.000       0.7094
1776.000       0.7351
1787.000       0.8774
1809.000       0.8547
1830.000       0.7979
1852.000       0.7568
1866.000       0.8741
1883.000       0.9178
1905.000       1.3066
