GL4	4	81954.39847746168	1.8967821382079526e-5
GL4	5	-7.052759889955267	-0.11326088953427466
HIP	11	188856.90944546944	-4.9636210255723e-6
GL4	13	62617.220444690756	3.559658634016471e-5
GL4	20	-23.904338667754907	-0.08547128330781928
AS4	24	-3.498255089370402	-0.13090068686959067
AS4	30	-10.275151721715465	-0.10701038399636469
GL4	33	-12.2722465265492	-0.10377957403056565
AS4	37	-3.565437944077322	-0.1309860238523761
GL4	39	84567.61911593561	2.436485789044187e-5
AS4	40	-2.137071227120093	-0.1488667915369609
GL4	48	-3.6809867917517614	-0.13013082715828014
AS4	58	-1.97863229087416	-0.14687272225711345
GL4	73	102329.93597673654	1.3809987130449512e-5
AS4	77	152323.27748617998	7.145730939443704e-6
GL4	78	-9.093823226535493	-0.11224187719591606
AS4	87	-3.2808487086818388	-0.14047726750760797
GL4	93	-4.465784422210565	-0.12671121078677697
GL4	94	96522.9083738445	2.024776768234095e-5
HIP	97	189393.29858112585	-4.9288540676300425e-6
AS4	117	-13.336488187987499	-0.1026181109320778
