GL4	4	4.165135078024301	0.6512378512185263
GL4	5	3.510067145046187	0.7164417750435393
HIP	11	6.295648620867275	0.7739546750766191
GL4	13	5.311102700200433	0.5366908678823532
GL4	20	5.389650941199792	0.86883985014973
AS4	24	2.627431243775929	0.7619920022371535
AS4	30	4.228181738428693	0.599519645229582
GL4	33	4.291691932253637	0.5406268844160874
AS4	37	2.290091935668255	0.5384967433535472
GL4	39	5.471958265524339	0.6145761893652173
AS4	40	2.2964208489988933	0.5365814183971145
GL4	48	2.641283748681475	0.7435905948237963
AS4	58	2.4559339836910747	1.0204723876385338
GL4	73	4.550047617087997	0.48481862110750096
AS4	77	2.670816821968861	0.7258891895359728
GL4	78	4.219684487063113	0.548062701967584
AS4	87	2.880871356182413	0.6105305981334934
GL4	93	2.979743598052051	0.8150094023105856
GL4	94	4.704871370015531	0.7959975980469736
HIP	97	6.232929405608326	0.8116882699261025
AS4	117	4.5270743805106965	0.469892137553015
