GL4	4	4.2513993049621694	0.7187280539578745
GL4	5	3.576501478035672	0.7311244352925762
HIP	11	6.764374794356134	0.8269380657324967
GL4	13	5.253989043033432	0.6312870006487462
GL4	20	5.286935493070246	0.8169887875099576
AS4	24	2.5988602455854353	0.7182323486004388
AS4	30	4.303711698218245	0.6034918309575136
GL4	33	4.709597842500345	0.606346191658218
AS4	37	2.383332959297825	0.6430339577902436
GL4	39	5.110094195499807	0.7291722033630426
AS4	40	1.9900116748903112	0.5516775377021101
GL4	48	2.6803901773757928	0.6440538476249783
AS4	58	2.0477566124967614	1.0336874809552246
GL4	73	4.168791774589596	0.43106915772515253
AS4	77	2.7071417788798255	0.7562249635602503
GL4	78	4.2266204157004035	0.5407684687008609
AS4	87	3.1245029315600714	0.6651731979672638
GL4	93	2.7391440552033988	0.7852854256392471
GL4	94	4.722787118964067	0.813438284527167
HIP	97	6.365981193674053	0.864617788749091
AS4	117	4.123488598972775	0.6031089564570133
