GL4	4	8.949044416579664	0.26200808061139746
GL4	5	6.598132332922974	0.43607538241661803
LYS	7	9.035268600586404	0.5085610270964331
HIP	11	5.868841910768084	0.6661589258628516
GL4	13	10.738720963067427	0.22530698235838634
LYS	18	9.126012212822245	0.5922859037289046
GL4	20	11.179128593430924	0.22083557953215432
AS4	24	6.165793997069629	0.5274972958718647
LYS	27	11.788448007636614	0.22341670945436834
AS4	30	8.242348128081316	0.26654795660930625
GL4	33	8.825473132398207	0.30035854522679495
AS4	37	5.480301529580027	0.3575386060219975
GL4	39	10.636207878397776	0.2237521993647884
AS4	40	4.899566393836778	0.3606262870677581
LYS	41	9.893063472099149	0.6928691173232472
LYS	42	11.20379196767677	0.5244825675375472
GL4	48	11.820022670977131	0.11746002840224955
LYS	52	7.963413107938313	0.465555194629446
AS4	58	5.171848222261038	0.5038765306756492
LYS	59	9.963233997907174	0.44690203658101324
LYS	64	10.19815345609161	0.5006212303443855
LYS	69	9.608081630575438	0.3939660653898182
GL4	73	7.167512662670796	0.30763630057388863
AS4	77	5.930611216656085	0.5072319875246724
GL4	78	9.65229572523417	0.22066550477284244
LYS	82	10.10296557318526	0.6333488559828911
AS4	87	5.401965801421054	0.4032757987355684
GL4	93	6.162721802227049	0.37032493255347276
GL4	94	11.154480290733515	0.18614153762130708
HIP	97	4.411820560094251	0.6556102345408006
LYS	99	8.106122997269713	0.5145422693424432
LYS	102	9.82959253425893	0.30559941412254993
LYS	109	11.493179234328357	0.19957102904261212
LYS	111	10.154256348021354	0.7055831919581457
LYS	114	9.42968559272242	0.5132742663987826
AS4	117	10.126068661008627	0.20059760267075108
