  -1.171
   0.607
  -1.093
   0.372
   0.922
   2.877
  -0.928
   1.148
   0.689
  -2.803
   0.838
   0.219
  -3.111
   1.100
   0.144
  -0.425
   0.874
  -1.174
  -1.931
  -1.916
   4.775
   3.318
  -1.628
   2.602
   1.162
   1.304
   1.277
   2.720
   4.380
  -3.155
   3.224
  -4.297
  -0.185
   1.731
   3.465
   6.744
   5.587
  -2.197
  -3.663
   5.136
   5.014
  -0.427
   7.518
  -2.751
   3.756
   3.819
  -7.426
  -6.142
   4.004
  -4.969
   8.484
   4.018
  -2.760
   4.598
   7.060
  -5.231
 -10.133
 -11.662
   2.315
   0.100
  -1.489
   3.367
  -7.510
   7.155
   7.476
   9.703
   5.882
   7.881
  -7.640
   4.201
  -8.861
   6.882
   6.596
  -9.619
   7.858
  -9.152
  -1.351
  -6.425
   7.810
   9.997
  11.665
   9.088
   8.951
 -11.637
  10.287
  -9.886
  -8.246
 -11.390
   8.780
 -13.321
  10.199
  -0.910
  12.889
   0.225
   9.699
   9.341
 -10.283
 -11.159
 -11.250
  12.720
 -11.096
 -11.045
 -12.379
 -12.473
 -14.003
   9.466
 -13.352
  -8.385
  13.973
 -13.034
 -12.471
  12.227
 -11.432
  13.295
  16.139
 -11.718
  11.910
  13.081
  -0.147
  -4.564
 -14.746
 -13.727
 -16.545
  13.209
  11.949
 -12.043
 -14.691
   0.967
 -11.926
  13.997
 -16.801
 -15.927
  11.253
 -13.475
  14.965
 -16.267
 -17.707
  -2.461
  -2.060
  -0.706
 -17.779
  -3.390
  -0.715
  17.027
  16.552
 -18.918
  17.690
   0.326
 -18.046
  18.304
  16.217
  17.080
  20.036
 -18.928
 -19.845
   2.739
  17.387
  15.381
   0.857
  18.247
 -20.910
 -17.186
 -18.487
  20.849
   0.183
   0.279
  -1.397
  -1.009
  -0.404
 -23.037
 -17.433
  -1.608
  20.150
   0.411
   1.688
  20.063
 -16.517
  -0.091
  18.215
  -1.149
  21.953
 -19.802
  20.206
 -19.944
   0.679
 -18.425
  -4.602
  20.670
  -0.970
 -27.368
  20.776
  -0.414
 -19.804
  21.466
  24.297
 -22.390
  19.824
 -20.590
  24.256
 -24.190
  17.138
 -19.656
  24.225
  19.808
 -23.347
  23.267
  20.172
  24.681
 -20.019
 -22.978
   1.463
  -1.083
 -25.298
   0.673
  -0.369
  -1.505
  24.929
  -0.432
   0.375
 -21.958
  21.844
 -22.742
  22.045
 -23.795
 -24.110
  26.998
  25.320
  22.828
  -2.867
  23.282
  25.802
 -26.727
 -22.070
  28.043
 -30.898
 -28.576
 -28.593
  -3.432
   1.149
  24.659
 -27.546
 -30.130
 -22.818
  -3.039
  29.908
  -0.063
  30.128
  -3.279
  26.981
  -0.201
  35.818
  -4.358
   0.559
 -28.994
 -29.343
  25.691
  28.417
 -31.066
  29.226
 -27.655
  -0.603
   0.551
   0.180
 -30.746
   2.363
  -2.817
   2.609
  -4.991
  32.172
   2.024
   0.865
   0.769
   0.816
  -0.753
   2.640
   2.619
   0.109
   0.036
  32.694
  -0.553
  -0.006
  -0.286
   0.131
   0.548
   3.015
   2.231
   3.291
   2.170
   1.043
   0.942
  -1.891
   0.715
  -0.150
  33.478
   0.910
 -31.265
  -1.167
  -0.010
   4.541
   2.032
  -2.667
  -1.624
  -0.178
  -2.247
   0.438
  -0.535
  -0.525
   0.336
  -0.027
   0.246
   0.525
   0.672
   0.165
 -34.440
   2.978
   0.234
  31.841
 -36.424
   0.314
   1.857
  -2.602
  40.494
 -35.958
  38.140
 -38.697
  -0.330
 -39.987
   1.096
  -0.053
 -37.932
  38.719
   1.119
   1.398
