   1.876
   0.717
   0.449
   0.091
   0.447
   0.192
  -1.411
  -0.199
   0.388
   0.323
   0.405
  -1.580
   0.941
  -1.249
   1.281
   0.286
   1.419
   1.993
   0.991
   0.148
  -0.682
   0.125
   0.965
   2.722
  -0.803
   0.004
  -0.232
  -0.980
   0.002
   0.211
   1.459
   1.708
   0.376
  -1.714
  -1.551
   0.558
  -2.785
   3.215
   4.277
  -4.458
  -0.157
  -1.209
   1.569
   3.203
   4.721
   0.252
   0.966
  -0.353
   3.502
   1.996
  -3.756
   1.308
   1.274
  -7.592
  -1.347
  -4.130
   4.518
  -0.526
  -2.859
   0.802
  -3.547
  -0.740
  -0.846
   0.323
  -2.669
  -0.358
  -0.994
   0.548
  -3.775
   0.891
   1.072
  -1.606
   2.370
   2.161
   0.014
  -2.058
  -1.440
  -1.576
   0.035
   0.994
   1.466
   1.546
  -1.730
   2.841
   1.698
  -0.200
  -0.058
   1.336
  -0.675
   0.645
   1.156
   0.467
   0.722
  -0.156
  -0.509
  -1.887
   1.645
   0.671
  -1.597
  -0.224
  -3.246
  -1.713
  -0.949
  -0.992
  -1.664
  -1.227
   1.809
  -1.467
  -1.241
   0.992
   2.198
  -1.268
  -1.221
  -0.651
  -3.352
  -2.397
   1.960
   0.115
   0.580
  -0.502
  -0.019
   2.157
  -2.361
   0.958
   2.080
  -1.792
   1.648
  -1.722
   0.201
  -0.963
  -0.603
   0.667
  -1.057
  -2.760
  -1.290
   2.035
  -1.514
  -0.996
   0.373
  -4.487
  -2.289
  -2.085
  -1.947
   4.463
   0.733
  -2.200
  -0.578
  -0.267
  -3.411
   0.361
   1.497
   0.931
   0.705
   1.006
  -0.608
   1.702
   1.825
  -0.174
   0.249
   1.028
   0.088
   2.648
   1.463
   0.397
   0.576
   0.826
   0.511
  -0.488
  -2.321
   1.276
  -2.084
   0.645
   1.753
  -1.668
   0.382
  -1.401
  -1.259
  -2.846
  -1.687
   1.117
  -0.192
   0.616
   2.309
  -1.239
   0.420
  -0.675
   5.306
  -0.460
  -1.363
  -2.140
  -0.570
  -2.758
  -2.087
  -0.404
   0.658
  -2.663
   1.096
  -2.166
   1.881
   0.100
   2.313
  -2.598
  -3.194
  -2.363
   3.483
   4.168
   5.011
   1.989
  -2.359
  -1.271
  -0.408
   0.906
  -1.651
   0.371
  -3.920
   4.480
  -2.171
   0.507
   3.595
  -3.361
   1.325
   0.929
  -3.550
   1.104
   3.231
   2.900
  -1.123
  -1.049
   3.225
   2.665
   2.003
  -0.176
   4.203
   2.724
  -2.276
   3.896
   4.385
   0.101
  -3.220
   1.602
   0.110
   3.902
  -0.921
  -0.464
  -1.449
   4.051
   0.759
  -2.807
   3.598
  -0.514
   1.572
  -1.127
   0.590
   0.879
  -1.318
   1.248
  -1.439
  -1.111
   0.876
   0.455
   3.222
   1.407
   1.582
  -0.354
   3.085
   1.316
  -0.586
  -0.150
   0.728
   2.328
  -3.398
   0.962
   1.441
  -0.501
   3.011
   1.365
  -2.383
   1.933
   4.696
   1.875
   0.110
   0.342
   0.785
  -0.101
  -3.206
   0.989
  -1.255
  -1.453
  -0.161
   0.371
  -0.388
  -0.366
  -0.347
  -1.385
   0.007
  -0.486
  -1.958
   0.363
  -5.885
   2.264
  -0.280
  -1.616
  -0.005
  -1.481
   0.913
  -0.267
   0.361
   4.016
   0.351
   0.104
  -0.203
  -0.091
  -0.445
   0.054
  -1.054
  -0.187
   1.830
   0.833
   0.214
   0.754
  -3.490
   1.476
  -2.828
   0.229
   7.362
  -0.141
  -2.654
   0.971
  -2.251
  -3.862
  -1.670
   2.252
   1.774
