#Atom            RMSF
  36.000       1.1226
  55.000       1.2139
  74.000       1.1129
  93.000       0.9083
 112.000       0.9718
 134.000       1.0554
 148.000       1.1036
 172.000       1.0076
 191.000       1.0359
 209.000       1.2928
 223.000       1.2776
 242.000       1.1998
 259.000       1.5616
 270.000       1.2994
 286.000       1.0175
 296.000       1.3930
 318.000       1.8339
 332.000       1.7312
 351.000       1.0469
 365.000       1.2032
 372.000       0.9912
 391.000       1.2231
 407.000       1.3377
 424.000       1.3565
 441.000       0.9629
 463.000       0.9715
 473.000       1.0325
 487.000       1.0821
 503.000       1.0030
 519.000       1.0203
 538.000       1.2058
 557.000       1.4403
 564.000       0.9025
 578.000       1.1207
 597.000       1.1868
 613.000       1.0896
 629.000       1.1509
 648.000       0.9044
 664.000       0.8084
 686.000       0.7614
 708.000       0.5950
 724.000       0.6149
 741.000       0.7212
 760.000       0.6606
 781.000       0.7101
 792.000       0.8684
 811.000       0.9236
 821.000       0.9871
 840.000       1.1011
 859.000       1.2287
 881.000       1.4833
 895.000       1.2936
 915.000       1.3291
 929.000       1.1625
 948.000       1.3048
 967.000       2.2094
 983.000       3.5635
1005.000       3.7860
1019.000       3.9026
1033.000       2.9615
1049.000       1.7056
1069.000       1.1052
1099.000       1.8776
1105.000       1.9640
1122.000       1.4172
1129.000       1.3285
1148.000       1.6259
1170.000       1.5787
1180.000       1.1739
1196.000       1.1205
1213.000       1.1028
1232.000       1.2571
1251.000       1.3223
1270.000       1.2393
1289.000       1.3313
1305.000       1.3206
1324.000       1.4719
1338.000       1.2736
1349.000       1.0810
1365.000       1.1707
1387.000       1.2369
1404.000       1.1717
1423.000       1.2889
1439.000       1.4534
1450.000       1.1973
1466.000       1.2751
1476.000       2.4756
1487.000       2.9612
1501.000       2.7157
1520.000       2.1431
1531.000       1.5048
1550.000       2.1484
1569.000       1.6580
1591.000       1.5431
1597.000       1.1030
1615.000       1.0169
1634.000       1.2147
1656.000       1.0464
1666.000       0.7665
1677.000       0.8826
1699.000       0.9991
1718.000       0.7965
1734.000       0.7059
1751.000       0.8320
1761.000       0.9169
1777.000       0.8324
1788.000       0.8861
1810.000       0.9477
1831.000       0.9362
1853.000       0.7722
1867.000       0.8699
1884.000       0.8480
1906.000       1.1406
