#Atom            RMSF
  36.000       2.8786
  55.000       2.4675
  74.000       1.7589
  93.000       1.3835
 112.000       1.4658
 134.000       1.8845
 148.000       2.0320
 172.000       1.3061
 191.000       1.5638
 209.000       1.7427
 223.000       1.5574
 242.000       1.5483
 259.000       1.6269
 270.000       1.3445
 286.000       1.0754
 296.000       1.2429
 318.000       1.5341
 332.000       1.4249
 351.000       0.9898
 365.000       1.3174
 372.000       1.0539
 391.000       1.2276
 407.000       1.3593
 424.000       1.3919
 441.000       1.0865
 463.000       0.9900
 473.000       1.1149
 487.000       1.0758
 503.000       0.9591
 519.000       0.9316
 538.000       1.0626
 557.000       1.5099
 564.000       1.1153
 578.000       1.0046
 597.000       1.1279
 613.000       1.0774
 629.000       1.1833
 648.000       0.9440
 664.000       0.8965
 686.000       0.8238
 708.000       0.6574
 724.000       0.6613
 741.000       0.7825
 760.000       0.7092
 781.000       0.6996
 791.000       0.8441
 810.000       0.9522
 820.000       0.9889
 839.000       1.0225
 858.000       1.2409
 880.000       1.3665
 894.000       1.2993
 914.000       1.3707
 928.000       1.2892
 947.000       1.2628
 966.000       2.3088
 982.000       3.3618
1004.000       3.1916
1018.000       3.1107
1032.000       2.8361
1048.000       2.1084
1068.000       2.1064
1098.000       2.3817
1104.000       2.0357
1121.000       2.0935
1128.000       1.6364
1147.000       1.3161
1169.000       1.5907
1179.000       1.4446
1195.000       1.0569
1212.000       1.1395
1231.000       1.4377
1250.000       1.2541
1269.000       1.0640
1288.000       1.2887
1304.000       1.4081
1323.000       1.5621
1337.000       1.1793
1348.000       1.0139
1364.000       1.2957
1386.000       1.1902
1403.000       0.9884
1422.000       1.2144
1438.000       1.3218
1449.000       1.0213
1465.000       0.9800
1475.000       1.7625
1486.000       2.1072
1500.000       1.5353
1519.000       2.0337
1530.000       1.5652
1549.000       1.7993
1568.000       1.4921
1590.000       1.3721
1596.000       1.0684
1614.000       0.8869
1633.000       0.9231
1655.000       0.8137
1665.000       0.6550
1676.000       0.6957
1698.000       0.7150
1717.000       0.6766
1733.000       0.6698
1750.000       0.7263
1760.000       0.7438
1776.000       0.7627
1787.000       0.9075
1809.000       0.8677
1830.000       0.8327
1852.000       0.7757
1866.000       0.8966
1883.000       0.9648
1905.000       1.3541
