  -0.473
   0.653
   0.334
  -0.124
   0.536
  -0.573
   0.435
  -0.399
   0.141
  -0.348
   0.026
   0.688
  -0.768
   1.324
   0.752
  -0.348
   0.347
  -1.053
   1.728
   0.439
  -0.059
  -1.293
   0.154
  -0.100
  -0.767
   1.068
   0.979
  -0.464
   0.722
   0.550
   0.329
  -0.208
  -0.400
  -0.973
  -0.713
   1.649
  -0.458
   0.892
   0.935
  -0.179
  -0.203
  -0.168
   1.464
   3.073
  -2.099
   0.694
   0.170
  -0.703
  -0.571
  -0.379
   1.082
   0.078
  -1.116
  -0.146
   0.984
  -0.691
   0.769
  -0.269
   0.247
  -1.217
   0.238
  -0.829
   0.205
   0.357
   0.953
   0.328
  -0.372
   2.290
   1.289
   1.109
  -0.515
  -0.744
  -0.102
  -0.378
  -1.915
  -0.611
  -0.412
  -0.049
  -0.171
  -0.103
  -0.249
   0.610
  -0.180
  -0.013
   0.396
  -0.533
  -0.275
   1.201
  -0.753
  -0.400
  -0.504
   0.119
  -0.790
  -0.142
  -0.810
   1.094
   1.059
  -0.155
   0.571
  -1.745
  -1.768
   0.655
  -0.254
   0.372
   0.752
   0.789
   0.675
   0.726
   0.195
   0.403
   0.308
  -0.894
  -0.756
  -0.550
  -0.685
  -0.207
   0.210
  -0.449
   1.454
   1.197
  -0.440
  -0.994
   0.309
  -0.305
   0.097
  -0.216
   0.396
   0.092
  -1.264
   0.558
   0.399
  -1.098
  -0.392
   0.890
  -0.077
  -0.583
   1.143
  -0.327
  -0.416
  -0.279
  -0.267
   1.218
   0.455
  -0.808
  -0.767
   1.676
  -1.382
  -0.600
   1.627
  -1.857
   0.766
   0.347
  -1.472
   0.744
  -0.149
   0.350
   0.538
  -0.673
   0.525
   0.724
   0.937
  -1.244
   0.478
   0.095
  -0.056
  -0.484
   0.405
   0.024
   0.544
   0.547
  -0.106
   1.540
   0.042
   1.017
   0.958
   2.108
  -0.556
  -0.253
   2.121
  -0.114
   1.201
  -0.856
   2.646
   1.220
  -1.043
  -1.368
  -1.832
  -1.724
   2.599
  -0.041
   0.846
   1.195
   0.164
  -0.419
   0.819
   1.386
  -2.114
   2.141
   0.014
   2.145
  -0.817
  -0.213
  -0.420
   1.008
  -0.754
   0.543
  -0.328
   0.614
  -0.740
  -0.009
   0.381
  -0.457
  -1.017
   1.714
  -0.170
   1.534
  -0.782
   0.031
  -0.983
  -0.623
   0.006
  -1.200
  -1.325
  -0.007
   0.547
  -1.452
   1.265
  -0.421
  -0.517
  -0.871
   1.407
   1.164
  -1.515
   0.656
   0.708
   0.834
   1.871
  -1.549
  -0.346
   0.226
  -0.153
  -1.756
   1.472
   0.468
  -1.124
  -0.312
  -0.368
  -0.221
  -0.304
   0.312
  -0.309
  -1.217
   0.177
  -0.263
   0.808
  -1.480
   0.793
   1.598
   1.036
   0.390
   0.614
  -0.763
   0.524
   0.400
   0.549
  -0.680
  -0.496
  -0.227
   0.048
   0.377
   0.232
   0.458
  -1.284
   1.186
  -0.152
   0.491
  -0.605
  -1.301
   0.302
  -0.108
   0.973
  -0.478
  -0.064
  -0.039
  -1.308
   0.646
  -0.685
   0.233
  -0.262
   0.541
   0.075
  -0.470
  -0.336
  -0.941
   0.872
  -0.152
   0.284
  -0.938
   0.427
   0.094
   0.250
   0.833
   0.457
   2.459
  -0.657
   0.002
   0.012
  -0.985
  -1.277
   1.276
   0.223
  -0.385
   1.074
   0.776
   0.003
  -0.029
   0.252
   0.089
   0.529
  -0.732
  -0.016
   0.411
  -0.713
  -0.323
  -0.250
   0.404
   0.212
  -0.227
   0.355
  -0.825
  -0.054
  -0.288
   0.575
