   1.568
  -4.815
  -1.186
  -6.297
  -0.701
   0.446
   2.043
  -1.291
   3.023
  -0.443
  -1.861
  -4.108
  -3.281
  -0.464
  -0.853
  -2.609
  -2.184
  -5.234
   2.231
   1.950
   1.847
  -0.141
  -1.568
   1.453
   2.882
   0.681
   0.498
  -2.782
   3.813
  -3.466
  -3.640
   1.945
  -2.216
   0.844
  -1.701
  -0.570
  -1.546
   3.083
  -4.850
  -7.297
   2.302
   1.828
   4.388
   3.621
   1.889
  -3.970
  -0.400
  -0.724
   4.758
  -2.622
  -6.842
   1.290
   4.741
  -1.046
  -3.231
   1.444
   5.629
   0.629
  -0.096
  -6.012
   3.581
   3.611
   2.893
  -2.863
  -3.256
   1.213
   1.469
   0.995
  -2.263
   0.759
  -6.582
   1.023
   3.142
   2.691
   0.257
   0.086
  -2.587
  -1.508
  -2.020
   0.607
   4.467
   2.295
   3.465
  -2.037
   4.007
   5.944
   2.069
   1.487
  -3.507
  -0.333
   0.966
   4.733
   0.091
  -3.664
  -0.810
  -1.969
   0.682
  -1.824
  -5.021
   1.375
  -1.228
   5.979
  -0.828
  -1.756
  -2.522
  -2.035
  -1.568
  -2.868
   2.448
  -0.751
  -0.326
  -0.367
  -0.322
   0.645
  -2.422
  -2.406
  -0.642
   0.109
   0.809
  -0.657
  -5.024
  -3.909
   3.423
   2.535
   1.964
   1.112
   4.768
  -0.462
  -5.250
  -2.172
   3.546
   1.567
  -2.508
   2.408
  -1.806
   2.797
  -3.135
  -0.083
  -2.818
  -0.716
   3.112
   1.200
  -2.045
   3.620
  -1.592
   3.003
   0.073
  -1.079
  -1.337
   5.844
   1.596
  -0.929
   1.477
  -0.728
   1.714
  -0.624
   1.926
  -0.462
   1.949
   0.585
  -4.996
   1.310
  -0.441
  -3.876
  -1.841
  -3.154
  -0.901
  -0.258
   0.613
   3.994
  -1.628
  -4.287
  -0.427
  -0.586
  -2.472
  -2.506
   1.403
  -2.076
  -0.269
  -0.466
  -1.118
   1.562
  -0.974
  -1.747
  -0.589
   0.187
  -4.154
  -0.993
   0.776
  -2.160
  -2.576
   1.917
   3.088
  -2.517
   1.151
   0.672
   2.624
  -2.046
   0.140
   1.909
  -2.104
  -2.552
  -1.069
   1.270
   5.065
   0.366
   2.538
  -2.542
   0.386
   0.967
  -2.180
   6.543
  -1.288
  -1.413
  -1.432
   0.404
  -4.947
  -3.085
  -0.439
   1.446
   0.522
   0.574
  -6.558
   0.838
   2.817
  -1.941
   6.838
   4.645
   0.050
  -2.866
  -3.632
  -0.619
   2.375
  -1.049
  -2.001
  -1.478
   7.522
  -0.355
  -2.698
   2.304
  -3.344
   4.650
   6.447
   2.234
  -3.378
   0.832
  -0.745
   4.017
  -0.116
  -1.074
   5.033
   4.044
  -0.719
  -1.004
   1.135
  -2.451
  -0.848
   1.699
   2.665
  -1.448
   2.904
  -3.304
   0.887
  -0.978
  -2.248
   5.052
  -2.349
  -0.742
   2.050
   0.415
  -4.260
  -2.154
   2.208
  -1.136
   0.145
   0.442
  -0.052
  -3.393
   8.025
  -2.108
  -8.492
   4.783
  -3.893
  -3.874
   5.145
  -0.640
  -2.896
  -2.802
   1.013
   0.983
   1.226
   2.021
   2.516
   1.636
   7.139
  -3.864
   1.053
  -9.561
  -2.192
   0.693
  -2.572
   3.066
   0.636
  -4.203
  -4.228
   2.342
   0.688
  -5.410
  -6.434
   0.754
  -0.203
   2.931
   0.447
  -0.962
  -0.259
  -0.243
  -0.688
  -0.405
  -0.400
   2.146
   0.946
   1.054
   3.414
   2.019
   3.187
   1.619
  -0.671
   0.390
  -0.594
  -0.456
  -0.861
   0.054
  -0.459
