   2.282
  -0.705
   0.084
   1.667
   0.478
   1.077
   0.419
  -0.752
   0.059
  -1.681
   0.194
   1.447
  -0.148
  -0.280
  -0.806
  -0.766
  -0.469
   0.432
   0.948
  -0.155
   1.655
   0.581
   1.471
   1.323
  -0.250
   0.618
   0.861
  -0.646
  -1.038
   0.958
   0.315
  -0.360
  -0.522
   0.186
  -0.964
   0.954
   0.459
   0.189
  -1.463
  -1.376
   1.543
  -0.202
   0.202
   1.691
  -1.457
  -0.488
  -0.260
  -0.889
  -0.608
   0.554
  -2.279
   0.550
   0.037
   0.398
  -2.777
  -0.718
  -1.202
   2.366
   3.071
   1.959
   2.235
  -0.023
  -0.893
   0.230
  -0.183
  -0.610
   1.746
   0.034
  -0.973
   1.105
   0.726
   1.693
  -0.420
   0.455
   0.019
   1.367
  -1.254
  -0.173
  -0.456
  -0.700
   0.698
   1.581
   0.149
  -1.506
   0.646
   1.512
   0.865
   1.066
  -0.075
   1.894
  -0.318
   1.285
  -0.282
  -0.458
  -0.109
  -0.070
   0.314
  -0.500
  -0.498
   0.225
  -0.346
   0.383
   2.148
   0.054
   0.223
   1.694
  -0.203
   0.076
   0.277
  -0.296
  -0.387
   0.255
  -0.524
  -1.690
   0.397
  -0.443
  -0.079
  -0.211
   1.492
   1.084
  -1.329
  -0.370
  -0.385
   0.833
   0.309
  -0.881
   0.083
  -0.766
   1.170
   1.524
  -1.731
  -1.470
   0.206
   0.360
  -0.666
  -0.351
   0.256
   1.777
  -1.172
  -0.246
  -1.079
  -0.674
   1.215
  -0.193
   0.940
   1.081
   2.084
   0.557
  -0.564
   0.803
   2.047
  -0.420
  -0.863
   0.452
   1.785
   1.705
   0.460
  -0.260
   1.466
   0.577
  -2.714
   0.749
   0.344
   1.239
  -0.820
   1.300
  -2.441
   0.035
   0.696
   0.105
  -1.258
   0.209
   1.855
   0.963
  -0.036
   1.094
  -2.091
  -0.090
  -0.190
  -0.851
  -0.881
  -0.756
  -0.936
  -0.264
  -1.674
   1.066
  -2.617
   1.826
  -2.079
   2.565
  -0.465
   1.895
  -0.997
  -0.608
   2.879
  -0.131
  -0.278
  -0.724
   0.800
   1.759
   0.458
  -0.471
  -0.650
  -1.620
   0.456
  -2.032
   1.617
   2.385
  -1.995
   3.158
   0.425
   0.607
  -0.591
  -0.673
   0.628
  -2.406
  -0.330
  -0.588
  -0.220
  -0.132
  -0.815
   0.533
   0.917
   0.226
   0.623
  -1.083
  -0.097
   0.163
   0.408
  -1.001
  -0.020
  -0.000
   0.838
  -0.951
   0.843
  -0.447
  -0.119
   2.358
   0.086
  -0.773
  -0.217
  -2.065
  -0.471
  -0.245
   0.210
  -1.117
  -1.156
  -1.665
  -0.767
   1.108
   0.118
  -0.978
   0.022
  -1.996
   1.299
  -0.461
   0.931
  -0.362
   1.107
   2.126
   1.331
  -1.961
   0.909
   0.082
   0.105
  -0.353
   3.769
  -0.963
  -1.472
  -1.722
   0.434
   1.016
  -0.930
  -0.712
   1.783
  -0.938
  -0.296
  -0.322
   0.524
   0.081
  -1.084
   0.686
  -1.089
   0.504
  -0.105
   1.236
   0.974
   0.536
  -0.505
   0.878
  -0.244
  -0.215
   0.238
   0.135
  -0.113
   0.564
   0.480
   0.087
   0.118
   0.464
  -1.968
   0.312
   0.878
   0.231
  -0.582
   0.328
   1.304
  -0.064
   0.280
   1.035
  -0.133
   0.143
  -0.151
   1.029
   0.751
   0.204
   0.473
   0.475
   0.695
  -1.769
  -0.824
  -0.257
  -0.281
   0.260
  -0.519
  -0.463
   0.798
  -0.323
  -0.677
  -0.659
   0.554
   0.230
  -1.320
