  -9.724
 -11.789
   3.821
   3.780
  -2.521
  -0.315
  -5.153
   8.902
  -6.828
  -6.666
  10.084
   7.029
  -8.780
  -9.608
   8.853
   2.398
 -11.007
   8.554
  11.191
 -13.357
  14.850
  13.269
  16.101
  -3.994
  19.917
  12.656
 -11.926
  18.813
  -4.116
  -3.377
 -25.401
  21.815
  -5.789
  17.915
  18.472
  16.881
   0.600
  28.120
  -2.903
 -26.113
  -7.818
 -23.986
  20.627
  -4.804
  -0.803
  -5.485
 -33.351
 -24.858
   0.937
 -34.312
 -34.354
   3.990
 -34.278
  -9.150
  10.975
  42.474
  -5.305
   2.963
   9.314
  -0.662
 -40.057
  37.597
  46.652
  -4.615
  -2.661
  -2.205
   5.760
  39.870
 -40.177
  -2.737
   8.834
  13.279
   5.785
  -6.873
  56.456
  -3.154
  -8.364
  -1.693
  -3.102
   1.630
  -0.514
   4.385
  -1.196
   2.458
  -0.824
  -2.335
  -5.629
   2.627
  55.072
  -1.415
  -3.752
   2.170
  -0.214
  -0.581
   5.162
  -2.652
  -1.130
   3.182
   2.624
  -2.585
  -3.420
  -3.048
   1.330
  -1.636
  -1.785
  -3.647
   3.672
  -4.870
   3.184
  -1.991
   3.372
  -3.568
   3.294
   4.390
 -72.583
  -1.020
  -0.314
  76.153
   2.603
  77.080
   2.928
  -2.937
   3.211
   3.204
  -2.161
  -0.019
  -3.374
  -1.059
   1.626
   1.504
   0.407
  -6.449
   2.809
  -1.631
   0.530
   0.030
  -0.441
   5.780
   2.559
   1.684
  -1.020
  -5.221
   3.737
  -1.033
   3.794
   4.279
  -1.045
  -1.818
   3.662
  -9.021
  -2.685
   0.810
   1.863
   0.502
   1.958
   6.366
   3.071
  -0.167
   2.879
  -0.904
  -4.447
  -1.053
   0.423
  -2.007
  -0.154
   0.312
  -1.539
   3.096
   3.370
  -2.788
  -2.969
  -2.101
  -1.983
   2.027
  -1.977
   3.515
   0.761
   0.237
   2.387
   3.843
   5.540
  -6.538
  -2.989
   7.557
  -0.965
   6.514
   5.426
  -1.368
   1.977
   1.074
  -4.624
   5.812
   3.816
  -0.058
   2.689
  -9.538
 -10.087
   0.150
   6.483
   4.334
  -3.758
  -0.718
   2.018
   8.750
  -0.366
  -7.652
  -6.693
   4.791
   2.781
  -3.352
   2.504
   2.455
  -3.176
  -3.042
  -9.211
 -10.997
  -1.607
   0.575
  -6.338
   1.169
   0.476
   1.722
   2.834
   1.777
   0.660
   3.783
   7.209
   0.083
   3.161
  -2.063
  -2.472
  -6.983
  -2.946
   8.723
   3.732
  -0.762
  -3.463
   1.331
  -1.795
  -1.389
  -2.942
   6.245
  -2.610
  -1.285
   0.112
  -1.779
  -0.487
   4.391
  -1.260
  -0.477
 -10.428
  -4.385
   0.864
   6.992
   1.683
  -2.881
   1.087
   1.492
  -3.003
   0.692
   0.420
  -1.351
  -0.553
  -2.935
   2.455
   9.079
  -3.482
   0.936
  -0.167
  -5.666
  -1.630
  -0.274
  -0.956
   2.410
   3.360
   2.472
  -1.883
  -4.117
  -1.044
  -4.754
   3.256
  -0.824
  -1.063
  -2.181
  -5.679
   1.883
  -9.965
  -5.400
  -8.291
   6.367
  -3.883
   5.800
  -1.149
   3.716
   3.896
  -8.074
   1.067
   0.004
  -5.872
  -3.341
   3.418
   6.258
   1.261
   8.953
   0.250
  -3.281
  -3.954
  -6.951
  -9.640
   8.459
  -0.692
   4.457
   4.444
  -3.750
   2.710
   1.602
  -0.577
   3.001
   0.901
  -1.520
   1.533
   2.026
   0.543
  -3.444
   1.025
   0.045
  -0.533
  -2.449
  -1.792
   0.951
   0.381
   0.526
  -8.600
