#Atom            RMSF
  36.000       5.7533
  55.000       4.6384
  74.000       4.6947
  93.000       4.0929
 112.000       2.9178
 134.000       2.0329
 148.000       2.2267
 172.000       1.9745
 191.000       1.6571
 209.000       1.9144
 223.000       2.1034
 242.000       1.5704
 259.000       1.6052
 270.000       1.4671
 286.000       0.9791
 296.000       1.2080
 318.000       1.4111
 332.000       1.3294
 351.000       1.1383
 365.000       1.3374
 372.000       1.0753
 391.000       1.2669
 407.000       1.4527
 424.000       1.5358
 441.000       1.1887
 463.000       1.0117
 473.000       1.2065
 487.000       1.1682
 503.000       1.0382
 519.000       1.2207
 538.000       1.4089
 557.000       1.6648
 564.000       1.6710
 578.000       2.0603
 597.000       1.6458
 613.000       2.0533
 629.000       2.0003
 648.000       1.2219
 664.000       1.0435
 686.000       1.0430
 708.000       0.7561
 724.000       0.6973
 741.000       0.7708
 760.000       0.6993
 781.000       0.7017
 792.000       0.7794
 811.000       0.8874
 821.000       0.9604
 840.000       0.9321
 859.000       1.1290
 881.000       1.5154
 895.000       1.4970
 915.000       1.4086
 929.000       1.2873
 948.000       1.1573
 967.000       1.9784
 983.000       2.7317
1005.000       2.9226
1019.000       2.0907
1033.000       2.2882
1049.000       1.7579
1069.000       1.3117
1099.000       2.0405
1105.000       1.9368
1122.000       2.3893
1129.000       2.4299
1148.000       2.0211
1170.000       2.8149
1180.000       2.6245
1196.000       2.1086
1213.000       2.0215
1232.000       2.2074
1251.000       1.9235
1270.000       1.6986
1289.000       1.7629
1305.000       1.7541
1324.000       1.7013
1338.000       1.3763
1349.000       1.2889
1365.000       1.3421
1387.000       1.2188
1404.000       1.1116
1423.000       1.4094
1439.000       1.4907
1450.000       1.2927
1466.000       1.4843
1476.000       2.7531
1487.000       2.0026
1501.000       1.4536
1520.000       1.8466
1531.000       1.3323
1550.000       1.6635
1569.000       1.2735
1591.000       1.1494
1597.000       1.0235
1615.000       0.8393
1634.000       0.8099
1656.000       0.7593
1666.000       0.7015
1677.000       0.7260
1699.000       0.7569
1718.000       0.7607
1734.000       0.8165
1751.000       0.9247
1761.000       1.0223
1777.000       1.0428
1788.000       1.1222
1810.000       1.2880
1831.000       1.3070
1853.000       1.0511
1867.000       1.2833
1884.000       1.2420
1906.000       1.5300
