1			-3.9940E+04
5			-4.0484E+04
10			-4.1494E+04
15			-4.2900E+04
20			-4.4790E+04
25			-4.6977E+04
30			-4.8776E+04
35			-4.9135E+04
40			-4.9971E+04
45			-5.0351E+04
50			-5.0727E+04
55			-5.1077E+04
60			-5.1309E+04
65			-5.1557E+04
70			-5.1773E+04
75			-5.2064E+04
80			-5.2154E+04
85			-5.2327E+04
90			-5.2607E+04
95			-5.2743E+04
100			-5.2900E+04
105			-5.3036E+04
110			-5.3178E+04
115			-5.3308E+04
120			-5.3401E+04
125			-5.3516E+04
130			-5.3618E+04
135			-5.3715E+04
140			-5.3818E+04
145			-5.3950E+04
150			-5.3991E+04
155			-5.4079E+04
160			-5.4221E+04
165			-5.4294E+04
170			-5.4377E+04
175			-5.4459E+04
180			-5.4535E+04
185			-5.4612E+04
190			-5.4687E+04
195			-5.4759E+04
200			-5.4814E+04
205			-5.4882E+04
210			-5.4945E+04
215			-5.5005E+04
220			-5.5066E+04
225			-5.5128E+04
230			-5.5206E+04
235			-5.5235E+04
240			-5.5291E+04
245			-5.5344E+04
250			-5.5430E+04
255			-5.5476E+04
260			-5.5530E+04
265			-5.5582E+04
270			-5.5632E+04
275			-5.5682E+04
280			-5.5732E+04
285			-5.5778E+04
290			-5.5817E+04
295			-5.5864E+04
300			-5.5913E+04
305			-5.5946E+04
310			-5.5986E+04
315			-5.6026E+04
320			-5.6068E+04
325			-5.6120E+04
330			-5.6142E+04
335			-5.6182E+04
340			-5.6240E+04
345			-5.6254E+04
350			-5.6317E+04
355			-5.6350E+04
360			-5.6389E+04
365			-5.6427E+04
370			-5.6464E+04
375			-5.6501E+04
380			-5.6534E+04
385			-5.6567E+04
390			-5.6606E+04
395			-5.6634E+04
400			-5.6667E+04
405			-5.6698E+04
410			-5.6730E+04
415			-5.6761E+04
420			-5.6792E+04
425			-5.6825E+04
430			-5.6869E+04
435			-5.6885E+04
440			-5.6913E+04
445			-5.6960E+04
450			-5.6969E+04
455			-5.7018E+04
460			-5.7043E+04
465			-5.7072E+04
470			-5.7101E+04
475			-5.7127E+04
480			-5.7158E+04
485			-5.7187E+04
490			-5.7215E+04
495			-5.7237E+04
500			-5.7268E+04
505			-5.7290E+04
510			-5.7318E+04
515			-5.7343E+04
520			-5.7368E+04
525			-5.7393E+04
530			-5.7426E+04
535			-5.7440E+04
540			-5.7476E+04
545			-5.7488E+04
550			-5.7510E+04
555			-5.7548E+04
560			-5.7555E+04
565			-5.7595E+04
570			-5.7615E+04
575			-5.7640E+04
580			-5.7661E+04
585			-5.7685E+04
590			-5.7709E+04
595			-5.7731E+04
600			-5.7749E+04
605			-5.7774E+04
610			-5.7791E+04
615			-5.7812E+04
620			-5.7832E+04
625			-5.7854E+04
630			-5.7874E+04
635			-5.7895E+04
640			-5.7921E+04
645			-5.7932E+04
650			-5.7952E+04
655			-5.7969E+04
660			-5.7989E+04
665			-5.8021E+04
670			-5.8038E+04
675			-5.8045E+04
680			-5.8080E+04
685			-5.8097E+04
690			-5.8118E+04
695			-5.8137E+04
700			-5.8157E+04
705			-5.8177E+04
710			-5.8195E+04
715			-5.8211E+04
720			-5.8229E+04
725			-5.8246E+04
730			-5.8263E+04
735			-5.8279E+04
740			-5.8296E+04
745			-5.8317E+04
750			-5.8327E+04
755			-5.8350E+04
760			-5.8359E+04
765			-5.8374E+04
770			-5.8390E+04
775			-5.8417E+04
780			-5.8432E+04
785			-5.8448E+04
790			-5.8464E+04
795			-5.8481E+04
800			-5.8497E+04
805			-5.8512E+04
810			-5.8528E+04
815			-5.8543E+04
820			-5.8557E+04
825			-5.8571E+04
830			-5.8585E+04
835			-5.8600E+04
840			-5.8614E+04
845			-5.8627E+04
850			-5.8641E+04
855			-5.8659E+04
860			-5.8668E+04
865			-5.8689E+04
870			-5.8696E+04
875			-5.8708E+04
880			-5.8730E+04
885			-5.8743E+04
890			-5.8756E+04
895			-5.8770E+04
900			-5.8783E+04
905			-5.8797E+04
910			-5.8811E+04
915			-5.8824E+04
920			-5.8837E+04
925			-5.8848E+04
930			-5.8861E+04
935			-5.8873E+04
940			-5.8886E+04
945			-5.8898E+04
950			-5.8910E+04
955			-5.8922E+04
960			-5.8935E+04
965			-5.8947E+04
970			-5.8962E+04
975			-5.8969E+04
980			-5.8988E+04
985			-5.8993E+04
990			-5.9012E+04
995			-5.9016E+04
1000			-5.9035E+04
1005			-5.9055E+04
1010			-5.9464E+04
1015			-5.9581E+04
1020			-5.9687E+04
1025			-5.9732E+04
1030			-5.9735E+04
1035			-5.9772E+04
1040			-5.9804E+04
1045			-5.9835E+04
1050			-5.9884E+04
1055			-5.9886E+04
1060			-5.9923E+04
1065			-5.9936E+04
1070			-5.9956E+04
1075			-5.9999E+04
1080			-6.0002E+04
1085			-6.0027E+04
1090			-6.0041E+04
1095			-6.0068E+04
1100			-6.0115E+04
1105			-6.0118E+04
1110			-6.0155E+04
1115			-6.0171E+04
1120			-6.0193E+04
1125			-6.0206E+04
1130			-6.0208E+04
1135			-6.0223E+04
1140			-6.0237E+04
1145			-6.0292E+04
1150			-6.0391E+04
1155			-6.0393E+04
1160			-6.0444E+04
1165			-6.0463E+04
1170			-6.0479E+04
1175			-6.0490E+04
1180			-6.0491E+04
1185			-6.0500E+04
1190			-6.0516E+04
1195			-6.0574E+04
1200			-6.0689E+04
1205			-6.0690E+04
1210			-6.0751E+04
1215			-6.0771E+04
1220			-6.0786E+04
1225			-6.0795E+04
1230			-6.0797E+04
1235			-6.0804E+04
1240			-6.0818E+04
1245			-6.0859E+04
1250			-6.0933E+04
1255			-6.0934E+04
1260			-6.0974E+04
1265			-6.0987E+04
1270			-6.1006E+04
1275			-6.1021E+04
1280			-6.1023E+04
1285			-6.1032E+04
1290			-6.1039E+04
1295			-6.1057E+04
1300			-6.1080E+04
1305			-6.1082E+04
1310			-6.1105E+04
1315			-6.1118E+04
1320			-6.1124E+04
1325			-6.1137E+04
1330			-6.1139E+04
1335			-6.1147E+04
1340			-6.1157E+04
1345			-6.1169E+04
1350			-6.1189E+04
1355			-6.1191E+04
1360			-6.1207E+04
1365			-6.1218E+04
1370			-6.1224E+04
1375			-6.1235E+04
1380			-6.1236E+04
1385			-6.1243E+04
1390			-6.1252E+04
1395			-6.1266E+04
1400			-6.1287E+04
1405			-6.1288E+04
1410			-6.1310E+04
1415			-6.1323E+04
1420			-6.1327E+04
1425			-6.1337E+04
1430			-6.1339E+04
1435			-6.1343E+04
1440			-6.1351E+04
1445			-6.1389E+04
1450			-6.1456E+04
1455			-6.1457E+04
1460			-6.1516E+04
1465			-6.1529E+04
1470			-6.1535E+04
1475			-6.1542E+04
1480			-6.1543E+04
1485			-6.1548E+04
1490			-6.1554E+04
1495			-6.1570E+04
1500			-6.1610E+04
1505			-6.1612E+04
1510			-6.1640E+04
1515			-6.1648E+04
1520			-6.1655E+04
1525			-6.1659E+04
1530			-6.1661E+04
1535			-6.1664E+04
1540			-6.1671E+04
1545			-6.1685E+04
1550			-6.1710E+04
1555			-6.1712E+04
1560			-6.1728E+04
1565			-6.1738E+04
1570			-6.1742E+04
1575			-6.1749E+04
1580			-6.1750E+04
1585			-6.1754E+04
1590			-6.1761E+04
1595			-6.1769E+04
1600			-6.1788E+04
1605			-6.1789E+04
1610			-6.1802E+04
1615			-6.1811E+04
1620			-6.1814E+04
1625			-6.1820E+04
1630			-6.1822E+04
1635			-6.1826E+04
1640			-6.1832E+04
1645			-6.1838E+04
1650			-6.1850E+04
1655			-6.1851E+04
1660			-6.1861E+04
1665			-6.1869E+04
1670			-6.1872E+04
1675			-6.1879E+04
1680			-6.1880E+04
1685			-6.1884E+04
1690			-6.1890E+04
1695			-6.1896E+04
1700			-6.1908E+04
1705			-6.1910E+04
1710			-6.1918E+04
1715			-6.1924E+04
1720			-6.1928E+04
1725			-6.1934E+04
1730			-6.1935E+04
1735			-6.1939E+04
1740			-6.1945E+04
1745			-6.1950E+04
1750			-6.1959E+04
1755			-6.1960E+04
1760			-6.1967E+04
1765			-6.1974E+04
1770			-6.1977E+04
1775			-6.1982E+04
1780			-6.1983E+04
1785			-6.1986E+04
1790			-6.1990E+04
1795			-6.2001E+04
1800			-6.2017E+04
1805			-6.2019E+04
1810			-6.2033E+04
1815			-6.2043E+04
1820			-6.2045E+04
1825			-6.2049E+04
1830			-6.2051E+04
1835			-6.2054E+04
1840			-6.2057E+04
1845			-6.2065E+04
1850			-6.2071E+04
1855			-6.2073E+04
1860			-6.2081E+04
1865			-6.2088E+04
1870			-6.2090E+04
1875			-6.2095E+04
1880			-6.2097E+04
1885			-6.2100E+04
1890			-6.2106E+04
1895			-6.2110E+04
1900			-6.2120E+04
1905			-6.2121E+04
1910			-6.2127E+04
1915			-6.2132E+04
1920			-6.2136E+04
1925			-6.2142E+04
1930			-6.2143E+04
1935			-6.2147E+04
1940			-6.2152E+04
1945			-6.2156E+04
1950			-6.2163E+04
1955			-6.2165E+04
1960			-6.2169E+04
1965			-6.2174E+04
1970			-6.2177E+04
1975			-6.2183E+04
1980			-6.2185E+04
1985			-6.2189E+04
1990			-6.2194E+04
1995			-6.2197E+04
2000			-6.2203E+04
2005			-6.2205E+04
2010			-6.2209E+04
2015			-6.2213E+04
2020			-6.2217E+04
2025			-6.2223E+04
2030			-6.2224E+04
2035			-6.2228E+04
2040			-6.2233E+04
2045			-6.2236E+04
2050			-6.2242E+04
2055			-6.2243E+04
2060			-6.2247E+04
2065			-6.2250E+04
2070			-6.2255E+04
2075			-6.2262E+04
2080			-6.2263E+04
2085			-6.2267E+04
2090			-6.2272E+04
2095			-6.2274E+04
2100			-6.2280E+04
2105			-6.2281E+04
2110			-6.2284E+04
2115			-6.2287E+04
2120			-6.2291E+04
2125			-6.2297E+04
2130			-6.2299E+04
2135			-6.2302E+04
2140			-6.2307E+04
2145			-6.2310E+04
2150			-6.2314E+04
2155			-6.2315E+04
2160			-6.2318E+04
2165			-6.2322E+04
2170			-6.2325E+04
2175			-6.2329E+04
2180			-6.2330E+04
2185			-6.2333E+04
2190			-6.2337E+04
2195			-6.2340E+04
2200			-6.2345E+04
2205			-6.2346E+04
2210			-6.2350E+04
2215			-6.2353E+04
2220			-6.2355E+04
2225			-6.2359E+04
2230			-6.2360E+04
2235			-6.2362E+04
2240			-6.2366E+04
2245			-6.2369E+04
2250			-6.2375E+04
2255			-6.2376E+04
2260			-6.2380E+04
2265			-6.2384E+04
2270			-6.2386E+04
2275			-6.2389E+04
2280			-6.2390E+04
2285			-6.2392E+04
2290			-6.2395E+04
2295			-6.2399E+04
2300			-6.2405E+04
2305			-6.2406E+04
2310			-6.2411E+04
2315			-6.2416E+04
2320			-6.2418E+04
2325			-6.2420E+04
2330			-6.2421E+04
2335			-6.2423E+04
2340			-6.2426E+04
2345			-6.2430E+04
2350			-6.2437E+04
2355			-6.2439E+04
2360			-6.2444E+04
2365			-6.2449E+04
2370			-6.2451E+04
2375			-6.2453E+04
2380			-6.2454E+04
2385			-6.2455E+04
2390			-6.2458E+04
2395			-6.2462E+04
2400			-6.2468E+04
2405			-6.2469E+04
2410			-6.2474E+04
2415			-6.2477E+04
2420			-6.2479E+04
2425			-6.2481E+04
2430			-6.2482E+04
2435			-6.2484E+04
2440			-6.2487E+04
2445			-6.2490E+04
2450			-6.2495E+04
2455			-6.2496E+04
2460			-6.2500E+04
2465			-6.2503E+04
2470			-6.2505E+04
2475			-6.2508E+04
2480			-6.2509E+04
2485			-6.2510E+04
2490			-6.2514E+04
2495			-6.2516E+04
2500			-6.2521E+04
2505			-6.2522E+04
2510			-6.2525E+04
2515			-6.2528E+04
2520			-6.2531E+04
2525			-6.2533E+04
2530			-6.2534E+04
2535			-6.2536E+04
2540			-6.2540E+04
2545			-6.2541E+04
2550			-6.2546E+04
2555			-6.2547E+04
2560			-6.2551E+04
2565			-6.2554E+04
2570			-6.2556E+04
2575			-6.2559E+04
2580			-6.2560E+04
2585			-6.2562E+04
2590			-6.2566E+04
2595			-6.2568E+04
2600			-6.2573E+04
2605			-6.2574E+04
2610			-6.2577E+04
2615			-6.2580E+04
2620			-6.2583E+04
2625			-6.2586E+04
2630			-6.2587E+04
2635			-6.2589E+04
2640			-6.2592E+04
2645			-6.2594E+04
2650			-6.2599E+04
2655			-6.2600E+04
2660			-6.2603E+04
2665			-6.2606E+04
2670			-6.2609E+04
2675			-6.2612E+04
2680			-6.2613E+04
2685			-6.2615E+04
2690			-6.2618E+04
2695			-6.2621E+04
2700			-6.2626E+04
2705			-6.2627E+04
2710			-6.2631E+04
2715			-6.2633E+04
2720			-6.2636E+04
2725			-6.2640E+04
2730			-6.2640E+04
2735			-6.2643E+04
2740			-6.2646E+04
2745			-6.2649E+04
2750			-6.2655E+04
2755			-6.2656E+04
2760			-6.2659E+04
2765			-6.2662E+04
2770			-6.2665E+04
2775			-6.2669E+04
2780			-6.2669E+04
2785			-6.2671E+04
2790			-6.2675E+04
2795			-6.2678E+04
2800			-6.2685E+04
2805			-6.2687E+04
2810			-6.2691E+04
2815			-6.2694E+04
2820			-6.2697E+04
2825			-6.2700E+04
2830			-6.2701E+04
2835			-6.2703E+04
2840			-6.2707E+04
2845			-6.2708E+04
2850			-6.2719E+04
2855			-6.2721E+04
2860			-6.2729E+04
2865			-6.2731E+04
2870			-6.2735E+04
2875			-6.2736E+04
2880			-6.2737E+04
2885			-6.2739E+04
2890			-6.2741E+04
2895			-6.2744E+04
2900			-6.2750E+04
2905			-6.2751E+04
2910			-6.2758E+04
2915			-6.2759E+04
2920			-6.2762E+04
2925			-6.2764E+04
2930			-6.2765E+04
2935			-6.2766E+04
2940			-6.2769E+04
2945			-6.2771E+04
2950			-6.2777E+04
2955			-6.2778E+04
2960			-6.2781E+04
2965			-6.2783E+04
2970			-6.2785E+04
2975			-6.2787E+04
2980			-6.2788E+04
2985			-6.2789E+04
2990			-6.2792E+04
2995			-6.2794E+04
3000			-6.2797E+04
3005			-6.2798E+04
3010			-6.2801E+04
3015			-6.2803E+04
3020			-6.2805E+04
3025			-6.2806E+04
3030			-6.2807E+04
3035			-6.2808E+04
3040			-6.2811E+04
3045			-6.2812E+04
3050			-6.2816E+04
3055			-6.2817E+04
3060			-6.2819E+04
3065			-6.2822E+04
3070			-6.2823E+04
3075			-6.2825E+04
3080			-6.2825E+04
3085			-6.2827E+04
3090			-6.2829E+04
3095			-6.2831E+04
3100			-6.2835E+04
3105			-6.2836E+04
3110			-6.2838E+04
3115			-6.2840E+04
3120			-6.2842E+04
3125			-6.2844E+04
3130			-6.2845E+04
3135			-6.2846E+04
3140			-6.2849E+04
3145			-6.2850E+04
3150			-6.2856E+04
3155			-6.2857E+04
3160			-6.2860E+04
3165			-6.2862E+04
3170			-6.2865E+04
3175			-6.2866E+04
3180			-6.2867E+04
3185			-6.2869E+04
3190			-6.2871E+04
3195			-6.2873E+04
3200			-6.2879E+04
3205			-6.2880E+04
3210			-6.2883E+04
3215			-6.2885E+04
3220			-6.2887E+04
3225			-6.2889E+04
3230			-6.2889E+04
3235			-6.2891E+04
3240			-6.2893E+04
3245			-6.2895E+04
3250			-6.2901E+04
3255			-6.2902E+04
3260			-6.2905E+04
3265			-6.2907E+04
3270			-6.2909E+04
3275			-6.2910E+04
3280			-6.2910E+04
3285			-6.2911E+04
3290			-6.2913E+04
3295			-6.2919E+04
3300			-6.2926E+04
3305			-6.2927E+04
3310			-6.2933E+04
3315			-6.2939E+04
3320			-6.2940E+04
3325			-6.2941E+04
3330			-6.2941E+04
3335			-6.2942E+04
3340			-6.2945E+04
3345			-6.2948E+04
3350			-6.2954E+04
3355			-6.2956E+04
3360			-6.2959E+04
3365			-6.2963E+04
3370			-6.2962E+04
3375			-6.2965E+04
3380			-6.2966E+04
3385			-6.2966E+04
3390			-6.2969E+04
3395			-6.2978E+04
3400			-6.2986E+04
3405			-6.2987E+04
3410			-6.2992E+04
3415			-6.2996E+04
3420			-6.2997E+04
3425			-6.2998E+04
3430			-6.2998E+04
3435			-6.2999E+04
3440			-6.3002E+04
3445			-6.3008E+04
3450			-6.3015E+04
3455			-6.3016E+04
3460			-6.3020E+04
3465			-6.3023E+04
3470			-6.3024E+04
3475			-6.3025E+04
3480			-6.3025E+04
3485			-6.3026E+04
3490			-6.3027E+04
3495			-6.3032E+04
3500			-6.3035E+04
3505			-6.3036E+04
3510			-6.3041E+04
3515			-6.3044E+04
3520			-6.3044E+04
3525			-6.3047E+04
3530			-6.3047E+04
3535			-6.3048E+04
3540			-6.3049E+04
3545			-6.3051E+04
3550			-6.3053E+04
3555			-6.3054E+04
3560			-6.3055E+04
3565			-6.3056E+04
3570			-6.3057E+04
3575			-6.3059E+04
3580			-6.3059E+04
3585			-6.3060E+04
3590			-6.3061E+04
3595			-6.3063E+04
3600			-6.3064E+04
3605			-6.3065E+04
3610			-6.3066E+04
3615			-6.3067E+04
3620			-6.3068E+04
3625			-6.3070E+04
3630			-6.3070E+04
3635			-6.3071E+04
3640			-6.3073E+04
3645			-6.3074E+04
3650			-6.3076E+04
3655			-6.3077E+04
3660			-6.3078E+04
3665			-6.3080E+04
3670			-6.3081E+04
3675			-6.3083E+04
3680			-6.3083E+04
3685			-6.3085E+04
3690			-6.3086E+04
3695			-6.3088E+04
3700			-6.3089E+04
3705			-6.3090E+04
3710			-6.3091E+04
3715			-6.3093E+04
3720			-6.3094E+04
3725			-6.3096E+04
3730			-6.3097E+04
3735			-6.3098E+04
3740			-6.3099E+04
3745			-6.3101E+04
3750			-6.3102E+04
3755			-6.3103E+04
3760			-6.3104E+04
3765			-6.3106E+04
3770			-6.3106E+04
3775			-6.3108E+04
3780			-6.3109E+04
3785			-6.3110E+04
3790			-6.3112E+04
3795			-6.3113E+04
3800			-6.3115E+04
3805			-6.3115E+04
3810			-6.3117E+04
3815			-6.3119E+04
3820			-6.3119E+04
3825			-6.3122E+04
3830			-6.3123E+04
3835			-6.3124E+04
3840			-6.3125E+04
3845			-6.3127E+04
3850			-6.3129E+04
3855			-6.3129E+04
3860			-6.3131E+04
3865			-6.3133E+04
3870			-6.3134E+04
3875			-6.3136E+04
3880			-6.3137E+04
3885			-6.3139E+04
3890			-6.3140E+04
3895			-6.3142E+04
3900			-6.3144E+04
3905			-6.3144E+04
3910			-6.3146E+04
3915			-6.3148E+04
3920			-6.3148E+04
3925			-6.3150E+04
3930			-6.3151E+04
3935			-6.3152E+04
3940			-6.3153E+04
3945			-6.3155E+04
3950			-6.3158E+04
3955			-6.3159E+04
3960			-6.3160E+04
3965			-6.3162E+04
3970			-6.3163E+04
3975			-6.3163E+04
3980			-6.3164E+04
3985			-6.3164E+04
3990			-6.3165E+04
3995			-6.3167E+04
4000			-6.3171E+04
4005			-6.3172E+04
4010			-6.3173E+04
4015			-6.3175E+04
4020			-6.3176E+04
4025			-6.3176E+04
4030			-6.3176E+04
4035			-6.3177E+04
4040			-6.3179E+04
4045			-6.3180E+04
4050			-6.3184E+04
4055			-6.3185E+04
4060			-6.3187E+04
4065			-6.3189E+04
4070			-6.3189E+04
4075			-6.3190E+04
4080			-6.3190E+04
4085			-6.3190E+04
4090			-6.3192E+04
4095			-6.3196E+04
4100			-6.3199E+04
4105			-6.3201E+04
4110			-6.3204E+04
4115			-6.3206E+04
4120			-6.3207E+04
4125			-6.3207E+04
4130			-6.3207E+04
4135			-6.3208E+04
4140			-6.3209E+04
4145			-6.3211E+04
4150			-6.3215E+04
4155			-6.3216E+04
4160			-6.3217E+04
4165			-6.3220E+04
4170			-6.3220E+04
4175			-6.3221E+04
4180			-6.3220E+04
4185			-6.3221E+04
4190			-6.3222E+04
4195			-6.3224E+04
4200			-6.3226E+04
4205			-6.3227E+04
4210			-6.3228E+04
4215			-6.3230E+04
4220			-6.3230E+04
4225			-6.3231E+04
4230			-6.3231E+04
4235			-6.3231E+04
4240			-6.3233E+04
4245			-6.3234E+04
4250			-6.3237E+04
4255			-6.3238E+04
4260			-6.3239E+04
4265			-6.3241E+04
4270			-6.3241E+04
4275			-6.3242E+04
4280			-6.3242E+04
4285			-6.3243E+04
4290			-6.3244E+04
4295			-6.3246E+04
4300			-6.3249E+04
4305			-6.3250E+04
4310			-6.3252E+04
4315			-6.3254E+04
4320			-6.3254E+04
4325			-6.3255E+04
4330			-6.3255E+04
4335			-6.3256E+04
4340			-6.3257E+04
4345			-6.3259E+04
4350			-6.3262E+04
4355			-6.3263E+04
4360			-6.3265E+04
4365			-6.3266E+04
4370			-6.3267E+04
4375			-6.3267E+04
4380			-6.3267E+04
4385			-6.3268E+04
4390			-6.3269E+04
4395			-6.3271E+04
4400			-6.3273E+04
4405			-6.3274E+04
4410			-6.3276E+04
4415			-6.3278E+04
4420			-6.3278E+04
4425			-6.3279E+04
4430			-6.3278E+04
4435			-6.3279E+04
4440			-6.3281E+04
4445			-6.3283E+04
4450			-6.3286E+04
4455			-6.3287E+04
4460			-6.3289E+04
4465			-6.3291E+04
4470			-6.3291E+04
4475			-6.3292E+04
4480			-6.3292E+04
4485			-6.3293E+04
4490			-6.3294E+04
4495			-6.3296E+04
4500			-6.3299E+04
4505			-6.3300E+04
4510			-6.3301E+04
4515			-6.3303E+04
4520			-6.3304E+04
4525			-6.3304E+04
4530			-6.3305E+04
4535			-6.3305E+04
4540			-6.3307E+04
4545			-6.3309E+04
4550			-6.3315E+04
4555			-6.3317E+04
4560			-6.3319E+04
4565			-6.3322E+04
4570			-6.3323E+04
4575			-6.3323E+04
4580			-6.3323E+04
4585			-6.3324E+04
4590			-6.3325E+04
4595			-6.3327E+04
4600			-6.3329E+04
4605			-6.3330E+04
4610			-6.3332E+04
4615			-6.3333E+04
4620			-6.3334E+04
4625			-6.3335E+04
4630			-6.3335E+04
4635			-6.3336E+04
4640			-6.3337E+04
4645			-6.3339E+04
4650			-6.3343E+04
4655			-6.3344E+04
4660			-6.3347E+04
4665			-6.3349E+04
4670			-6.3349E+04
4675			-6.3350E+04
4680			-6.3351E+04
4685			-6.3351E+04
4690			-6.3352E+04
4695			-6.3354E+04
4700			-6.3356E+04
4705			-6.3356E+04
4710			-6.3358E+04
4715			-6.3359E+04
4720			-6.3360E+04
4725			-6.3361E+04
4730			-6.3361E+04
4735			-6.3361E+04
4740			-6.3362E+04
4745			-6.3364E+04
4750			-6.3365E+04
4755			-6.3366E+04
4760			-6.3367E+04
4765			-6.3369E+04
4770			-6.3369E+04
4775			-6.3370E+04
4780			-6.3370E+04
4785			-6.3371E+04
4790			-6.3372E+04
4795			-6.3373E+04
4800			-6.3375E+04
4805			-6.3375E+04
4810			-6.3377E+04
4815			-6.3378E+04
4820			-6.3379E+04
4825			-6.3379E+04
4830			-6.3380E+04
4835			-6.3380E+04
4840			-6.3381E+04
4845			-6.3383E+04
4850			-6.3384E+04
4855			-6.3384E+04
4860			-6.3386E+04
4865			-6.3387E+04
4870			-6.3387E+04
4875			-6.3388E+04
4880			-6.3388E+04
4885			-6.3389E+04
4890			-6.3390E+04
4895			-6.3391E+04
4900			-6.3393E+04
4905			-6.3393E+04
4910			-6.3394E+04
4915			-6.3395E+04
4920			-6.3396E+04
4925			-6.3396E+04
4930			-6.3397E+04
4935			-6.3397E+04
4940			-6.3398E+04
4945			-6.3399E+04
4950			-6.3400E+04
4955			-6.3400E+04
4960			-6.3401E+04
4965			-6.3402E+04
4970			-6.3402E+04
4975			-6.3403E+04
4980			-6.3403E+04
4985			-6.3404E+04
4990			-6.3404E+04
4995			-6.3405E+04
5000			-6.3406E+04
5000			-6.3406E+04
