1			-6.3557E+04
5			-6.3567E+04
10			-6.3592E+04
15			-6.3638E+04
20			-6.3682E+04
25			-6.3689E+04
30			-6.3709E+04
35			-6.3718E+04
40			-6.3728E+04
45			-6.3736E+04
50			-6.3742E+04
55			-6.3749E+04
60			-6.3755E+04
65			-6.3761E+04
70			-6.3769E+04
75			-6.3772E+04
80			-6.3777E+04
85			-6.3785E+04
90			-6.3790E+04
95			-6.3795E+04
100			-6.3799E+04
105			-6.3804E+04
110			-6.3809E+04
115			-6.3813E+04
120			-6.3818E+04
125			-6.3821E+04
130			-6.3825E+04
135			-6.3830E+04
140			-6.3833E+04
145			-6.3837E+04
150			-6.3840E+04
155			-6.3844E+04
160			-6.3849E+04
165			-6.3851E+04
170			-6.3854E+04
175			-6.3857E+04
180			-6.3863E+04
185			-6.3865E+04
190			-6.3868E+04
195			-6.3871E+04
200			-6.3874E+04
205			-6.3877E+04
210			-6.3879E+04
215			-6.3882E+04
220			-6.3884E+04
225			-6.3886E+04
230			-6.3889E+04
235			-6.3891E+04
240			-6.3893E+04
245			-6.3896E+04
250			-6.3897E+04
255			-6.3900E+04
260			-6.3901E+04
265			-6.3904E+04
270			-6.3906E+04
275			-6.3908E+04
280			-6.3909E+04
285			-6.3911E+04
290			-6.3913E+04
295			-6.3915E+04
300			-6.3916E+04
305			-6.3918E+04
310			-6.3920E+04
315			-6.3921E+04
320			-6.3923E+04
325			-6.3924E+04
330			-6.3925E+04
335			-6.3927E+04
340			-6.3928E+04
345			-6.3930E+04
350			-6.3931E+04
355			-6.3932E+04
360			-6.3934E+04
365			-6.3936E+04
370			-6.3936E+04
375			-6.3938E+04
380			-6.3940E+04
385			-6.3941E+04
390			-6.3943E+04
395			-6.3944E+04
400			-6.3945E+04
405			-6.3946E+04
410			-6.3948E+04
415			-6.3949E+04
420			-6.3950E+04
425			-6.3951E+04
430			-6.3952E+04
435			-6.3953E+04
440			-6.3955E+04
445			-6.3956E+04
450			-6.3957E+04
455			-6.3958E+04
460			-6.3959E+04
465			-6.3960E+04
470			-6.3962E+04
475			-6.3962E+04
480			-6.3964E+04
485			-6.3965E+04
490			-6.3966E+04
495			-6.3968E+04
500			-6.3969E+04
505			-6.3970E+04
510			-6.3971E+04
515			-6.3972E+04
520			-6.3973E+04
525			-6.3974E+04
530			-6.3975E+04
535			-6.3976E+04
540			-6.3977E+04
545			-6.3978E+04
550			-6.3979E+04
555			-6.3981E+04
560			-6.3982E+04
565			-6.3983E+04
570			-6.3984E+04
575			-6.3985E+04
580			-6.3986E+04
585			-6.3987E+04
590			-6.3988E+04
595			-6.3989E+04
600			-6.3990E+04
605			-6.3992E+04
610			-6.3993E+04
615			-6.3994E+04
620			-6.3995E+04
625			-6.3996E+04
630			-6.3997E+04
635			-6.3998E+04
640			-6.3999E+04
645			-6.4000E+04
650			-6.4001E+04
655			-6.4001E+04
660			-6.4002E+04
665			-6.4003E+04
670			-6.4004E+04
675			-6.4005E+04
680			-6.4006E+04
685			-6.4006E+04
690			-6.4008E+04
695			-6.4008E+04
700			-6.4009E+04
705			-6.4010E+04
710			-6.4011E+04
715			-6.4012E+04
720			-6.4013E+04
725			-6.4014E+04
730			-6.4014E+04
735			-6.4015E+04
740			-6.4016E+04
745			-6.4017E+04
750			-6.4017E+04
755			-6.4018E+04
760			-6.4019E+04
765			-6.4019E+04
770			-6.4020E+04
775			-6.4021E+04
780			-6.4021E+04
785			-6.4022E+04
790			-6.4023E+04
795			-6.4024E+04
800			-6.4024E+04
805			-6.4025E+04
810			-6.4026E+04
815			-6.4027E+04
820			-6.4027E+04
825			-6.4028E+04
830			-6.4029E+04
835			-6.4029E+04
840			-6.4030E+04
845			-6.4031E+04
850			-6.4031E+04
855			-6.4032E+04
860			-6.4032E+04
865			-6.4033E+04
870			-6.4034E+04
875			-6.4034E+04
880			-6.4035E+04
885			-6.4035E+04
890			-6.4036E+04
895			-6.4037E+04
900			-6.4037E+04
905			-6.4038E+04
910			-6.4039E+04
915			-6.4040E+04
920			-6.4040E+04
925			-6.4041E+04
930			-6.4042E+04
935			-6.4042E+04
940			-6.4043E+04
945			-6.4043E+04
950			-6.4044E+04
955			-6.4045E+04
960			-6.4045E+04
965			-6.4046E+04
970			-6.4047E+04
975			-6.4047E+04
980			-6.4048E+04
985			-6.4048E+04
990			-6.4049E+04
995			-6.4050E+04
1000			-6.4050E+04
1005			-6.4051E+04
1010			-6.4061E+04
1015			-6.4075E+04
1020			-6.4083E+04
1025			-6.4091E+04
1030			-6.4092E+04
1035			-6.4097E+04
1040			-6.4100E+04
1045			-6.4103E+04
1050			-6.4105E+04
1055			-6.4105E+04
1060			-6.4106E+04
1065			-6.4108E+04
1070			-6.4111E+04
1075			-6.4115E+04
1080			-6.4116E+04
1085			-6.4118E+04
1090			-6.4120E+04
1095			-6.4122E+04
1100			-6.4123E+04
1105			-6.4123E+04
1110			-6.4124E+04
1115			-6.4125E+04
1120			-6.4130E+04
1125			-6.4137E+04
1130			-6.4138E+04
1135			-6.4142E+04
1140			-6.4146E+04
1145			-6.4147E+04
1150			-6.4147E+04
1155			-6.4147E+04
1160			-6.4148E+04
1165			-6.4150E+04
1170			-6.4156E+04
1175			-6.4162E+04
1180			-6.4163E+04
1185			-6.4166E+04
1190			-6.4168E+04
1195			-6.4169E+04
1200			-6.4170E+04
1205			-6.4170E+04
1210			-6.4171E+04
1215			-6.4172E+04
1220			-6.4174E+04
1225			-6.4181E+04
1230			-6.4182E+04
1235			-6.4186E+04
1240			-6.4189E+04
1245			-6.4190E+04
1250			-6.4191E+04
1255			-6.4191E+04
1260			-6.4192E+04
1265			-6.4193E+04
1270			-6.4195E+04
1275			-6.4198E+04
1280			-6.4199E+04
1285			-6.4201E+04
1290			-6.4203E+04
1295			-6.4203E+04
1300			-6.4204E+04
1305			-6.4204E+04
1310			-6.4205E+04
1315			-6.4206E+04
1320			-6.4208E+04
1325			-6.4211E+04
1330			-6.4212E+04
1335			-6.4213E+04
1340			-6.4215E+04
1345			-6.4216E+04
1350			-6.4217E+04
1355			-6.4217E+04
1360			-6.4218E+04
1365			-6.4218E+04
1370			-6.4220E+04
1375			-6.4222E+04
1380			-6.4223E+04
1385			-6.4225E+04
1390			-6.4227E+04
1395			-6.4227E+04
1400			-6.4228E+04
1405			-6.4228E+04
1410			-6.4229E+04
1415			-6.4230E+04
1420			-6.4232E+04
1425			-6.4233E+04
1430			-6.4234E+04
1435			-6.4236E+04
1440			-6.4238E+04
1445			-6.4238E+04
1450			-6.4239E+04
1455			-6.4240E+04
1460			-6.4240E+04
1465			-6.4241E+04
1470			-6.4244E+04
1475			-6.4245E+04
1480			-6.4246E+04
1485			-6.4248E+04
1490			-6.4250E+04
1495			-6.4250E+04
1500			-6.4251E+04
1505			-6.4252E+04
1510			-6.4253E+04
1515			-6.4254E+04
1520			-6.4255E+04
1525			-6.4257E+04
1530			-6.4258E+04
1535			-6.4259E+04
1540			-6.4260E+04
1545			-6.4261E+04
1550			-6.4262E+04
1555			-6.4262E+04
1560			-6.4263E+04
1565			-6.4263E+04
1570			-6.4265E+04
1575			-6.4267E+04
1580			-6.4267E+04
1585			-6.4268E+04
1590			-6.4270E+04
1595			-6.4271E+04
1600			-6.4271E+04
1605			-6.4271E+04
1610			-6.4272E+04
1615			-6.4273E+04
1620			-6.4274E+04
1625			-6.4276E+04
1630			-6.4277E+04
1635			-6.4278E+04
1640			-6.4279E+04
1645			-6.4280E+04
1650			-6.4280E+04
1655			-6.4281E+04
1660			-6.4282E+04
1665			-6.4283E+04
1670			-6.4284E+04
1675			-6.4290E+04
1680			-6.4291E+04
1685			-6.4292E+04
1690			-6.4294E+04
1695			-6.4295E+04
1700			-6.4295E+04
1705			-6.4295E+04
1710			-6.4296E+04
1715			-6.4297E+04
1720			-6.4298E+04
1725			-6.4304E+04
1730			-6.4305E+04
1735			-6.4307E+04
1740			-6.4309E+04
1745			-6.4309E+04
1750			-6.4310E+04
1755			-6.4310E+04
1760			-6.4311E+04
1765			-6.4312E+04
1770			-6.4313E+04
1775			-6.4315E+04
1780			-6.4317E+04
1785			-6.4318E+04
1790			-6.4319E+04
1795			-6.4320E+04
1800			-6.4321E+04
1805			-6.4321E+04
1810			-6.4322E+04
1815			-6.4323E+04
1820			-6.4324E+04
1825			-6.4327E+04
1830			-6.4328E+04
1835			-6.4329E+04
1840			-6.4330E+04
1845			-6.4330E+04
1850			-6.4331E+04
1855			-6.4330E+04
1860			-6.4332E+04
1865			-6.4333E+04
1870			-6.4334E+04
1875			-6.4336E+04
1880			-6.4337E+04
1885			-6.4338E+04
1890			-6.4339E+04
1895			-6.4340E+04
1900			-6.4340E+04
1905			-6.4340E+04
1910			-6.4341E+04
1915			-6.4342E+04
1920			-6.4343E+04
1925			-6.4345E+04
1930			-6.4346E+04
1935			-6.4347E+04
1940			-6.4348E+04
1945			-6.4349E+04
1950			-6.4349E+04
1955			-6.4349E+04
1960			-6.4350E+04
1965			-6.4352E+04
1970			-6.4356E+04
1975			-6.4361E+04
1980			-6.4362E+04
1985			-6.4365E+04
1990			-6.4369E+04
1995			-6.4369E+04
2000			-6.4370E+04
2005			-6.4370E+04
2010			-6.4371E+04
2015			-6.4371E+04
2020			-6.4374E+04
2025			-6.4376E+04
2030			-6.4376E+04
2035			-6.4378E+04
2040			-6.4379E+04
2045			-6.4380E+04
2050			-6.4380E+04
2055			-6.4380E+04
2060			-6.4381E+04
2065			-6.4382E+04
2070			-6.4383E+04
2075			-6.4385E+04
2080			-6.4386E+04
2085			-6.4387E+04
2090			-6.4388E+04
2095			-6.4388E+04
2100			-6.4389E+04
2105			-6.4388E+04
2110			-6.4389E+04
2115			-6.4390E+04
2120			-6.4391E+04
2125			-6.4393E+04
2130			-6.4394E+04
2135			-6.4395E+04
2140			-6.4397E+04
2145			-6.4397E+04
2150			-6.4398E+04
2155			-6.4397E+04
2160			-6.4398E+04
2165			-6.4399E+04
2170			-6.4401E+04
2175			-6.4402E+04
2180			-6.4403E+04
2185			-6.4404E+04
2190			-6.4405E+04
2195			-6.4406E+04
2200			-6.4406E+04
2205			-6.4406E+04
2210			-6.4407E+04
2215			-6.4407E+04
2220			-6.4409E+04
2225			-6.4411E+04
2230			-6.4411E+04
2235			-6.4413E+04
2240			-6.4414E+04
2245			-6.4414E+04
2250			-6.4416E+04
2255			-6.4416E+04
2260			-6.4416E+04
2265			-6.4417E+04
2270			-6.4418E+04
2275			-6.4419E+04
2280			-6.4419E+04
2285			-6.4420E+04
2290			-6.4421E+04
2295			-6.4422E+04
2300			-6.4422E+04
2305			-6.4423E+04
2310			-6.4423E+04
2315			-6.4424E+04
2320			-6.4425E+04
2325			-6.4425E+04
2330			-6.4426E+04
2335			-6.4426E+04
2340			-6.4427E+04
2345			-6.4428E+04
2350			-6.4429E+04
2355			-6.4429E+04
2360			-6.4429E+04
2365			-6.4430E+04
2370			-6.4431E+04
2375			-6.4431E+04
2380			-6.4431E+04
2385			-6.4432E+04
2390			-6.4433E+04
2395			-6.4433E+04
2400			-6.4434E+04
2405			-6.4434E+04
2410			-6.4435E+04
2415			-6.4435E+04
2420			-6.4436E+04
2425			-6.4437E+04
2430			-6.4437E+04
2435			-6.4438E+04
2440			-6.4439E+04
2445			-6.4439E+04
2450			-6.4440E+04
2455			-6.4439E+04
2460			-6.4440E+04
2465			-6.4441E+04
2470			-6.4442E+04
2475			-6.4443E+04
2480			-6.4443E+04
2485			-6.4444E+04
2490			-6.4445E+04
2495			-6.4445E+04
2500			-6.4446E+04
2505			-6.4446E+04
2510			-6.4447E+04
2515			-6.4447E+04
2520			-6.4448E+04
2525			-6.4449E+04
2530			-6.4449E+04
2535			-6.4451E+04
2540			-6.4451E+04
2545			-6.4452E+04
2550			-6.4452E+04
2555			-6.4452E+04
2560			-6.4453E+04
2565			-6.4454E+04
2570			-6.4455E+04
2575			-6.4462E+04
2580			-6.4463E+04
2585			-6.4466E+04
2590			-6.4467E+04
2595			-6.4468E+04
2600			-6.4469E+04
2605			-6.4468E+04
2610			-6.4470E+04
2615			-6.4470E+04
2620			-6.4472E+04
2625			-6.4473E+04
2630			-6.4474E+04
2635			-6.4475E+04
2640			-6.4476E+04
2645			-6.4477E+04
2650			-6.4477E+04
2655			-6.4477E+04
2660			-6.4478E+04
2665			-6.4479E+04
2670			-6.4480E+04
2675			-6.4482E+04
2680			-6.4483E+04
2685			-6.4484E+04
2690			-6.4485E+04
2695			-6.4486E+04
2700			-6.4486E+04
2705			-6.4485E+04
2710			-6.4487E+04
2715			-6.4488E+04
2720			-6.4489E+04
2725			-6.4491E+04
2730			-6.4491E+04
2735			-6.4492E+04
2740			-6.4493E+04
2745			-6.4494E+04
2750			-6.4494E+04
2755			-6.4493E+04
2760			-6.4495E+04
2765			-6.4496E+04
2770			-6.4496E+04
2775			-6.4499E+04
2780			-6.4499E+04
2785			-6.4500E+04
2790			-6.4501E+04
2795			-6.4502E+04
2800			-6.4502E+04
2805			-6.4501E+04
2810			-6.4503E+04
2815			-6.4504E+04
2820			-6.4504E+04
2825			-6.4506E+04
2830			-6.4507E+04
2835			-6.4507E+04
2840			-6.4508E+04
2845			-6.4509E+04
2850			-6.4509E+04
2855			-6.4509E+04
2860			-6.4510E+04
2865			-6.4511E+04
2870			-6.4511E+04
2875			-6.4513E+04
2880			-6.4514E+04
2885			-6.4515E+04
2890			-6.4516E+04
2895			-6.4516E+04
2900			-6.4516E+04
2905			-6.4516E+04
2910			-6.4517E+04
2915			-6.4518E+04
2920			-6.4518E+04
2925			-6.4520E+04
2930			-6.4520E+04
2935			-6.4521E+04
2940			-6.4521E+04
2945			-6.4522E+04
2950			-6.4522E+04
2955			-6.4522E+04
2960			-6.4523E+04
2965			-6.4523E+04
2970			-6.4524E+04
2975			-6.4526E+04
2980			-6.4526E+04
2985			-6.4527E+04
2990			-6.4528E+04
2995			-6.4528E+04
3000			-6.4528E+04
3005			-6.4527E+04
3010			-6.4529E+04
3015			-6.4529E+04
3020			-6.4530E+04
3025			-6.4531E+04
3030			-6.4531E+04
3035			-6.4532E+04
3040			-6.4533E+04
3045			-6.4533E+04
3050			-6.4534E+04
3055			-6.4533E+04
3060			-6.4534E+04
3065			-6.4534E+04
3070			-6.4535E+04
3075			-6.4536E+04
3080			-6.4537E+04
3085			-6.4537E+04
3090			-6.4539E+04
3095			-6.4539E+04
3100			-6.4539E+04
3105			-6.4539E+04
3110			-6.4540E+04
3115			-6.4541E+04
3120			-6.4541E+04
3125			-6.4543E+04
3130			-6.4543E+04
3135			-6.4545E+04
3140			-6.4546E+04
3145			-6.4546E+04
3150			-6.4546E+04
3155			-6.4546E+04
3160			-6.4546E+04
3165			-6.4548E+04
3170			-6.4549E+04
3175			-6.4552E+04
3180			-6.4553E+04
3185			-6.4554E+04
3190			-6.4555E+04
3195			-6.4556E+04
3200			-6.4556E+04
3205			-6.4555E+04
3210			-6.4556E+04
3215			-6.4557E+04
3220			-6.4558E+04
3225			-6.4562E+04
3230			-6.4563E+04
3235			-6.4564E+04
3240			-6.4565E+04
3245			-6.4565E+04
3250			-6.4566E+04
3255			-6.4565E+04
3260			-6.4566E+04
3265			-6.4567E+04
3270			-6.4567E+04
3275			-6.4568E+04
3280			-6.4568E+04
3285			-6.4569E+04
3290			-6.4570E+04
3295			-6.4570E+04
3300			-6.4571E+04
3305			-6.4570E+04
3310			-6.4571E+04
3315			-6.4572E+04
3320			-6.4572E+04
3325			-6.4573E+04
3330			-6.4573E+04
3335			-6.4574E+04
3340			-6.4574E+04
3345			-6.4575E+04
3350			-6.4575E+04
3355			-6.4575E+04
3360			-6.4576E+04
3365			-6.4576E+04
3370			-6.4576E+04
3375			-6.4577E+04
3380			-6.4578E+04
3385			-6.4578E+04
3390			-6.4578E+04
3395			-6.4579E+04
3400			-6.4579E+04
3405			-6.4579E+04
3410			-6.4580E+04
3415			-6.4580E+04
3420			-6.4581E+04
3425			-6.4582E+04
3430			-6.4582E+04
3435			-6.4583E+04
3440			-6.4583E+04
3445			-6.4584E+04
3450			-6.4584E+04
3455			-6.4583E+04
3460			-6.4584E+04
3465			-6.4585E+04
3470			-6.4585E+04
3475			-6.4587E+04
3480			-6.4587E+04
3485			-6.4587E+04
3490			-6.4588E+04
3495			-6.4588E+04
3500			-6.4588E+04
3505			-6.4581E+04
3510			-6.4589E+04
3515			-6.4589E+04
3520			-6.4590E+04
3525			-6.4593E+04
3530			-6.4594E+04
3535			-6.4595E+04
3540			-6.4596E+04
3545			-6.4595E+04
3550			-6.4596E+04
3555			-6.4595E+04
3560			-6.4597E+04
3565			-6.4597E+04
3570			-6.4598E+04
3575			-6.4600E+04
3580			-6.4600E+04
3585			-6.4601E+04
3590			-6.4601E+04
3595			-6.4602E+04
3600			-6.4602E+04
3605			-6.4600E+04
3610			-6.4602E+04
3615			-6.4603E+04
3620			-6.4603E+04
3625			-6.4604E+04
3630			-6.4604E+04
3635			-6.4605E+04
3640			-6.4605E+04
3645			-6.4606E+04
3650			-6.4606E+04
3655			-6.4603E+04
3660			-6.4606E+04
3665			-6.4607E+04
3670			-6.4607E+04
3675			-6.4608E+04
3680			-6.4608E+04
3685			-6.4609E+04
3690			-6.4609E+04
3695			-6.4609E+04
3700			-6.4609E+04
3705			-6.4609E+04
3710			-6.4610E+04
3715			-6.4610E+04
3720			-6.4610E+04
3725			-6.4612E+04
3730			-6.4612E+04
3735			-6.4613E+04
3740			-6.4613E+04
3745			-6.4613E+04
3750			-6.4613E+04
3755			-6.4611E+04
3760			-6.4613E+04
3765			-6.4613E+04
3770			-6.4613E+04
3775			-6.4613E+04
3780			-6.4612E+04
3785			-6.4614E+04
3790			-6.4616E+04
3795			-6.4618E+04
3800			-6.4618E+04
3805			-6.4618E+04
3810			-6.4619E+04
3815			-6.4619E+04
3820			-6.4620E+04
3825			-6.4620E+04
3830			-6.4617E+04
3835			-6.4620E+04
3840			-6.4620E+04
3845			-6.4621E+04
3850			-6.4621E+04
3855			-6.4621E+04
3860			-6.4622E+04
3865			-6.4622E+04
3870			-6.4622E+04
3875			-6.4622E+04
3880			-6.4621E+04
3885			-6.4623E+04
3890			-6.4623E+04
3895			-6.4623E+04
3900			-6.4623E+04
3905			-6.4622E+04
3910			-6.4623E+04
3915			-6.4624E+04
3920			-6.4624E+04
3925			-6.4624E+04
3930			-6.4616E+04
3935			-6.4625E+04
3940			-6.4625E+04
3945			-6.4625E+04
3950			-6.4626E+04
3955			-6.4625E+04
3960			-6.4626E+04
3965			-6.4626E+04
3970			-6.4626E+04
3975			-6.4627E+04
3980			-6.4626E+04
3985			-6.4627E+04
3990			-6.4627E+04
3995			-6.4627E+04
4000			-6.4628E+04
4005			-6.4628E+04
4010			-6.4629E+04
4015			-6.4629E+04
4020			-6.4629E+04
4025			-6.4629E+04
4030			-6.4628E+04
4035			-6.4629E+04
4040			-6.4630E+04
4045			-6.4630E+04
4050			-6.4630E+04
4055			-6.4629E+04
4060			-6.4630E+04
4065			-6.4631E+04
4070			-6.4631E+04
4075			-6.4631E+04
4080			-6.4631E+04
4085			-6.4632E+04
4090			-6.4632E+04
4095			-6.4632E+04
4100			-6.4633E+04
4105			-6.4632E+04
4110			-6.4633E+04
4115			-6.4634E+04
4120			-6.4634E+04
4125			-6.4634E+04
4130			-6.4629E+04
4135			-6.4635E+04
4140			-6.4632E+04
4145			-6.4635E+04
4150			-6.4636E+04
4155			-6.4635E+04
4160			-6.4636E+04
4165			-6.4637E+04
4170			-6.4637E+04
4175			-6.4637E+04
4180			-6.4636E+04
4185			-6.4637E+04
4190			-6.4638E+04
4195			-6.4638E+04
4200			-6.4638E+04
4205			-6.4638E+04
4210			-6.4639E+04
4215			-6.4639E+04
4220			-6.4639E+04
4225			-6.4639E+04
4230			-6.4639E+04
4235			-6.4640E+04
4240			-6.4640E+04
4245			-6.4640E+04
4250			-6.4641E+04
4255			-6.4641E+04
4260			-6.4642E+04
4265			-6.4642E+04
4270			-6.4642E+04
4275			-6.4642E+04
4280			-6.4642E+04
4285			-6.4643E+04
4290			-6.4643E+04
4295			-6.4644E+04
4300			-6.4644E+04
4305			-6.4643E+04
4310			-6.4645E+04
4315			-6.4645E+04
4320			-6.4645E+04
4325			-6.4646E+04
4330			-6.4645E+04
4335			-6.4646E+04
4340			-6.4647E+04
4345			-6.4647E+04
4350			-6.4647E+04
4355			-6.4647E+04
4360			-6.4648E+04
4365			-6.4648E+04
4370			-6.4648E+04
4375			-6.4649E+04
4380			-6.4649E+04
4385			-6.4650E+04
4390			-6.4650E+04
4395			-6.4650E+04
4400			-6.4651E+04
4405			-6.4650E+04
4410			-6.4651E+04
4415			-6.4652E+04
4420			-6.4652E+04
4425			-6.4653E+04
4430			-6.4653E+04
4435			-6.4654E+04
4440			-6.4654E+04
4445			-6.4655E+04
4450			-6.4655E+04
4455			-6.4653E+04
4460			-6.4655E+04
4465			-6.4656E+04
4470			-6.4656E+04
4475			-6.4656E+04
4480			-6.4656E+04
4485			-6.4657E+04
4490			-6.4657E+04
4495			-6.4657E+04
4500			-6.4657E+04
4505			-6.4656E+04
4510			-6.4658E+04
4515			-6.4658E+04
4520			-6.4658E+04
4525			-6.4659E+04
4530			-6.4658E+04
4535			-6.4660E+04
4540			-6.4660E+04
4545			-6.4660E+04
4550			-6.4660E+04
4555			-6.4658E+04
4560			-6.4660E+04
4565			-6.4661E+04
4570			-6.4661E+04
4575			-6.4661E+04
4580			-6.4660E+04
4585			-6.4662E+04
4590			-6.4662E+04
4595			-6.4662E+04
4600			-6.4662E+04
4605			-6.4659E+04
4610			-6.4663E+04
4615			-6.4663E+04
4620			-6.4663E+04
4625			-6.4663E+04
4630			-6.4662E+04
4635			-6.4663E+04
4640			-6.4664E+04
4645			-6.4664E+04
4650			-6.4664E+04
4655			-6.4664E+04
4660			-6.4665E+04
4665			-6.4665E+04
4670			-6.4665E+04
4675			-6.4666E+04
4680			-6.4664E+04
4685			-6.4666E+04
4690			-6.4666E+04
4695			-6.4667E+04
4700			-6.4667E+04
4705			-6.4666E+04
4710			-6.4667E+04
4715			-6.4668E+04
4720			-6.4668E+04
4725			-6.4668E+04
4730			-6.4666E+04
4735			-6.4668E+04
4740			-6.4669E+04
4745			-6.4669E+04
4750			-6.4669E+04
4755			-6.4668E+04
4760			-6.4669E+04
4765			-6.4670E+04
4770			-6.4670E+04
4775			-6.4670E+04
4780			-6.4668E+04
4785			-6.4671E+04
4790			-6.4671E+04
4795			-6.4671E+04
4800			-6.4671E+04
4805			-6.4671E+04
4810			-6.4672E+04
4815			-6.4672E+04
4820			-6.4672E+04
4825			-6.4673E+04
4830			-6.4671E+04
4835			-6.4673E+04
4840			-6.4673E+04
4845			-6.4673E+04
4850			-6.4673E+04
4855			-6.4673E+04
4860			-6.4674E+04
4865			-6.4674E+04
4870			-6.4674E+04
4875			-6.4674E+04
4880			-6.4673E+04
4885			-6.4675E+04
4890			-6.4675E+04
4895			-6.4676E+04
4900			-6.4676E+04
4905			-6.4675E+04
4910			-6.4676E+04
4915			-6.4676E+04
4920			-6.4676E+04
4925			-6.4677E+04
4930			-6.4672E+04
4935			-6.4677E+04
4940			-6.4677E+04
4945			-6.4677E+04
4950			-6.4677E+04
4955			-6.4675E+04
4960			-6.4677E+04
4965			-6.4678E+04
4970			-6.4679E+04
4975			-6.4681E+04
4980			-6.4681E+04
4985			-6.4682E+04
4990			-6.4682E+04
4995			-6.4682E+04
5000			-6.4682E+04
5000			-6.4682E+04
