   2.088
  -0.244
  -1.513
   1.537
  -0.533
   1.985
   0.250
  -0.816
   0.560
   0.560
  -1.222
  -1.017
   1.374
  -0.186
   1.890
  -1.366
  -1.597
  -0.894
   0.948
   2.868
   0.928
  -3.329
  -0.180
  -0.308
   0.212
   0.748
  -0.041
  -1.213
  -1.627
   0.446
   0.298
   0.002
  -0.171
  -0.509
   1.473
   0.744
  -0.888
  -1.362
   0.126
  -0.040
   1.263
  -0.698
  -1.474
  -3.080
   1.562
   1.512
  -2.055
  -1.814
   0.166
  -0.209
  -3.246
   1.628
   0.226
  -0.714
  -2.351
  -0.795
   1.980
   0.027
   1.417
   1.792
   0.640
   0.616
  -1.388
   1.268
   1.677
  -0.164
   1.615
  -0.709
  -0.505
  -0.002
   2.597
  -0.379
   1.553
   0.511
  -1.115
  -1.167
   0.715
  -0.684
  -0.872
  -0.497
   0.443
  -0.639
   3.569
   0.004
  -1.980
  -1.301
  -0.110
  -0.140
  -0.818
  -0.405
   0.126
   0.225
  -1.393
  -0.359
   0.803
   1.043
  -0.788
  -0.370
   0.047
  -0.509
   0.449
   1.376
   0.294
   0.390
  -1.044
   0.215
  -1.225
  -0.266
   0.338
   0.048
   0.006
   0.455
  -0.547
  -0.661
  -0.391
   0.792
  -0.086
  -0.081
   1.356
   0.762
   0.064
   3.076
   0.745
   0.673
  -0.984
  -0.215
  -1.080
   0.607
  -0.573
  -1.552
   0.550
  -1.382
  -0.625
  -0.639
  -0.635
   0.232
  -0.058
   0.610
   0.655
   0.202
   1.317
   1.347
  -1.627
   2.059
  -1.847
   0.741
  -1.290
   0.120
  -0.941
  -0.655
   0.363
  -2.083
   1.083
  -1.142
  -1.310
  -0.670
  -3.543
   2.741
   5.370
   1.984
   0.635
   0.192
  -0.557
  -0.356
   0.199
  -0.564
   1.851
   0.813
  -1.575
   0.101
   3.497
   1.357
   0.414
   2.558
  -2.890
   2.662
  -0.090
   0.515
   1.012
   0.918
   0.793
  -1.963
   3.813
   0.482
   1.172
   0.964
   0.909
   2.627
  -3.188
   1.169
   1.656
  -0.088
  -0.941
   0.757
   3.272
   0.233
   1.563
   0.512
   0.545
   0.542
   0.180
   2.210
   1.404
   0.604
   2.528
   1.647
   3.257
  -0.938
   1.227
   1.235
   0.822
  -1.716
  -2.483
   1.819
   0.064
  -0.156
  -1.660
  -0.080
  -0.526
  -1.525
   1.630
  -0.155
   2.730
   1.453
  -1.089
   0.606
   0.483
  -1.815
   1.962
  -0.507
   0.230
  -0.490
   0.243
   0.020
  -0.440
  -0.029
   0.038
  -0.475
   0.378
   1.595
  -0.672
  -0.514
  -0.616
   3.064
   3.803
   0.995
   0.009
   1.599
   1.711
  -1.153
   1.330
   1.517
   0.859
  -0.645
  -1.600
   0.876
   1.536
  -3.261
  -1.319
  -1.469
   2.461
   1.783
  -2.735
   2.940
  -1.056
   1.143
  -0.833
   3.445
  -0.197
   0.541
   2.622
   2.118
   0.118
   0.141
  -0.496
   0.828
   1.492
   0.564
  -0.172
  -1.217
   1.584
   1.024
   0.623
   2.020
   0.268
   0.875
  -0.963
   1.726
   0.533
  -0.213
   1.960
   1.328
  -0.133
  -0.767
  -0.628
   1.049
  -0.582
   0.917
   0.055
   0.570
  -0.351
  -1.077
  -1.269
   2.039
  -1.103
   0.836
  -0.727
  -1.539
   2.235
  -0.522
   1.354
  -0.939
   0.617
  -1.676
  -0.430
  -2.135
   0.186
  -2.395
   0.150
   1.754
  -0.262
  -0.980
   1.522
   0.903
   0.521
  -0.284
  -0.165
  -0.417
   0.609
   0.429
  -0.245
  -0.491
   0.045
