#Atom            RMSF
  36.000       4.0407
  55.000       3.5238
  74.000       3.4307
  93.000       3.1712
 112.000       2.4787
 134.000       2.2502
 148.000       2.3806
 172.000       2.1041
 191.000       1.4997
 209.000       1.4568
 223.000       1.8171
 242.000       1.9897
 259.000       1.6960
 270.000       1.5370
 286.000       1.2484
 296.000       1.3181
 318.000       1.6353
 332.000       1.5182
 351.000       1.1754
 365.000       1.3642
 372.000       1.0621
 391.000       1.2125
 407.000       1.3062
 424.000       1.2713
 441.000       0.9924
 463.000       0.9134
 473.000       1.0770
 487.000       1.0303
 503.000       0.9191
 519.000       0.9684
 538.000       1.1124
 557.000       1.3107
 564.000       1.2417
 578.000       1.6014
 597.000       1.4159
 613.000       1.5561
 629.000       1.5408
 648.000       1.0592
 664.000       0.9262
 686.000       0.9029
 708.000       0.7008
 724.000       0.6357
 741.000       0.7682
 760.000       0.8016
 781.000       0.7950
 791.000       0.8871
 810.000       1.0259
 820.000       1.1516
 839.000       1.1809
 858.000       1.2843
 880.000       1.5509
 894.000       1.4505
 914.000       1.4370
 928.000       1.3304
 947.000       1.1305
 966.000       1.4216
 982.000       2.1612
1004.000       2.3652
1018.000       1.9524
1032.000       2.0014
1048.000       1.5410
1068.000       1.1257
1098.000       1.6317
1104.000       1.7811
1121.000       1.9168
1128.000       1.7394
1147.000       1.5388
1169.000       1.9782
1179.000       1.7863
1195.000       1.3154
1212.000       1.4674
1231.000       1.6722
1250.000       1.4122
1269.000       1.2901
1288.000       1.4624
1304.000       1.4837
1323.000       1.5184
1337.000       1.2299
1348.000       1.0837
1364.000       1.2862
1386.000       1.2407
1403.000       1.0412
1422.000       1.2243
1438.000       1.4359
1449.000       1.1799
1465.000       1.0185
1475.000       1.3794
1486.000       1.8702
1500.000       1.5072
1519.000       1.9033
1530.000       1.4127
1549.000       1.8726
1568.000       1.5633
1590.000       1.4039
1596.000       1.1957
1614.000       0.9762
1633.000       0.9322
1655.000       0.8949
1665.000       0.7213
1676.000       0.7473
1698.000       0.7863
1717.000       0.7679
1733.000       0.7780
1750.000       0.8602
1760.000       0.8937
1776.000       0.8928
1787.000       0.9977
1809.000       0.9805
1830.000       0.9757
1852.000       0.9284
1866.000       1.0744
1883.000       1.0707
1905.000       1.4211
