  -2.783
  -0.915
  -0.216
   3.125
  -0.719
  -1.737
  -0.128
  -0.083
   0.729
  -1.047
  -2.669
  -0.217
  -1.650
   0.133
   1.049
  -1.023
   0.583
   0.634
   0.878
   1.136
   0.264
  -0.563
  -0.424
  -0.744
  -1.013
  -1.039
  -0.015
   0.782
   1.540
  -0.110
   3.135
  -1.136
   1.778
  -3.266
   5.328
  -4.126
   0.003
  -2.353
  -3.676
  -0.210
   2.060
  -0.545
  -0.460
  -0.894
  -1.067
   0.048
  -4.669
   1.513
  -2.037
   2.503
   3.328
  -6.163
   5.261
  -2.948
  -8.452
   2.760
  -0.127
  -1.474
   1.503
   1.726
   0.393
  -2.472
   4.186
   3.060
   0.329
   4.643
  -1.259
  -5.725
   6.148
  -4.029
   2.967
   0.083
   2.683
  -2.740
  -0.504
   0.650
  -0.531
  -2.008
  -0.162
   0.941
  -2.284
   5.581
   5.285
   0.494
  -0.955
  -0.155
   1.857
   2.830
   2.234
  -0.107
   2.544
  -2.478
   2.647
   0.594
  -1.125
   1.724
   1.223
  -0.685
   0.713
  -2.922
  -1.202
  -0.101
   0.103
  -0.483
   0.073
  -1.631
  -0.988
  -3.934
   4.062
  -1.434
  -5.383
  -1.263
   1.201
   4.913
   4.112
   0.572
   0.858
   2.383
  -0.421
  -4.341
   1.327
   0.616
  -0.800
  -1.615
  -0.154
   0.018
  -2.839
  -0.538
  -0.863
  -2.167
   3.209
   0.287
   1.986
   3.021
  -0.480
   0.873
  -1.014
  -1.529
   2.747
  -0.904
  -4.251
   0.174
  -1.388
  -3.285
  -0.301
  -3.348
   3.047
   4.745
  -1.459
   2.529
   1.614
   1.063
   0.092
  -0.846
  -2.586
  -2.002
   2.428
  -0.420
  -2.352
  -0.446
   0.388
   2.345
   0.583
   3.829
  -1.243
   1.099
  -2.018
   1.716
   1.493
   1.290
  -2.513
  -0.442
   1.829
  -0.457
   0.460
   0.558
  -1.337
  -1.424
  -0.100
  -0.321
   4.232
  -1.366
  -0.026
   2.182
   0.051
   2.710
  -1.815
  -0.437
  -0.107
  -0.353
   0.585
  -1.481
  -1.138
  -0.454
   0.909
   2.961
   1.870
  -0.767
  -3.930
  -0.058
   0.934
   0.504
   0.944
  -7.894
  -3.586
   0.718
  -0.436
  -7.922
   1.206
   1.782
   3.354
   0.067
   1.883
  -2.497
  -0.477
   0.548
   0.093
   0.685
   2.635
   4.277
   0.719
  -2.438
   0.539
   2.305
  -1.363
   0.006
  -0.955
  -6.395
  -0.531
   0.643
  -1.191
  -2.712
  -2.857
   1.863
   1.909
  -5.723
  -3.087
  -2.296
   2.015
   4.481
  -4.138
  -4.128
   1.455
   3.733
   2.157
   0.446
  -0.088
   3.247
  -3.170
   1.139
  -4.430
   1.893
  -0.093
  -4.733
  -3.279
  -4.010
   2.193
   4.581
   1.698
  -3.709
  -0.824
   4.557
   0.667
  -0.003
  -0.304
   1.875
  -0.288
  -1.580
  -3.451
  -5.012
   2.201
  -5.425
  -2.474
  -4.363
   1.158
  -3.139
   1.244
  -1.049
  -0.564
   3.470
   1.383
   1.750
   1.762
   1.829
   4.360
  -2.973
  -3.123
  -6.078
   0.325
  -2.859
  -1.097
   2.552
  -1.727
  -3.040
   1.536
  -0.009
   3.986
  -0.128
   0.434
   0.697
   1.782
   6.564
  -1.740
   2.449
   1.929
   5.124
  -5.021
  -2.667
  -1.241
   1.020
   0.318
   5.768
   2.875
  -5.093
  -1.381
  -2.451
  -2.997
  -6.175
   2.398
   2.667
  -3.282
   3.712
   2.788
   1.804
   0.387
   3.511
   2.727
  -0.434
  -0.938
  -1.679
   1.069
   2.636
  -0.068
