       0.000           0.0000
       1.000         278.8205
       2.000         584.9371
       3.000         884.8906
       4.000        1201.6744
       5.000        1486.6810
       6.000        1805.4073
       7.000        2097.7593
       8.000        2425.6860
       9.000        2736.5054
      10.000        3037.3254
      11.000        3318.8000
      12.000        3681.2607
      13.000        3963.9163
      14.000        4259.0869
      15.000        4566.6880
      16.000        4863.4697
      17.000        5112.6855
      18.000        5501.3330
      19.000        5796.5723
      20.000        6074.7285
      21.000        6282.4482
      22.000        6436.2847
      23.000        6513.6841
      24.000        6757.7339
      25.000        6937.0635
      26.000        7057.1719
      27.000        7110.6855
      28.000        7290.0010
      29.000        7500.7949
      30.000        7674.4116
      31.000        7731.2378
      32.000        7833.4487
      33.000        8227.6514
      34.000        8190.7100
      35.000        8335.5635
      36.000        8530.2871
      37.000        8486.9023
      38.000        8760.9463
      39.000        8944.3379
      40.000        9213.6211
      41.000        9238.2773
      42.000        9130.8779
      43.000        9124.5625
      44.000        9249.4658
      45.000        9279.3594
      46.000        9189.1641
      47.000        9180.2520
      48.000        9143.8877
      49.000        9167.1553
      50.000        9308.3701
      51.000        9194.6846
      52.000        9196.2578
      53.000        9125.5215
      54.000        9188.0010
      55.000        9189.3457
      56.000        9161.6465
      57.000        9059.9834
      58.000        9121.5928
      59.000        9046.6846
      60.000        9113.3965
      61.000        9134.7715
      62.000        9367.0352
      63.000        9194.4844
      64.000        9062.9375
      65.000        9152.7119
      66.000        9107.5342
      67.000        9334.3916
      68.000        9431.0088
      69.000        9183.9678
      70.000        9155.7334
      71.000        9245.6777
      72.000        9163.8760
      73.000        9116.0518
      74.000        9148.7979
      75.000        9169.0117
      76.000        9155.6260
      77.000        9312.0752
      78.000        9250.1055
      79.000        9173.7090
      80.000        9238.4404
      81.000        9224.9600
      82.000        9191.3418
      83.000        9166.4668
      84.000        9160.5781
      85.000        9182.8115
      86.000        9261.8848
      87.000        9435.7227
      88.000        9188.3682
      89.000        9175.7646
      90.000        9186.1221
      91.000        9256.6699
      92.000        9177.6240
      93.000        9250.0713
      94.000        9156.6836
      95.000        9172.8867
      96.000        9041.6416
      97.000        9313.7383
      98.000        9152.7988
      99.000        9251.2549
     100.000        9264.8604
     101.000        9248.3477
     102.000        9129.1846
     103.000        9170.1133
     104.000        9214.0586
     105.000        9149.2764
     106.000        9141.8701
     107.000        9086.0576
     108.000        9203.1875
     109.000        9200.4785
     110.000        9150.7480
     111.000        9209.4727
     112.000        9286.7031
     113.000        9136.5059
     114.000        9090.6240
     115.000        9183.5566
     116.000        9105.3516
     117.000        9112.4668
     118.000        9145.3076
     119.000        9246.9570
     120.000        9187.6084
     121.000        9175.3076
     122.000        9121.3594
     123.000        9227.0859
     124.000        9241.7471
     125.000        9178.9375
     126.000        9112.9580
     127.000        9111.0322
     128.000        9131.2549
     129.000        9228.9863
     130.000        9144.2139
     131.000        9026.2178
     132.000        9122.0117
     133.000        9252.8398
     134.000        9103.4932
     135.000        9081.2891
     136.000        9283.6309
     137.000        9254.3525
     138.000        9145.0273
     139.000        9154.8174
     140.000        9093.1768
