       0.000      -53911.2490
       1.000      -54086.7116
       2.000      -53882.5294
       3.000      -53649.8329
       4.000      -53411.0032
       5.000      -53211.3175
       6.000      -52959.5432
       7.000      -52692.6414
       8.000      -52490.0216
       9.000      -52239.3980
      10.000      -52022.8779
      11.000      -51734.4400
      12.000      -51510.4147
      13.000      -51226.0332
      14.000      -50908.2212
      15.000      -50624.0642
      16.000      -50299.3167
      17.000      -50025.2162
      18.000      -49494.0309
      19.000      -49292.4067
      20.000      -48739.4272
      21.000      -48590.1204
      22.000      -48352.5333
      23.000      -48172.5605
      24.000      -48007.4785
      25.000      -47726.7594
      26.000      -47300.6419
      27.000      -47126.0594
      28.000      -46743.6139
      29.000      -46513.5797
      30.000      -46238.8227
      31.000      -45910.7850
      32.000      -45649.3475
      33.000      -45085.1057
      34.000      -44951.0631
      35.000      -44685.6060
      36.000      -44206.4158
      37.000      -43745.9924
      38.000      -43626.1000
      39.000      -43355.5819
      40.000      -42920.5562
      41.000      -42837.9270
      42.000      -42787.4862
      43.000      -42721.8288
      44.000      -42841.4203
      45.000      -42959.0786
      46.000      -42777.5624
      47.000      -42859.2084
      48.000      -42980.6598
      49.000      -42736.7871
      50.000      -42904.3512
      51.000      -42974.9296
      52.000      -42901.3222
      53.000      -42814.3439
      54.000      -42825.1593
      55.000      -42888.6741
      56.000      -42873.7928
      57.000      -43028.9815
      58.000      -42888.9101
      59.000      -43044.4135
      60.000      -42797.3636
      61.000      -42802.1432
      62.000      -42806.1081
      63.000      -42888.1841
      64.000      -42976.2041
      65.000      -43039.5291
      66.000      -42949.7173
      67.000      -42962.2416
      68.000      -42965.7516
      69.000      -42938.4683
      70.000      -42952.6602
      71.000      -42946.9137
      72.000      -42951.0589
      73.000      -43030.1389
      74.000      -43078.0150
      75.000      -43090.2223
      76.000      -43167.5583
      77.000      -42913.5226
      78.000      -43060.9632
      79.000      -42950.8433
      80.000      -42984.5843
      81.000      -43073.4717
      82.000      -43047.6048
      83.000      -43080.6274
      84.000      -43105.2907
      85.000      -43132.6346
      86.000      -43059.5053
      87.000      -43056.4983
      88.000      -43376.0396
      89.000      -43184.2174
      90.000      -43051.2751
      91.000      -43061.6003
      92.000      -43058.6139
      93.000      -43227.8242
      94.000      -43165.7224
      95.000      -43234.4076
      96.000      -43168.4775
      97.000      -43104.9491
      98.000      -43249.7194
      99.000      -43392.2030
     100.000      -43325.1510
     101.000      -43238.6473
     102.000      -43199.4113
     103.000      -43231.4561
     104.000      -43420.2781
     105.000      -43340.6665
     106.000      -43431.1161
     107.000      -43320.0362
     108.000      -43232.6806
     109.000      -43181.0135
     110.000      -43298.3890
     111.000      -43277.9774
     112.000      -43194.7820
     113.000      -43449.1160
     114.000      -43231.0742
     115.000      -43495.6069
     116.000      -43380.8173
     117.000      -43352.3150
     118.000      -43303.4204
     119.000      -43237.4233
     120.000      -43151.3474
     121.000      -43344.4229
     122.000      -43236.7857
     123.000      -43342.9302
     124.000      -43263.4674
     125.000      -43608.2129
     126.000      -43282.2577
     127.000      -43335.7494
     128.000      -43425.7105
     129.000      -43304.6061
     130.000      -43424.9111
     131.000      -43377.9071
     132.000      -43318.5858
     133.000      -43334.9082
     134.000      -43535.6590
     135.000      -43324.7429
     136.000      -43330.3093
     137.000      -43332.2690
     138.000      -43363.3211
     139.000      -43525.3136
     140.000      -43386.1253
