       0.000      -53911.2490
       1.000      -53807.8911
       2.000      -53297.5923
       3.000      -52764.9423
       4.000      -52209.3288
       5.000      -51724.6365
       6.000      -51154.1358
       7.000      -50594.8821
       8.000      -50064.3356
       9.000      -49502.8926
      10.000      -48985.5525
      11.000      -48415.6399
      12.000      -47829.1540
      13.000      -47262.1169
      14.000      -46649.1343
      15.000      -46057.3763
      16.000      -45435.8470
      17.000      -44912.5307
      18.000      -43992.6979
      19.000      -43495.8344
      20.000      -42664.6987
      21.000      -42307.6722
      22.000      -41916.2487
      23.000      -41658.8764
      24.000      -41249.7446
      25.000      -40789.6959
      26.000      -40243.4700
      27.000      -40015.3739
      28.000      -39453.6129
      29.000      -39012.7847
      30.000      -38564.4111
      31.000      -38179.5472
      32.000      -37815.8987
      33.000      -36857.4543
      34.000      -36760.3531
      35.000      -36350.0426
      36.000      -35676.1287
      37.000      -35259.0900
      38.000      -34865.1537
      39.000      -34411.2440
      40.000      -33706.9351
      41.000      -33599.6497
      42.000      -33656.6083
      43.000      -33597.2663
      44.000      -33591.9545
      45.000      -33679.7192
      46.000      -33588.3983
      47.000      -33678.9564
      48.000      -33836.7721
      49.000      -33569.6318
      50.000      -33595.9811
      51.000      -33780.2450
      52.000      -33705.0644
      53.000      -33688.8225
      54.000      -33637.1583
      55.000      -33699.3284
      56.000      -33712.1463
      57.000      -33968.9981
      58.000      -33767.3174
      59.000      -33997.7289
      60.000      -33683.9672
      61.000      -33667.3717
      62.000      -33439.0729
      63.000      -33693.6997
      64.000      -33913.2666
      65.000      -33886.8172
      66.000      -33842.1831
      67.000      -33627.8500
      68.000      -33534.7428
      69.000      -33754.5005
      70.000      -33796.9268
      71.000      -33701.2360
      72.000      -33787.1829
      73.000      -33914.0871
      74.000      -33929.2172
      75.000      -33921.2106
      76.000      -34011.9324
      77.000      -33601.4474
      78.000      -33810.8577
      79.000      -33777.1343
      80.000      -33746.1438
      81.000      -33848.5117
      82.000      -33856.2630
      83.000      -33914.1606
      84.000      -33944.7126
      85.000      -33949.8231
      86.000      -33797.6205
      87.000      -33620.7756
      88.000      -34187.6715
      89.000      -34008.4527
      90.000      -33865.1530
      91.000      -33804.9304
      92.000      -33880.9899
      93.000      -33977.7529
      94.000      -34009.0388
      95.000      -34061.5209
      96.000      -34126.8359
      97.000      -33791.2108
      98.000      -34096.9206
      99.000      -34140.9481
     100.000      -34060.2906
     101.000      -33990.2996
     102.000      -34070.2267
     103.000      -34061.3429
     104.000      -34206.2195
     105.000      -34191.3902
     106.000      -34289.2460
     107.000      -34233.9786
     108.000      -34029.4931
     109.000      -33980.5350
     110.000      -34147.6410
     111.000      -34068.5047
     112.000      -33908.0788
     113.000      -34312.6102
     114.000      -34140.4502
     115.000      -34312.0503
     116.000      -34275.4658
     117.000      -34239.8482
     118.000      -34158.1128
     119.000      -33990.4663
     120.000      -33963.7390
     121.000      -34169.1152
     122.000      -34115.4263
     123.000      -34115.8442
     124.000      -34021.7203
     125.000      -34429.2754
     126.000      -34169.2997
     127.000      -34224.7171
     128.000      -34294.4556
     129.000      -34075.6198
     130.000      -34280.6972
     131.000      -34351.6893
     132.000      -34196.5741
     133.000      -34082.0684
     134.000      -34432.1659
     135.000      -34243.4538
     136.000      -34046.6785
     137.000      -34077.9165
     138.000      -34218.2937
     139.000      -34370.4963
     140.000      -34292.9486
