       0.000       0.00
       1.000       9.11
       2.000      19.12
       3.000      28.92
       4.000      39.28
       5.000      48.59
       6.000      59.01
       7.000      68.57
       8.000      79.29
       9.000      89.45
      10.000      99.28
      11.000     108.48
      12.000     120.33
      13.000     129.57
      14.000     139.21
      15.000     149.27
      16.000     158.97
      17.000     167.12
      18.000     179.82
      19.000     189.47
      20.000     198.56
      21.000     205.35
      22.000     210.38
      23.000     212.91
      24.000     220.89
      25.000     226.75
      26.000     230.67
      27.000     232.42
      28.000     238.28
      29.000     245.17
      30.000     250.85
      31.000     252.71
      32.000     256.05
      33.000     268.93
      34.000     267.72
      35.000     272.46
      36.000     278.82
      37.000     277.41
      38.000     286.36
      39.000     292.36
      40.000     301.16
      41.000     301.97
      42.000     298.46
      43.000     298.25
      44.000     302.33
      45.000     303.31
      46.000     300.36
      47.000     300.07
      48.000     298.88
      49.000     299.64
      50.000     304.26
      51.000     300.54
      52.000     300.59
      53.000     298.28
      54.000     300.32
      55.000     300.37
      56.000     299.46
      57.000     296.14
      58.000     298.15
      59.000     295.70
      60.000     297.88
      61.000     298.58
      62.000     306.17
      63.000     300.53
      64.000     296.23
      65.000     299.17
      66.000     297.69
      67.000     305.11
      68.000     308.27
      69.000     300.19
      70.000     299.27
      71.000     302.21
      72.000     299.53
      73.000     297.97
      74.000     299.04
      75.000     299.70
      76.000     299.26
      77.000     304.38
      78.000     302.35
      79.000     299.86
      80.000     301.97
      81.000     301.53
      82.000     300.43
      83.000     299.62
      84.000     299.43
      85.000     300.15
      86.000     302.74
      87.000     308.42
      88.000     300.33
      89.000     299.92
      90.000     300.26
      91.000     302.57
      92.000     299.98
      93.000     302.35
      94.000     299.30
      95.000     299.83
      96.000     295.54
      97.000     304.43
      98.000     299.17
      99.000     302.39
     100.000     302.83
     101.000     302.29
     102.000     298.40
     103.000     299.74
     104.000     301.17
     105.000     299.06
     106.000     298.81
     107.000     296.99
     108.000     300.82
     109.000     300.73
     110.000     299.10
     111.000     301.02
     112.000     303.55
     113.000     298.64
     114.000     297.14
     115.000     300.18
     116.000     297.62
     117.000     297.85
     118.000     298.93
     119.000     302.25
     120.000     300.31
     121.000     299.91
     122.000     298.14
     123.000     301.60
     124.000     302.08
     125.000     300.03
     126.000     297.87
     127.000     297.81
     128.000     298.47
     129.000     301.66
     130.000     298.89
     131.000     295.03
     132.000     298.17
     133.000     302.44
     134.000     297.56
     135.000     296.83
     136.000     303.45
     137.000     302.49
     138.000     298.92
     139.000     299.24
     140.000     297.22
