   1.229
  16.554
  -1.218
  -2.585
  -7.011
   8.282
   2.086
   4.653
   0.831
  -2.312
  -1.811
 -17.761
   3.064
  16.349
   3.722
  -0.166
   2.105
  24.284
  -4.003
   5.691
  -2.769
   1.184
   3.554
   0.347
 -27.824
  -3.026
   1.596
   5.408
   4.899
  -0.470
  39.883
  -3.650
  -4.290
  -1.798
   0.434
  -1.435
   0.796
  -2.292
   3.618
   6.004
   3.820
  -9.030
   2.282
   0.389
  -3.214
  -1.300
   1.580
  -0.210
  -3.820
  -0.065
  -5.073
   0.416
  -7.967
   3.214
   1.173
  -0.721
  -4.794
   4.095
  -6.725
   4.157
   1.055
  -2.544
  -4.202
   2.142
  -3.330
  -5.116
  -3.092
  -1.751
   2.443
  -6.906
  -0.205
   2.794
  -3.234
  -4.054
   0.327
  -5.476
  -2.023
   1.410
   0.198
  -4.759
  -2.319
  -3.346
  -1.008
  -0.019
  -0.110
  -6.796
  -1.241
   2.626
  -0.716
  -6.171
  -2.858
   1.291
  -2.012
  -0.736
   0.027
   0.020
   1.258
  -2.292
   2.339
   0.737
  -6.327
   4.223
  -2.115
   0.492
  -0.469
  -3.758
  -1.361
  -3.475
  -1.187
  -0.990
  -2.986
  -1.617
  -2.729
  -4.599
   0.929
  -1.696
  -0.917
   3.625
   1.870
   2.716
  -1.671
  -0.275
  -0.493
   1.016
  -5.019
   5.176
   9.197
   2.459
  -2.380
   5.121
  -2.464
   0.030
  -0.605
  -3.881
   2.216
   1.455
  -2.899
   2.854
   0.585
   2.403
   3.115
  -2.646
   0.844
   3.414
  -5.477
   0.360
  -4.912
   4.029
   6.192
   3.181
  -0.447
  -0.324
   1.132
   2.417
  -1.057
   6.198
   1.504
  -1.272
   6.592
  -2.224
   0.076
   2.113
   4.301
   2.051
  -4.732
   2.264
  -1.698
  -0.938
   0.842
  -2.936
   2.252
   5.776
   5.377
   1.328
  -1.881
  -1.490
  -0.356
  -3.609
  -1.020
   1.536
   3.532
   1.524
  -1.656
   1.068
   0.157
  -1.100
  -2.929
   0.321
  -5.791
   2.670
  -1.364
  -6.552
  -0.590
   0.873
  -3.300
  -5.289
  -4.206
  -0.090
  -7.291
  -0.531
  -7.278
   0.296
   1.803
  -1.892
  -4.401
  -6.458
  -5.301
   0.462
  -1.967
  -1.315
   5.683
  -5.110
   5.587
   1.565
  -9.230
  -5.266
   4.924
   0.094
   1.698
  -2.853
  -1.282
   5.273
  -6.312
  -4.807
  -4.023
  -2.797
  -5.465
   0.941
  -0.650
   1.956
   2.114
   0.450
   0.586
   0.429
  -5.699
   1.707
  -1.408
   4.755
  -5.974
   1.962
  -7.540
   3.901
  -2.018
  -4.189
  -5.968
  -0.749
   0.317
   5.710
   1.214
  -0.507
  -1.542
  -0.668
   0.141
   3.006
   1.450
  -0.725
   0.892
  -0.345
   5.134
  -0.338
  -2.365
  -4.975
   1.452
  -1.735
   0.122
   2.663
   3.510
  -2.323
   3.300
  -0.389
   2.844
  -1.939
   2.222
   1.858
  -0.930
  -3.151
   0.068
  -5.200
 -13.834
 -12.604
  -7.815
   2.345
   0.155
  -1.171
  -7.741
  -2.999
   2.503
   1.451
   1.538
   2.348
  -5.531
  -1.381
  -0.468
  -1.086
   0.726
   1.861
  -4.281
  -4.206
   3.292
  12.696
  -1.835
   0.757
  -5.663
   0.611
  -0.214
   0.978
   8.742
  -5.493
   8.106
   5.859
   0.790
  -5.290
   6.321
   0.222
   2.478
   1.483
  -0.751
  -1.253
   2.311
  -3.668
  -6.926
  -5.021
  -2.412
  -1.342
  -6.585
  -0.222
   0.985
  -1.944
  -4.152
  -1.736
   0.057
  -0.348
  -0.589
