   0.406
   0.956
  -0.386
   0.049
   1.138
   0.227
  -1.160
   0.555
   0.433
  -1.113
   0.054
  -1.236
   0.828
   0.163
   0.175
   0.010
   0.378
   0.372
  -1.862
   1.420
  -0.803
   0.067
   0.993
  -0.892
  -0.904
   0.119
   0.870
  -0.747
  -1.120
   0.500
  -2.373
  -1.173
  -1.272
   0.721
  -1.491
   1.039
  -2.347
   0.770
  -0.151
  -0.689
   0.203
   0.414
  -0.278
   0.991
  -0.861
   0.828
  -1.588
  -0.137
  -0.523
   0.591
  -1.788
  -3.071
  -2.841
  -1.905
   2.841
   0.048
  -2.013
   1.826
  -2.265
  -1.623
   0.965
   0.430
  -1.292
  -1.127
  -0.689
   0.348
  -3.458
  -0.210
  -1.754
  -0.306
  -0.371
   1.223
  -2.931
   1.666
   0.371
   2.902
   0.652
   1.674
   1.252
   0.431
   0.336
   1.136
  -0.223
   0.552
  -0.330
   0.270
  -1.707
  -0.150
   1.288
   0.184
   0.646
  -0.605
   1.227
  -0.330
  -0.305
  -0.295
  -0.864
  -0.022
  -0.920
  -0.120
  -0.484
   1.090
   0.566
  -0.882
   0.087
   0.127
   0.586
   1.135
   0.386
   0.589
   0.709
  -0.076
  -0.065
  -0.698
   1.726
   0.372
   0.871
  -0.603
  -0.043
   0.413
  -0.406
   0.946
  -0.661
   0.464
   0.762
   0.536
  -0.253
  -0.600
   1.330
  -0.091
  -0.598
   0.614
  -0.035
  -0.968
  -0.024
  -1.073
  -0.173
  -0.551
   1.565
  -0.164
   0.846
  -1.128
   0.515
  -0.500
   0.338
  -0.577
  -0.130
   0.545
  -0.380
   0.012
   0.222
   0.737
  -2.994
  -1.163
   0.529
   1.720
  -0.105
  -1.326
   1.095
   0.171
  -0.302
   0.348
   1.125
  -0.344
  -0.635
  -1.145
  -0.332
   0.844
  -1.273
  -0.948
   0.314
   0.112
  -0.367
   0.175
   0.040
   0.994
  -0.339
  -0.144
   1.308
   1.855
   1.479
   0.663
  -0.013
   1.124
  -2.174
  -1.342
   2.131
   2.105
   6.434
  -1.766
  -2.849
   3.216
   0.663
  -0.062
  -0.457
  -0.277
   1.113
  -1.139
   0.578
  -1.026
   0.397
  -1.403
  -1.232
  -1.902
  -1.976
  -0.802
  -0.805
  -1.409
   0.881
   0.966
  -0.974
   0.893
  -1.203
  -0.717
  -0.454
   1.369
  -0.719
  -0.034
  -0.176
   1.410
  -0.632
  -0.666
   0.430
   1.602
  -0.508
  -0.219
   0.733
  -1.371
  -1.257
  -0.560
  -0.682
  -1.113
   1.937
  -2.303
  -0.578
  -0.031
   1.489
   1.253
   0.632
  -0.135
   0.792
  -0.299
  -0.168
  -1.550
  -0.772
   0.220
   0.142
  -1.887
   0.134
  -1.075
  -0.505
  -3.592
   2.252
  -1.077
   0.939
  -1.261
  -0.802
   0.654
   0.650
  -1.260
  -0.474
  -0.035
   1.272
  -0.471
   0.441
   0.792
   1.462
   0.138
   0.047
   1.339
   1.476
   0.348
   3.067
   0.317
   1.244
  -0.745
  -0.020
  -0.102
  -1.075
   1.355
   0.047
   0.125
   0.641
  -0.213
  -0.880
  -1.642
  -0.551
  -2.515
  -2.899
   0.830
  -0.210
   0.467
   0.254
  -0.825
  -2.485
  -0.442
  -0.135
  -1.025
   0.963
  -0.504
   0.728
   0.463
  -0.648
  -1.200
  -0.444
   3.100
   0.022
   0.498
  -0.663
   0.074
  -0.207
  -0.366
  -0.341
   0.143
  -0.533
  -0.021
   0.241
  -0.243
   1.196
   1.911
   3.303
  -1.940
  -0.420
  -1.667
   1.176
  -0.455
  -0.067
   0.410
  -0.120
   0.250
  -0.002
  -0.797
   0.477
