  -0.391
  -2.674
   3.979
   2.378
  -0.417
   0.662
  -3.629
  -0.053
   1.286
  -2.124
  -4.951
   0.983
   2.644
  -0.711
   1.102
  -2.599
   1.171
  -1.933
  -3.078
   3.373
  -2.907
   3.892
   1.215
  -3.519
  -1.576
   2.609
   1.397
  -4.779
   4.319
  -0.411
   1.731
   0.624
   1.081
   1.632
  -0.733
   0.985
   2.738
  -0.066
  -0.176
  -0.512
  -3.414
   1.007
  -7.615
   2.831
   5.071
   2.554
   2.324
  -3.362
   5.444
  -4.571
   0.079
   8.191
  -0.488
  -0.406
   0.389
  -4.399
  -0.991
  -3.554
   2.900
   1.393
   1.185
   3.283
   1.388
   2.757
   1.367
   1.691
  -0.989
   3.965
  -2.712
   2.110
  -5.033
  -0.463
  -5.138
  -4.516
   3.902
   4.679
   8.292
   0.911
   9.262
  -5.966
  -0.367
   1.987
  -4.651
  -3.270
  -0.613
  -2.698
  -2.534
  -3.796
  -2.936
  -2.477
  -0.465
  -2.534
  -1.184
  -5.677
   2.232
   3.043
   1.958
  -4.610
   4.859
   0.939
  -1.481
   0.337
  -3.670
   0.464
  -1.735
   4.962
   0.335
  -1.599
  -2.095
  -1.415
   0.389
   1.826
   2.202
   0.589
   0.984
  -1.737
  -4.635
   2.644
   1.397
  -1.598
  -2.376
  -1.712
   7.511
   6.434
   3.739
   0.643
   2.230
   0.715
  -2.317
  -6.290
  -1.746
   1.172
   3.437
   1.449
  -4.209
   4.133
  -2.116
  -3.469
   1.220
  -1.532
  -0.091
  -0.124
   0.841
   1.049
  -4.685
   1.915
   1.032
  -0.720
  -2.971
  -0.559
   1.513
   1.029
   2.783
  -2.100
  -0.983
  -0.113
  -0.233
   1.184
  -0.593
  -1.341
   3.102
   1.739
  -2.881
   4.220
  -2.110
  -3.100
  -7.611
  -1.361
   2.083
  -0.706
   1.749
  -0.419
   0.526
  -0.159
  -2.019
   1.630
  -1.859
  -0.499
  -1.185
   0.218
  -1.670
   1.094
  -0.127
  -3.783
   3.057
   2.173
   3.670
  -1.250
  -3.897
   1.199
  -1.028
   3.798
  -4.213
   1.198
  -0.271
  -6.994
  -0.636
  -0.378
  -2.395
   0.498
  -0.475
  -3.207
   0.765
  -0.104
   2.630
   0.093
   0.098
   0.726
   0.073
  -1.403
   3.364
   1.796
   1.799
   0.638
  -2.387
   1.821
   1.772
  -1.709
  -1.041
  -0.959
  -4.654
   0.798
   1.986
  -0.236
  -0.170
   1.030
  -0.963
   0.416
  -2.592
  -1.787
  -1.264
  -2.586
   2.944
   1.387
  -1.991
   2.091
   0.929
  -0.282
   0.021
  -0.532
   0.281
   0.999
   1.059
   1.358
  -0.329
   3.492
   4.964
  -1.210
  -1.946
  -2.728
   5.782
   5.611
  -0.700
   2.119
  -6.856
  -2.169
  -2.724
  -4.868
  -3.469
   1.175
   1.490
  -1.805
  -4.285
   0.404
  -1.435
   2.294
   3.387
   5.212
   0.073
  -3.347
  -1.754
  -5.266
   3.652
   5.504
  -0.107
   0.634
   0.105
   2.388
  -1.106
   7.733
  -5.074
   2.690
   3.027
  -0.315
   0.178
  -3.733
  -0.336
  -3.315
  -1.141
   0.939
   1.431
  -3.403
   1.943
  -1.131
   0.594
  -2.082
   4.481
  -1.629
  -2.088
  -2.637
  -0.500
  -4.784
   1.098
   2.918
   2.158
  -0.954
  -0.244
  -1.627
   1.955
  -0.842
   0.041
   1.189
   0.413
  -1.337
  -1.145
  -1.445
  -8.754
   5.965
  -2.348
   4.890
  -1.832
   0.738
   2.730
  -0.537
   0.157
  -1.523
  -0.971
  -0.928
  -0.472
   0.024
   1.494
   2.459
   0.163
