#Atom            RMSF
  36.000       1.9260
  55.000       2.3658
  74.000       1.5907
  93.000       1.2779
 112.000       1.8750
 134.000       1.8137
 148.000       1.4358
 172.000       1.2225
 191.000       0.8840
 209.000       1.1003
 223.000       1.2411
 242.000       1.0860
 259.000       1.1658
 270.000       1.0917
 286.000       0.8785
 296.000       1.0045
 318.000       1.2138
 332.000       1.1520
 351.000       0.9968
 365.000       1.2011
 372.000       0.9021
 391.000       0.9601
 407.000       0.8991
 424.000       0.9061
 441.000       0.7648
 463.000       0.6445
 473.000       0.6888
 487.000       0.6719
 503.000       0.5902
 519.000       0.6041
 538.000       0.7116
 557.000       0.8099
 564.000       0.7822
 578.000       0.9681
 597.000       1.0497
 613.000       0.9082
 629.000       1.0031
 648.000       0.8147
 664.000       0.7981
 686.000       0.7614
 708.000       0.5752
 724.000       0.5723
 741.000       0.6781
 760.000       0.5902
 781.000       0.5886
 791.000       0.7360
 810.000       0.8018
 820.000       0.7326
 839.000       0.8579
 858.000       1.0651
 880.000       1.1593
 894.000       1.2721
 914.000       1.3000
 928.000       1.1519
 947.000       1.2372
 966.000       1.8350
 982.000       2.3875
1004.000       2.1005
1018.000       1.8086
1032.000       1.5499
1048.000       1.3825
1068.000       1.3906
1098.000       1.6351
1104.000       1.5441
1121.000       1.7334
1128.000       1.6715
1147.000       1.1378
1169.000       1.8964
1179.000       1.7856
1195.000       1.0980
1212.000       1.3178
1231.000       1.3943
1250.000       1.2168
1269.000       1.0531
1288.000       1.1645
1304.000       1.0887
1323.000       1.1092
1337.000       0.8946
1348.000       0.6963
1364.000       0.8421
1386.000       0.8943
1403.000       0.7546
1422.000       0.9517
1438.000       1.1754
1449.000       0.9293
1465.000       0.8637
1475.000       1.2046
1486.000       1.4442
1500.000       1.2769
1519.000       1.8220
1530.000       1.2953
1549.000       1.8843
1568.000       1.5256
1590.000       1.4775
1596.000       1.2467
1614.000       0.8893
1633.000       0.7775
1655.000       0.7474
1665.000       0.6097
1676.000       0.6297
1698.000       0.6401
1717.000       0.6052
1733.000       0.6254
1750.000       0.6667
1760.000       0.6127
1776.000       0.6127
1787.000       0.7393
1809.000       0.6554
1830.000       0.6544
1852.000       0.6057
1866.000       0.6425
1883.000       0.7136
1905.000       0.8728
