  
       0.000  
      10.000  
      20.000  
      30.000  
      40.000  
      50.000  
      60.000  
      70.000  
      80.000  
      90.000  
     100.000  
     110.000  
     120.000  
     130.000  
     140.000  
     150.000  
     160.000  
     170.000  
     180.000  
     190.000  
     200.000  
     210.000  
     220.000  
     230.000  
     240.000  
     250.000  
     260.000  
     270.000  
     280.000  
     290.000  
     300.000  
     310.000  
     320.000  
     330.000  
     340.000  
     350.000  
     360.000  
     370.000  
     380.000  
     390.000  
     400.000  
     410.000  
     420.000  
     430.000  
     440.000  
     450.000  
     460.000  
     470.000  
     480.000  
     490.000  
     500.000  
     510.000  
     520.000  
     530.000  
     540.000  
     550.000  
     560.000  
     570.000  
     580.000  
     590.000  
     600.000  
     610.000  
     620.000  
     630.000  
     640.000  
     650.000  
     660.000  
     670.000  
     680.000  
     690.000  
     700.000  
     710.000  
     720.000  
     730.000  
     740.000  
     750.000  
     760.000  
     770.000  
     780.000  
     790.000  
     800.000  
     810.000  
     820.000  
     830.000  
     840.000  
     850.000  
     860.000  
     870.000  
     880.000  
     890.000  
     900.000  
     910.000  
     920.000  
     930.000  
     940.000  
     950.000  
     960.000  
     970.000  
     980.000  
     990.000  
    1000.000  
    1010.000  
    1020.000  
    1030.000  
    1040.000  
    1050.000  
    1060.000  
    1070.000  
    1080.000  
    1090.000  
    1100.000  
    1110.000  
    1120.000  
    1130.000  
    1140.000  
    1150.000  
    1160.000  
    1170.000  
    1180.000  
    1190.000  
    1200.000  
    1210.000  
    1220.000  
    1230.000  
    1240.000  
    1250.000  
    1260.000  
    1270.000  
    1280.000  
    1290.000  
    1300.000  
    1310.000  
    1320.000  
    1330.000  
    1340.000  
    1350.000  
    1360.000  
    1370.000  
    1380.000  
    1390.000  
    1400.000  
    1410.000  
    1420.000  
    1430.000  
    1440.000  
    1450.000  
    1460.000  
    1470.000  
    1480.000  
    1490.000  
    1500.000  
    1510.000  
    1520.000  
    1530.000  
    1540.000  
    1550.000  
    1560.000  
    1570.000  
    1580.000  
    1590.000  
    1600.000  
    1610.000  
    1620.000  
    1630.000  
    1640.000  
    1650.000  
    1660.000  
    1670.000  
    1680.000  
    1690.000  
    1700.000  
    1710.000  
    1720.000  
    1730.000  
    1740.000  
    1750.000  
    1760.000  
    1770.000  
    1780.000  
    1790.000  
    1800.000  
    1810.000  
    1820.000  
    1830.000  
    1840.000  
    1850.000  
    1860.000  
    1870.000  
    1880.000  
    1890.000  
    1900.000  
    1910.000  
    1920.000  
    1930.000  
    1940.000  
    1950.000  
    1960.000  
    1970.000  
    1980.000  
    1990.000  
    2000.000  
    2010.000  
    2020.000  
    2030.000  
    2040.000  
    2050.000  
    2060.000  
    2070.000  
    2080.000  
    2090.000  
    2100.000  
    2110.000  
    2120.000  
    2130.000  
    2140.000  
    2150.000  
    2160.000  
    2170.000  
    2180.000  
    2190.000  
    2200.000  
    2210.000  
    2220.000  
    2230.000  
    2240.000  
    2250.000  
    2260.000  
    2270.000  
    2280.000  
    2290.000  
    2300.000  
    2310.000  
    2320.000  
    2330.000  
    2340.000  
    2350.000  
    2360.000  
    2370.000  
    2380.000  
    2390.000  
    2400.000  
    2410.000  
    2420.000  
    2430.000  
    2440.000  
    2450.000  
    2460.000  
    2470.000  
    2480.000  
    2490.000  
    2500.000  
    2510.000  
    2520.000  
    2530.000  
    2540.000  
    2550.000  
    2560.000  
    2570.000  
    2580.000  
    2590.000  
    2600.000  
    2610.000  
    2620.000  
    2630.000  
    2640.000  
    2650.000  
    2660.000  
    2670.000  
    2680.000  
    2690.000  
    2700.000  
    2710.000  
    2720.000  
    2730.000  
    2740.000  
    2750.000  
    2760.000  
    2770.000  
    2780.000  
    2790.000  
    2800.000  
    2810.000  
    2820.000  
    2830.000  
    2840.000  
    2850.000  
    2860.000  
    2870.000  
    2880.000  
    2890.000  
    2900.000  
    2910.000  
    2920.000  
    2930.000  
    2940.000  
    2950.000  
    2960.000  
    2970.000  
    2980.000  
    2990.000  
    3000.000  
    3010.000  
    3020.000  
    3030.000  
    3040.000  
    3050.000  
    3060.000  
    3070.000  
    3080.000  
    3090.000  
    3100.000  
    3110.000  
    3120.000  
    3130.000  
    3140.000  
    3150.000  
    3160.000  
    3170.000  
    3180.000  
    3190.000  
    3200.000  
    3210.000  
    3220.000  
    3230.000  
    3240.000  
    3250.000  
    3260.000  
    3270.000  
    3280.000  
    3290.000  
    3300.000  
    3310.000  
    3320.000  
    3330.000  
    3340.000  
    3350.000  
    3360.000  
    3370.000  
    3380.000  
    3390.000  
    3400.000  
    3410.000  
    3420.000  
    3430.000  
    3440.000  
    3450.000  
    3460.000  
    3470.000  
    3480.000  
    3490.000  
    3500.000  
    3510.000  
    3520.000  
    3530.000  
    3540.000  
    3550.000  
    3560.000  
    3570.000  
    3580.000  
    3590.000  
    3600.000  
    3610.000  
    3620.000  
    3630.000  
    3640.000  
    3650.000  
    3660.000  
    3670.000  
    3680.000  
    3690.000  
    3700.000  
    3710.000  
    3720.000  
    3730.000  
    3740.000  
    3750.000  
    3760.000  
    3770.000  
    3780.000  
    3790.000  
    3800.000  
    3810.000  
    3820.000  
    3830.000  
    3840.000  
    3850.000  
    3860.000  
    3870.000  
    3880.000  
    3890.000  
    3900.000  
    3910.000  
    3920.000  
    3930.000  
    3940.000  
    3950.000  
    3960.000  
    3970.000  
    3980.000  
    3990.000  
    4000.000  
    4010.000  
    4020.000  
    4030.000  
    4040.000  
    4050.000  
    4060.000  
    4070.000  
    4080.000  
    4090.000  
    4100.000  
    4110.000  
    4120.000  
    4130.000  
    4140.000  
    4150.000  
    4160.000  
    4170.000  
    4180.000  
    4190.000  
    4200.000  
    4210.000  
    4220.000  
    4230.000  
    4240.000  
    4250.000  
    4260.000  
    4270.000  
    4280.000  
    4290.000  
    4300.000  
    4310.000  
    4320.000  
    4330.000  
    4340.000  
    4350.000  
    4360.000  
    4370.000  
    4380.000  
    4390.000  
    4400.000  
    4410.000  
    4420.000  
    4430.000  
    4440.000  
    4450.000  
    4460.000  
    4470.000  
    4480.000  
    4490.000  
    4500.000  
    4510.000  
    4520.000  
    4530.000  
    4540.000  
    4550.000  
    4560.000  
    4570.000  
    4580.000  
    4590.000  
    4600.000  
    4610.000  
    4620.000  
    4630.000  
    4640.000  
    4650.000  
    4660.000  
    4670.000  
    4680.000  
    4690.000  
    4700.000  
    4710.000  
    4720.000  
    4730.000  
    4740.000  
    4750.000  
    4760.000  
    4770.000  
    4780.000  
    4790.000  
    4800.000  
    4810.000  
    4820.000  
    4830.000  
    4840.000  
    4850.000  
    4860.000  
    4870.000  
    4880.000  
    4890.000  
    4900.000  
    4910.000  
    4920.000  
    4930.000  
    4940.000  
    4950.000  
    4960.000  
    4970.000  
    4980.000  
    4990.000  
    5000.000  
    5010.000  
    5020.000  
    5030.000  
    5040.000  
    5050.000  
    5060.000  
    5070.000  
    5080.000  
    5090.000  
    5100.000  
    5110.000  
    5120.000  
    5130.000  
    5140.000  
    5150.000  
    5160.000  
    5170.000  
    5180.000  
    5190.000  
    5200.000  
    5210.000  
    5220.000  
    5230.000  
    5240.000  
    5250.000  
    5260.000  
    5270.000  
    5280.000  
    5290.000  
    5300.000  
    5310.000  
    5320.000  
    5330.000  
    5340.000  
    5350.000  
    5360.000  
    5370.000  
    5380.000  
    5390.000  
    5400.000  
    5410.000  
    5420.000  
    5430.000  
    5440.000  
    5450.000  
    5460.000  
    5470.000  
    5480.000  
    5490.000  
    5500.000  
    5510.000  
    5520.000  
    5530.000  
    5540.000  
    5550.000  
    5560.000  
    5570.000  
    5580.000  
    5590.000  
    5600.000  
    5610.000  
    5620.000  
    5630.000  
    5640.000  
    5650.000  
    5660.000  
    5670.000  
    5680.000  
    5690.000  
    5700.000  
    5710.000  
    5720.000  
    5730.000  
    5740.000  
    5750.000  
    5760.000  
    5770.000  
    5780.000  
    5790.000  
    5800.000  
    5810.000  
    5820.000  
    5830.000  
    5840.000  
    5850.000  
    5860.000  
    5870.000  
    5880.000  
    5890.000  
    5900.000  
    5910.000  
    5920.000  
    5930.000  
    5940.000  
    5950.000  
    5960.000  
    5970.000  
    5980.000  
    5990.000  
    6000.000  
    6010.000  
    6020.000  
    6030.000  
    6040.000  
    6050.000  
    6060.000  
    6070.000  
    6080.000  
    6090.000  
    6100.000  
    6110.000  
    6120.000  
    6130.000  
    6140.000  
    6150.000  
    6160.000  
    6170.000  
    6180.000  
    6190.000  
    6200.000  
    6210.000  
    6220.000  
    6230.000  
    6240.000  
    6250.000  
    6260.000  
    6270.000  
    6280.000  
    6290.000  
    6300.000  
    6310.000  
    6320.000  
    6330.000  
    6340.000  
    6350.000  
    6360.000  
    6370.000  
    6380.000  
    6390.000  
    6400.000  
    6410.000  
    6420.000  
    6430.000  
    6440.000  
    6450.000  
    6460.000  
    6470.000  
    6480.000  
    6490.000  
    6500.000  
    6510.000  
    6520.000  
    6530.000  
    6540.000  
    6550.000  
    6560.000  
    6570.000  
    6580.000  
    6590.000  
    6600.000  
    6610.000  
    6620.000  
    6630.000  
    6640.000  
    6650.000  
    6660.000  
    6670.000  
    6680.000  
    6690.000  
    6700.000  
    6710.000  
    6720.000  
    6730.000  
    6740.000  
    6750.000  
    6760.000  
    6770.000  
    6780.000  
    6790.000  
    6800.000  
    6810.000  
    6820.000  
    6830.000  
    6840.000  
    6850.000  
    6860.000  
    6870.000  
    6880.000  
    6890.000  
    6900.000  
    6910.000  
    6920.000  
    6930.000  
    6940.000  
    6950.000  
    6960.000  
    6970.000  
    6980.000  
    6990.000  
    7000.000  
    7010.000  
    7020.000  
    7030.000  
    7040.000  
    7050.000  
    7060.000  
    7070.000  
    7080.000  
    7090.000  
    7100.000  
    7110.000  
    7120.000  
    7130.000  
    7140.000  
    7150.000  
    7160.000  
    7170.000  
    7180.000  
    7190.000  
    7200.000  
    7210.000  
    7220.000  
    7230.000  
    7240.000  
    7250.000  
    7260.000  
    7270.000  
    7280.000  
    7290.000  
    7300.000  
    7310.000  
    7320.000  
    7330.000  
    7340.000  
    7350.000  
    7360.000  
    7370.000  
    7380.000  
    7390.000  
    7400.000  
    7410.000  
    7420.000  
    7430.000  
    7440.000  
    7450.000  
    7460.000  
    7470.000  
    7480.000  
    7490.000  
    7500.000  
    7510.000  
    7520.000  
    7530.000  
    7540.000  
    7550.000  
    7560.000  
    7570.000  
    7580.000  
    7590.000  
    7600.000  
    7610.000  
    7620.000  
    7630.000  
    7640.000  
    7650.000  
    7660.000  
    7670.000  
    7680.000  
    7690.000  
    7700.000  
    7710.000  
    7720.000  
    7730.000  
    7740.000  
    7750.000  
    7760.000  
    7770.000  
    7780.000  
    7790.000  
    7800.000  
    7810.000  
    7820.000  
    7830.000  
    7840.000  
    7850.000  
    7860.000  
    7870.000  
    7880.000  
    7890.000  
    7900.000  
    7910.000  
    7920.000  
    7930.000  
    7940.000  
    7950.000  
    7960.000  
    7970.000  
    7980.000  
    7990.000  
    8000.000  
    8010.000  
    8020.000  
    8030.000  
    8040.000  
    8050.000  
    8060.000  
    8070.000  
    8080.000  
    8090.000  
    8100.000  
    8110.000  
    8120.000  
    8130.000  
    8140.000  
    8150.000  
    8160.000  
    8170.000  
    8180.000  
    8190.000  
    8200.000  
    8210.000  
    8220.000  
    8230.000  
    8240.000  
    8250.000  
    8260.000  
    8270.000  
    8280.000  
    8290.000  
    8300.000  
    8310.000  
    8320.000  
    8330.000  
    8340.000  
    8350.000  
    8360.000  
    8370.000  
    8380.000  
    8390.000  
    8400.000  
    8410.000  
    8420.000  
    8430.000  
    8440.000  
    8450.000  
    8460.000  
    8470.000  
    8480.000  
    8490.000  
    8500.000  
    8510.000  
    8520.000  
    8530.000  
    8540.000  
    8550.000  
    8560.000  
    8570.000  
    8580.000  
    8590.000  
    8600.000  
    8610.000  
    8620.000  
    8630.000  
    8640.000  
    8650.000  
    8660.000  
    8670.000  
    8680.000  
    8690.000  
    8700.000  
    8710.000  
    8720.000  
    8730.000  
    8740.000  
    8750.000  
    8760.000  
    8770.000  
    8780.000  
    8790.000  
    8800.000  
    8810.000  
    8820.000  
    8830.000  
    8840.000  
    8850.000  
    8860.000  
    8870.000  
    8880.000  
    8890.000  
    8900.000  
    8910.000  
    8920.000  
    8930.000  
    8940.000  
    8950.000  
    8960.000  
    8970.000  
    8980.000  
    8990.000  
    9000.000  
    9010.000  
    9020.000  
    9030.000  
    9040.000  
    9050.000  
    9060.000  
    9070.000  
    9080.000  
    9090.000  
    9100.000  
    9110.000  
    9120.000  
    9130.000  
    9140.000  
    9150.000  
    9160.000  
    9170.000  
    9180.000  
    9190.000  
    9200.000  
    9210.000  
    9220.000  
    9230.000  
    9240.000  
    9250.000  
    9260.000  
    9270.000  
    9280.000  
    9290.000  
    9300.000  
    9310.000  
    9320.000  
    9330.000  
    9340.000  
    9350.000  
    9360.000  
    9370.000  
    9380.000  
    9390.000  
    9400.000  
    9410.000  
    9420.000  
    9430.000  
    9440.000  
    9450.000  
    9460.000  
    9470.000  
    9480.000  
    9490.000  
    9500.000  
    9510.000  
    9520.000  
    9530.000  
    9540.000  
    9550.000  
    9560.000  
    9570.000  
    9580.000  
    9590.000  
    9600.000  
    9610.000  
    9620.000  
    9630.000  
    9640.000  
    9650.000  
    9660.000  
    9670.000  
    9680.000  
    9690.000  
    9700.000  
    9710.000  
    9720.000  
    9730.000  
    9740.000  
    9750.000  
    9760.000  
    9770.000  
    9780.000  
    9790.000  
    9800.000  
    9810.000  
    9820.000  
    9830.000  
    9840.000  
    9850.000  
    9860.000  
    9870.000  
    9880.000  
    9890.000  
    9900.000  
    9910.000  
    9920.000  
    9930.000  
    9940.000  
    9950.000  
    9960.000  
    9970.000  
    9980.000  
    9990.000  
   10000.000  
   10010.000  
   10020.000  
   10030.000  
   10040.000  
   10050.000  
   10060.000  
   10070.000  
   10080.000  
   10090.000  
   10100.000  
   10110.000  
   10120.000  
   10130.000  
   10140.000  
   10150.000  
   10160.000  
   10170.000  
   10180.000  
   10190.000  
   10200.000  
   10210.000  
   10220.000  
   10230.000  
   10240.000  
   10250.000  
   10260.000  
   10270.000  
   10280.000  
   10290.000  
   10300.000  
   10310.000  
   10320.000  
   10330.000  
   10340.000  
   10350.000  
   10360.000  
   10370.000  
   10380.000  
   10390.000  
   10400.000  
   10410.000  
   10420.000  
   10430.000  
   10440.000  
   10450.000  
   10460.000  
   10470.000  
   10480.000  
   10490.000  
   10500.000  
   10510.000  
   10520.000  
   10530.000  
   10540.000  
   10550.000  
   10560.000  
   10570.000  
   10580.000  
   10590.000  
   10600.000  
   10610.000  
   10620.000  
   10630.000  
   10640.000  
   10650.000  
   10660.000  
   10670.000  
   10680.000  
   10690.000  
   10700.000  
   10710.000  
   10720.000  
   10730.000  
   10740.000  
   10750.000  
   10760.000  
   10770.000  
   10780.000  
   10790.000  
   10800.000  
   10810.000  
   10820.000  
   10830.000  
   10840.000  
   10850.000  
   10860.000  
   10870.000  
   10880.000  
   10890.000  
   10900.000  
   10910.000  
   10920.000  
   10930.000  
   10940.000  
   10950.000  
   10960.000  
   10970.000  
   10980.000  
   10990.000  
   11000.000  
   11010.000  
   11020.000  
   11030.000  
   11040.000  
   11050.000  
   11060.000  
   11070.000  
   11080.000  
   11090.000  
   11100.000  
   11110.000  
   11120.000  
   11130.000  
   11140.000  
   11150.000  
   11160.000  
   11170.000  
   11180.000  
   11190.000  
   11200.000  
   11210.000  
   11220.000  
   11230.000  
   11240.000  
   11250.000  
   11260.000  
   11270.000  
   11280.000  
   11290.000  
   11300.000  
   11310.000  
   11320.000  
   11330.000  
   11340.000  
   11350.000  
   11360.000  
   11370.000  
   11380.000  
   11390.000  
   11400.000  
   11410.000  
   11420.000  
   11430.000  
   11440.000  
   11450.000  
   11460.000  
   11470.000  
   11480.000  
   11490.000  
   11500.000  
   11510.000  
   11520.000  
   11530.000  
   11540.000  
   11550.000  
   11560.000  
   11570.000  
   11580.000  
   11590.000  
   11600.000  
   11610.000  
   11620.000  
   11630.000  
   11640.000  
   11650.000  
   11660.000  
   11670.000  
   11680.000  
   11690.000  
   11700.000  
   11710.000  
   11720.000  
   11730.000  
   11740.000  
   11750.000  
   11760.000  
   11770.000  
   11780.000  
   11790.000  
   11800.000  
   11810.000  
   11820.000  
   11830.000  
   11840.000  
   11850.000  
   11860.000  
   11870.000  
   11880.000  
   11890.000  
   11900.000  
   11910.000  
   11920.000  
   11930.000  
   11940.000  
   11950.000  
   11960.000  
   11970.000  
   11980.000  
   11990.000  
   12000.000  
   12010.000  
   12020.000  
   12030.000  
   12040.000  
   12050.000  
   12060.000  
   12070.000  
   12080.000  
   12090.000  
   12100.000  
   12110.000  
   12120.000  
   12130.000  
   12140.000  
   12150.000  
   12160.000  
   12170.000  
   12180.000  
   12190.000  
   12200.000  
   12210.000  
   12220.000  
   12230.000  
   12240.000  
   12250.000  
   12260.000  
   12270.000  
   12280.000  
   12290.000  
   12300.000  
   12310.000  
   12320.000  
   12330.000  
   12340.000  
   12350.000  
   12360.000  
   12370.000  
   12380.000  
   12390.000  
   12400.000  
   12410.000  
   12420.000  
   12430.000  
   12440.000  
   12450.000  
   12460.000  
   12470.000  
   12480.000  
   12490.000  
   12500.000  
   12510.000  
   12520.000  
   12530.000  
   12540.000  
   12550.000  
   12560.000  
   12570.000  
   12580.000  
   12590.000  
   12600.000  
   12610.000  
   12620.000  
   12630.000  
   12640.000  
   12650.000  
   12660.000  
   12670.000  
   12680.000  
   12690.000  
   12700.000  
   12710.000  
   12720.000  
   12730.000  
   12740.000  
   12750.000  
   12760.000  
   12770.000  
   12780.000  
   12790.000  
   12800.000  
   12810.000  
   12820.000  
   12830.000  
   12840.000  
   12850.000  
   12860.000  
   12870.000  
   12880.000  
   12890.000  
   12900.000  
   12910.000  
   12920.000  
   12930.000  
   12940.000  
   12950.000  
   12960.000  
   12970.000  
   12980.000  
   12990.000  
   13000.000  
   13010.000  
   13020.000  
   13030.000  
   13040.000  
   13050.000  
   13060.000  
   13070.000  
   13080.000  
   13090.000  
   13100.000  
   13110.000  
   13120.000  
   13130.000  
   13140.000  
   13150.000  
   13160.000  
   13170.000  
   13180.000  
   13190.000  
   13200.000  
   13210.000  
   13220.000  
   13230.000  
   13240.000  
   13250.000  
   13260.000  
   13270.000  
   13280.000  
   13290.000  
   13300.000  
   13310.000  
   13320.000  
   13330.000  
   13340.000  
   13350.000  
   13360.000  
   13370.000  
   13380.000  
   13390.000  
   13400.000  
   13410.000  
   13420.000  
   13430.000  
   13440.000  
   13450.000  
   13460.000  
   13470.000  
   13480.000  
   13490.000  
   13500.000  
   13510.000  
   13520.000  
   13530.000  
   13540.000  
   13550.000  
   13560.000  
   13570.000  
   13580.000  
   13590.000  
   13600.000  
   13610.000  
   13620.000  
   13630.000  
   13640.000  
   13650.000  
   13660.000  
   13670.000  
   13680.000  
   13690.000  
   13700.000  
   13710.000  
   13720.000  
   13730.000  
   13740.000  
   13750.000  
   13760.000  
   13770.000  
   13780.000  
   13790.000  
   13800.000  
   13810.000  
   13820.000  
   13830.000  
   13840.000  
   13850.000  
   13860.000  
   13870.000  
   13880.000  
   13890.000  
   13900.000  
   13910.000  
   13920.000  
   13930.000  
   13940.000  
   13950.000  
   13960.000  
   13970.000  
   13980.000  
   13990.000  
   14000.000  
   14010.000  
   14020.000  
   14030.000  
   14040.000  
   14050.000  
   14060.000  
   14070.000  
   14080.000  
   14090.000  
   14100.000  
   14110.000  
   14120.000  
   14130.000  
   14140.000  
   14150.000  
   14160.000  
   14170.000  
   14180.000  
   14190.000  
   14200.000  
   14210.000  
   14220.000  
   14230.000  
   14240.000  
   14250.000  
   14260.000  
   14270.000  
   14280.000  
   14290.000  
   14300.000  
   14310.000  
   14320.000  
   14330.000  
   14340.000  
   14350.000  
   14360.000  
   14370.000  
   14380.000  
   14390.000  
   14400.000  
   14410.000  
   14420.000  
   14430.000  
   14440.000  
   14450.000  
   14460.000  
   14470.000  
   14480.000  
   14490.000  
   14500.000  
   14510.000  
   14520.000  
   14530.000  
   14540.000  
   14550.000  
   14560.000  
   14570.000  
   14580.000  
   14590.000  
   14600.000  
   14610.000  
   14620.000  
   14630.000  
   14640.000  
   14650.000  
   14660.000  
   14670.000  
   14680.000  
   14690.000  
   14700.000  
   14710.000  
   14720.000  
   14730.000  
   14740.000  
   14750.000  
   14760.000  
   14770.000  
   14780.000  
   14790.000  
   14800.000  
   14810.000  
   14820.000  
   14830.000  
   14840.000  
   14850.000  
   14860.000  
   14870.000  
   14880.000  
   14890.000  
   14900.000  
   14910.000  
   14920.000  
   14930.000  
   14940.000  
   14950.000  
   14960.000  
   14970.000  
   14980.000  
   14990.000  
   15000.000  
   15010.000  
   15020.000  
   15030.000  
   15040.000  
   15050.000  
   15060.000  
   15070.000  
   15080.000  
   15090.000  
   15100.000  
   15110.000  
   15120.000  
   15130.000  
   15140.000  
   15150.000  
   15160.000  
   15170.000  
   15180.000  
   15190.000  
   15200.000  
   15210.000  
   15220.000  
   15230.000  
   15240.000  
   15250.000  
   15260.000  
   15270.000  
   15280.000  
   15290.000  
   15300.000  
   15310.000  
   15320.000  
   15330.000  
   15340.000  
   15350.000  
   15360.000  
   15370.000  
   15380.000  
   15390.000  
   15400.000  
   15410.000  
   15420.000  
   15430.000  
   15440.000  
   15450.000  
   15460.000  
   15470.000  
   15480.000  
   15490.000  
   15500.000  
   15510.000  
   15520.000  
   15530.000  
   15540.000  
   15550.000  
   15560.000  
   15570.000  
   15580.000  
   15590.000  
   15600.000  
   15610.000  
   15620.000  
   15630.000  
   15640.000  
   15650.000  
   15660.000  
   15670.000  
   15680.000  
   15690.000  
   15700.000  
   15710.000  
   15720.000  
   15730.000  
   15740.000  
   15750.000  
   15760.000  
   15770.000  
   15780.000  
   15790.000  
   15800.000  
   15810.000  
   15820.000  
   15830.000  
   15840.000  
   15850.000  
   15860.000  
   15870.000  
   15880.000  
   15890.000  
   15900.000  
   15910.000  
   15920.000  
   15930.000  
   15940.000  
   15950.000  
   15960.000  
   15970.000  
   15980.000  
   15990.000  
   16000.000  
   16010.000  
   16020.000  
   16030.000  
   16040.000  
   16050.000  
   16060.000  
   16070.000  
   16080.000  
   16090.000  
   16100.000  
   16110.000  
   16120.000  
   16130.000  
   16140.000  
   16150.000  
   16160.000  
   16170.000  
   16180.000  
   16190.000  
   16200.000  
   16210.000  
   16220.000  
   16230.000  
   16240.000  
   16250.000  
   16260.000  
   16270.000  
   16280.000  
   16290.000  
   16300.000  
   16310.000  
   16320.000  
   16330.000  
   16340.000  
   16350.000  
   16360.000  
   16370.000  
   16380.000  
   16390.000  
   16400.000  
   16410.000  
   16420.000  
   16430.000  
   16440.000  
   16450.000  
   16460.000  
   16470.000  
   16480.000  
   16490.000  
   16500.000  
   16510.000  
   16520.000  
   16530.000  
   16540.000  
   16550.000  
   16560.000  
   16570.000  
   16580.000  
   16590.000  
   16600.000  
   16610.000  
   16620.000  
   16630.000  
   16640.000  
   16650.000  
   16660.000  
   16670.000  
   16680.000  
   16690.000  
   16700.000  
   16710.000  
   16720.000  
   16730.000  
   16740.000  
   16750.000  
   16760.000  
   16770.000  
   16780.000  
   16790.000  
   16800.000  
   16810.000  
   16820.000  
   16830.000  
   16840.000  
   16850.000  
   16860.000  
   16870.000  
   16880.000  
   16890.000  
   16900.000  
   16910.000  
   16920.000  
   16930.000  
   16940.000  
   16950.000  
   16960.000  
   16970.000  
   16980.000  
   16990.000  
   17000.000  
   17010.000  
   17020.000  
   17030.000  
   17040.000  
   17050.000  
   17060.000  
   17070.000  
   17080.000  
   17090.000  
   17100.000  
   17110.000  
   17120.000  
   17130.000  
   17140.000  
   17150.000  
   17160.000  
   17170.000  
   17180.000  
   17190.000  
   17200.000  
   17210.000  
   17220.000  
   17230.000  
   17240.000  
   17250.000  
   17260.000  
   17270.000  
   17280.000  
   17290.000  
   17300.000  
   17310.000  
   17320.000  
   17330.000  
   17340.000  
   17350.000  
   17360.000  
   17370.000  
   17380.000  
   17390.000  
   17400.000  
   17410.000  
   17420.000  
   17430.000  
   17440.000  
   17450.000  
   17460.000  
   17470.000  
   17480.000  
   17490.000  
   17500.000  
   17510.000  
   17520.000  
   17530.000  
   17540.000  
   17550.000  
   17560.000  
   17570.000  
   17580.000  
   17590.000  
   17600.000  
   17610.000  
   17620.000  
   17630.000  
   17640.000  
   17650.000  
   17660.000  
   17670.000  
   17680.000  
   17690.000  
   17700.000  
   17710.000  
   17720.000  
   17730.000  
   17740.000  
   17750.000  
   17760.000  
   17770.000  
   17780.000  
   17790.000  
   17800.000  
   17810.000  
   17820.000  
   17830.000  
   17840.000  
   17850.000  
   17860.000  
   17870.000  
   17880.000  
   17890.000  
   17900.000  
   17910.000  
   17920.000  
   17930.000  
   17940.000  
   17950.000  
   17960.000  
   17970.000  
   17980.000  
   17990.000  
   18000.000  
   18010.000  
   18020.000  
   18030.000  
   18040.000  
   18050.000  
   18060.000  
   18070.000  
   18080.000  
   18090.000  
   18100.000  
   18110.000  
   18120.000  
   18130.000  
   18140.000  
   18150.000  
   18160.000  
   18170.000  
   18180.000  
   18190.000  
   18200.000  
   18210.000  
   18220.000  
   18230.000  
   18240.000  
   18250.000  
   18260.000  
   18270.000  
   18280.000  
   18290.000  
   18300.000  
   18310.000  
   18320.000  
   18330.000  
   18340.000  
   18350.000  
   18360.000  
   18370.000  
   18380.000  
   18390.000  
   18400.000  
   18410.000  
   18420.000  
   18430.000  
   18440.000  
   18450.000  
   18460.000  
   18470.000  
   18480.000  
   18490.000  
   18500.000  
   18510.000  
   18520.000  
   18530.000  
   18540.000  
   18550.000  
   18560.000  
   18570.000  
   18580.000  
   18590.000  
   18600.000  
   18610.000  
   18620.000  
   18630.000  
   18640.000  
   18650.000  
   18660.000  
   18670.000  
   18680.000  
   18690.000  
   18700.000  
   18710.000  
   18720.000  
   18730.000  
   18740.000  
   18750.000  
   18760.000  
   18770.000  
   18780.000  
   18790.000  
   18800.000  
   18810.000  
   18820.000  
   18830.000  
   18840.000  
   18850.000  
   18860.000  
   18870.000  
   18880.000  
   18890.000  
   18900.000  
   18910.000  
   18920.000  
   18930.000  
   18940.000  
   18950.000  
   18960.000  
   18970.000  
   18980.000  
   18990.000  
   19000.000  
   19010.000  
   19020.000  
   19030.000  
   19040.000  
   19050.000  
   19060.000  
   19070.000  
   19080.000  
   19090.000  
   19100.000  
   19110.000  
   19120.000  
   19130.000  
   19140.000  
   19150.000  
   19160.000  
   19170.000  
   19180.000  
   19190.000  
   19200.000  
   19210.000  
   19220.000  
   19230.000  
   19240.000  
   19250.000  
   19260.000  
   19270.000  
   19280.000  
   19290.000  
   19300.000  
   19310.000  
   19320.000  
   19330.000  
   19340.000  
   19350.000  
   19360.000  
   19370.000  
   19380.000  
   19390.000  
   19400.000  
   19410.000  
   19420.000  
   19430.000  
   19440.000  
   19450.000  
   19460.000  
   19470.000  
   19480.000  
   19490.000  
   19500.000  
   19510.000  
   19520.000  
   19530.000  
   19540.000  
   19550.000  
   19560.000  
   19570.000  
   19580.000  
   19590.000  
   19600.000  
   19610.000  
   19620.000  
   19630.000  
   19640.000  
   19650.000  
   19660.000  
   19670.000  
   19680.000  
   19690.000  
   19700.000  
   19710.000  
   19720.000  
   19730.000  
   19740.000  
   19750.000  
   19760.000  
   19770.000  
   19780.000  
   19790.000  
   19800.000  
   19810.000  
   19820.000  
   19830.000  
   19840.000  
   19850.000  
   19860.000  
   19870.000  
   19880.000  
   19890.000  
   19900.000  
   19910.000  
   19920.000  
   19930.000  
   19940.000  
   19950.000  
   19960.000  
   19970.000  
   19980.000  
   19990.000  
   20000.000  
   20010.000  
   20020.000  
   20030.000  
   20040.000  
   20050.000  
   20060.000  
   20070.000  
   20080.000  
   20090.000  
   20100.000  
   20110.000  
   20120.000  
   20130.000  
   20140.000  
   20150.000  
   20160.000  
   20170.000  
   20180.000  
   20190.000  
   20200.000  
   20210.000  
   20220.000  
   20230.000  
   20240.000  
   20250.000  
   20260.000  
   20270.000  
   20280.000  
   20290.000  
   20300.000  
   20310.000  
   20320.000  
   20330.000  
   20340.000  
   20350.000  
   20360.000  
   20370.000  
   20380.000  
   20390.000  
   20400.000  
   20410.000  
   20420.000  
   20430.000  
   20440.000  
   20450.000  
   20460.000  
   20470.000  
   20480.000  
   20490.000  
   20500.000  
   20510.000  
   20520.000  
   20530.000  
   20540.000  
   20550.000  
   20560.000  
   20570.000  
   20580.000  
   20590.000  
   20600.000  
   20610.000  
   20620.000  
   20630.000  
   20640.000  
   20650.000  
   20660.000  
   20670.000  
   20680.000  
   20690.000  
   20700.000  
   20710.000  
   20720.000  
   20730.000  
   20740.000  
   20750.000  
   20760.000  
   20770.000  
   20780.000  
   20790.000  
   20800.000  
   20810.000  
   20820.000  
   20830.000  
   20840.000  
   20850.000  
   20860.000  
   20870.000  
   20880.000  
   20890.000  
   20900.000  
   20910.000  
   20920.000  
   20930.000  
   20940.000  
   20950.000  
   20960.000  
   20970.000  
   20980.000  
   20990.000  
   21000.000  
   21010.000  
   21020.000  
   21030.000  
   21040.000  
   21050.000  
   21060.000  
   21070.000  
   21080.000  
   21090.000  
   21100.000  
   21110.000  
   21120.000  
   21130.000  
   21140.000  
   21150.000  
   21160.000  
   21170.000  
   21180.000  
   21190.000  
   21200.000  
   21210.000  
   21220.000  
   21230.000  
   21240.000  
   21250.000  
   21260.000  
   21270.000  
   21280.000  
   21290.000  
   21300.000  
   21310.000  
   21320.000  
   21330.000  
   21340.000  
   21350.000  
   21360.000  
   21370.000  
   21380.000  
   21390.000  
   21400.000  
   21410.000  
   21420.000  
   21430.000  
   21440.000  
   21450.000  
   21460.000  
   21470.000  
   21480.000  
   21490.000  
   21500.000  
   21510.000  
   21520.000  
   21530.000  
   21540.000  
   21550.000  
   21560.000  
   21570.000  
   21580.000  
   21590.000  
   21600.000  
   21610.000  
   21620.000  
   21630.000  
   21640.000  
   21650.000  
   21660.000  
   21670.000  
   21680.000  
   21690.000  
   21700.000  
   21710.000  
   21720.000  
   21730.000  
   21740.000  
   21750.000  
   21760.000  
   21770.000  
   21780.000  
   21790.000  
   21800.000  
   21810.000  
   21820.000  
   21830.000  
   21840.000  
   21850.000  
   21860.000  
   21870.000  
   21880.000  
   21890.000  
   21900.000  
   21910.000  
   21920.000  
   21930.000  
   21940.000  
   21950.000  
   21960.000  
   21970.000  
   21980.000  
   21990.000  
   22000.000  
   22010.000  
   22020.000  
   22030.000  
   22040.000  
   22050.000  
   22060.000  
   22070.000  
   22080.000  
   22090.000  
   22100.000  
   22110.000  
   22120.000  
   22130.000  
   22140.000  
   22150.000  
   22160.000  
   22170.000  
   22180.000  
   22190.000  
   22200.000  
   22210.000  
   22220.000  
   22230.000  
   22240.000  
   22250.000  
   22260.000  
   22270.000  
   22280.000  
   22290.000  
   22300.000  
   22310.000  
   22320.000  
   22330.000  
   22340.000  
   22350.000  
   22360.000  
   22370.000  
   22380.000  
   22390.000  
   22400.000  
   22410.000  
   22420.000  
   22430.000  
   22440.000  
   22450.000  
   22460.000  
   22470.000  
   22480.000  
   22490.000  
   22500.000  
   22510.000  
   22520.000  
   22530.000  
   22540.000  
   22550.000  
   22560.000  
   22570.000  
   22580.000  
   22590.000  
   22600.000  
   22610.000  
   22620.000  
   22630.000  
   22640.000  
   22650.000  
   22660.000  
   22670.000  
   22680.000  
   22690.000  
   22700.000  
   22710.000  
   22720.000  
   22730.000  
   22740.000  
   22750.000  
   22760.000  
   22770.000  
   22780.000  
   22790.000  
   22800.000  
   22810.000  
   22820.000  
   22830.000  
   22840.000  
   22850.000  
   22860.000  
   22870.000  
   22880.000  
   22890.000  
   22900.000  
   22910.000  
   22920.000  
   22930.000  
   22940.000  
   22950.000  
   22960.000  
   22970.000  
   22980.000  
   22990.000  
   23000.000  
   23010.000  
   23020.000  
   23030.000  
   23040.000  
   23050.000  
   23060.000  
   23070.000  
   23080.000  
   23090.000  
   23100.000  
   23110.000  
   23120.000  
   23130.000  
   23140.000  
   23150.000  
   23160.000  
   23170.000  
   23180.000  
   23190.000  
   23200.000  
   23210.000  
   23220.000  
   23230.000  
   23240.000  
   23250.000  
   23260.000  
   23270.000  
   23280.000  
   23290.000  
   23300.000  
   23310.000  
   23320.000  
   23330.000  
   23340.000  
   23350.000  
   23360.000  
   23370.000  
   23380.000  
   23390.000  
   23400.000  
   23410.000  
   23420.000  
   23430.000  
   23440.000  
   23450.000  
   23460.000  
   23470.000  
   23480.000  
   23490.000  
   23500.000  
   23510.000  
   23520.000  
   23530.000  
   23540.000  
   23550.000  
   23560.000  
   23570.000  
   23580.000  
   23590.000  
   23600.000  
   23610.000  
   23620.000  
   23630.000  
   23640.000  
   23650.000  
   23660.000  
   23670.000  
   23680.000  
   23690.000  
   23700.000  
   23710.000  
   23720.000  
   23730.000  
   23740.000  
   23750.000  
   23760.000  
   23770.000  
   23780.000  
   23790.000  
   23800.000  
   23810.000  
   23820.000  
   23830.000  
   23840.000  
   23850.000  
   23860.000  
   23870.000  
   23880.000  
   23890.000  
   23900.000  
   23910.000  
   23920.000  
   23930.000  
   23940.000  
   23950.000  
   23960.000  
   23970.000  
   23980.000  
   23990.000  
   24000.000  
   24010.000  
   24020.000  
   24030.000  
   24040.000  
   24050.000  
   24060.000  
   24070.000  
   24080.000  
   24090.000  
   24100.000  
   24110.000  
   24120.000  
   24130.000  
   24140.000  
   24150.000  
   24160.000  
   24170.000  
   24180.000  
   24190.000  
   24200.000  
   24210.000  
   24220.000  
   24230.000  
   24240.000  
   24250.000  
   24260.000  
   24270.000  
   24280.000  
   24290.000  
   24300.000  
   24310.000  
   24320.000  
   24330.000  
   24340.000  
   24350.000  
   24360.000  
   24370.000  
   24380.000  
   24390.000  
   24400.000  
   24410.000  
   24420.000  
   24430.000  
   24440.000  
   24450.000  
   24460.000  
   24470.000  
   24480.000  
   24490.000  
   24500.000  
   24510.000  
   24520.000  
   24530.000  
   24540.000  
   24550.000  
   24560.000  
   24570.000  
   24580.000  
   24590.000  
   24600.000  
   24610.000  
   24620.000  
   24630.000  
   24640.000  
   24650.000  
   24660.000  
   24670.000  
   24680.000  
   24690.000  
   24700.000  
   24710.000  
   24720.000  
   24730.000  
   24740.000  
   24750.000  
   24760.000  
   24770.000  
   24780.000  
   24790.000  
   24800.000  
   24810.000  
   24820.000  
   24830.000  
   24840.000  
   24850.000  
   24860.000  
   24870.000  
   24880.000  
   24890.000  
   24900.000  
   24910.000  
   24920.000  
   24930.000  
   24940.000  
   24950.000  
   24960.000  
   24970.000  
   24980.000  
   24990.000  
   25000.000  
   25010.000  
   25020.000  
   25030.000  
   25040.000  
   25050.000  
   25060.000  
   25070.000  
   25080.000  
   25090.000  
   25100.000  
   25110.000  
   25120.000  
   25130.000  
   25140.000  
   25150.000  
   25160.000  
   25170.000  
   25180.000  
   25190.000  
   25200.000  
   25210.000  
   25220.000  
   25230.000  
   25240.000  
   25250.000  
   25260.000  
   25270.000  
   25280.000  
   25290.000  
   25300.000  
   25310.000  
   25320.000  
   25330.000  
   25340.000  
   25350.000  
   25360.000  
   25370.000  
   25380.000  
   25390.000  
   25400.000  
   25410.000  
   25420.000  
   25430.000  
   25440.000  
   25450.000  
   25460.000  
   25470.000  
   25480.000  
   25490.000  
   25500.000  
   25510.000  
   25520.000  
   25530.000  
   25540.000  
   25550.000  
   25560.000  
   25570.000  
   25580.000  
   25590.000  
   25600.000  
   25610.000  
   25620.000  
   25630.000  
   25640.000  
   25650.000  
   25660.000  
   25670.000  
   25680.000  
   25690.000  
   25700.000  
   25710.000  
   25720.000  
   25730.000  
   25740.000  
   25750.000  
   25760.000  
   25770.000  
   25780.000  
   25790.000  
   25800.000  
   25810.000  
   25820.000  
   25830.000  
   25840.000  
   25850.000  
   25860.000  
   25870.000  
   25880.000  
   25890.000  
   25900.000  
   25910.000  
   25920.000  
   25930.000  
   25940.000  
   25950.000  
   25960.000  
   25970.000  
   25980.000  
   25990.000  
   26000.000  
   26010.000  
   26020.000  
   26030.000  
   26040.000  
   26050.000  
   26060.000  
   26070.000  
   26080.000  
   26090.000  
   26100.000  
   26110.000  
   26120.000  
   26130.000  
   26140.000  
   26150.000  
   26160.000  
   26170.000  
   26180.000  
   26190.000  
   26200.000  
   26210.000  
   26220.000  
   26230.000  
   26240.000  
   26250.000  
   26260.000  
   26270.000  
   26280.000  
   26290.000  
   26300.000  
   26310.000  
   26320.000  
   26330.000  
   26340.000  
   26350.000  
   26360.000  
   26370.000  
   26380.000  
   26390.000  
   26400.000  
   26410.000  
   26420.000  
   26430.000  
   26440.000  
   26450.000  
   26460.000  
   26470.000  
   26480.000  
   26490.000  
   26500.000  
   26510.000  
   26520.000  
   26530.000  
   26540.000  
   26550.000  
   26560.000  
   26570.000  
   26580.000  
   26590.000  
   26600.000  
   26610.000  
   26620.000  
   26630.000  
   26640.000  
   26650.000  
   26660.000  
   26670.000  
   26680.000  
   26690.000  
   26700.000  
   26710.000  
   26720.000  
   26730.000  
   26740.000  
   26750.000  
   26760.000  
   26770.000  
   26780.000  
   26790.000  
   26800.000  
   26810.000  
   26820.000  
   26830.000  
   26840.000  
   26850.000  
   26860.000  
   26870.000  
   26880.000  
   26890.000  
   26900.000  
   26910.000  
   26920.000  
   26930.000  
   26940.000  
   26950.000  
   26960.000  
   26970.000  
   26980.000  
   26990.000  
   27000.000  
   27010.000  
   27020.000  
   27030.000  
   27040.000  
   27050.000  
   27060.000  
   27070.000  
   27080.000  
   27090.000  
   27100.000  
   27110.000  
   27120.000  
   27130.000  
   27140.000  
   27150.000  
   27160.000  
   27170.000  
   27180.000  
   27190.000  
   27200.000  
   27210.000  
   27220.000  
   27230.000  
   27240.000  
   27250.000  
   27260.000  
   27270.000  
   27280.000  
   27290.000  
   27300.000  
   27310.000  
   27320.000  
   27330.000  
   27340.000  
   27350.000  
   27360.000  
   27370.000  
   27380.000  
   27390.000  
   27400.000  
   27410.000  
   27420.000  
   27430.000  
   27440.000  
   27450.000  
   27460.000  
   27470.000  
   27480.000  
   27490.000  
   27500.000  
   27510.000  
   27520.000  
   27530.000  
   27540.000  
   27550.000  
   27560.000  
   27570.000  
   27580.000  
   27590.000  
   27600.000  
   27610.000  
   27620.000  
   27630.000  
   27640.000  
   27650.000  
   27660.000  
   27670.000  
   27680.000  
   27690.000  
   27700.000  
   27710.000  
   27720.000  
   27730.000  
   27740.000  
   27750.000  
   27760.000  
   27770.000  
   27780.000  
   27790.000  
   27800.000  
   27810.000  
   27820.000  
   27830.000  
   27840.000  
   27850.000  
   27860.000  
   27870.000  
   27880.000  
   27890.000  
   27900.000  
   27910.000  
   27920.000  
   27930.000  
   27940.000  
   27950.000  
   27960.000  
   27970.000  
   27980.000  
   27990.000  
   28000.000  
   28010.000  
   28020.000  
   28030.000  
   28040.000  
   28050.000  
   28060.000  
   28070.000  
   28080.000  
   28090.000  
   28100.000  
   28110.000  
   28120.000  
   28130.000  
   28140.000  
   28150.000  
   28160.000  
   28170.000  
   28180.000  
   28190.000  
   28200.000  
   28210.000  
   28220.000  
   28230.000  
   28240.000  
   28250.000  
   28260.000  
   28270.000  
   28280.000  
   28290.000  
   28300.000  
   28310.000  
   28320.000  
   28330.000  
   28340.000  
   28350.000  
   28360.000  
   28370.000  
   28380.000  
   28390.000  
   28400.000  
   28410.000  
   28420.000  
   28430.000  
   28440.000  
   28450.000  
   28460.000  
   28470.000  
   28480.000  
   28490.000  
   28500.000  
   28510.000  
   28520.000  
   28530.000  
   28540.000  
   28550.000  
   28560.000  
   28570.000  
   28580.000  
   28590.000  
   28600.000  
   28610.000  
   28620.000  
   28630.000  
   28640.000  
   28650.000  
   28660.000  
   28670.000  
   28680.000  
   28690.000  
   28700.000  
   28710.000  
   28720.000  
   28730.000  
   28740.000  
   28750.000  
   28760.000  
   28770.000  
   28780.000  
   28790.000  
   28800.000  
   28810.000  
   28820.000  
   28830.000  
   28840.000  
   28850.000  
   28860.000  
   28870.000  
   28880.000  
   28890.000  
   28900.000  
   28910.000  
   28920.000  
   28930.000  
   28940.000  
   28950.000  
   28960.000  
   28970.000  
   28980.000  
   28990.000  
   29000.000  
   29010.000  
   29020.000  
   29030.000  
   29040.000  
   29050.000  
   29060.000  
   29070.000  
   29080.000  
   29090.000  
   29100.000  
   29110.000  
   29120.000  
   29130.000  
   29140.000  
   29150.000  
   29160.000  
   29170.000  
   29180.000  
   29190.000  
   29200.000  
   29210.000  
   29220.000  
   29230.000  
   29240.000  
   29250.000  
   29260.000  
   29270.000  
   29280.000  
   29290.000  
   29300.000  
   29310.000  
   29320.000  
   29330.000  
   29340.000  
   29350.000  
   29360.000  
   29370.000  
   29380.000  
   29390.000  
   29400.000  
   29410.000  
   29420.000  
   29430.000  
   29440.000  
   29450.000  
   29460.000  
   29470.000  
   29480.000  
   29490.000  
   29500.000  
   29510.000  
   29520.000  
   29530.000  
   29540.000  
   29550.000  
   29560.000  
   29570.000  
   29580.000  
   29590.000  
   29600.000  
   29610.000  
   29620.000  
   29630.000  
   29640.000  
   29650.000  
   29660.000  
   29670.000  
   29680.000  
   29690.000  
   29700.000  
   29710.000  
   29720.000  
   29730.000  
   29740.000  
   29750.000  
   29760.000  
   29770.000  
   29780.000  
   29790.000  
   29800.000  
   29810.000  
   29820.000  
   29830.000  
   29840.000  
   29850.000  
   29860.000  
   29870.000  
   29880.000  
   29890.000  
   29900.000  
   29910.000  
   29920.000  
   29930.000  
   29940.000  
   29950.000  
   29960.000  
   29970.000  
   29980.000  
   29990.000  
   30000.000  
   30010.000  
   30020.000  
   30030.000  
   30040.000  
   30050.000  
   30060.000  
   30070.000  
   30080.000  
   30090.000  
   30100.000  
   30110.000  
   30120.000  
   30130.000  
   30140.000  
   30150.000  
   30160.000  
   30170.000  
   30180.000  
   30190.000  
   30200.000  
   30210.000  
   30220.000  
   30230.000  
   30240.000  
   30250.000  
   30260.000  
   30270.000  
   30280.000  
   30290.000  
   30300.000  
   30310.000  
   30320.000  
   30330.000  
   30340.000  
   30350.000  
   30360.000  
   30370.000  
   30380.000  
   30390.000  
   30400.000  
   30410.000  
   30420.000  
   30430.000  
   30440.000  
   30450.000  
   30460.000  
   30470.000  
   30480.000  
   30490.000  
   30500.000  
   30510.000  
   30520.000  
   30530.000  
   30540.000  
   30550.000  
   30560.000  
   30570.000  
   30580.000  
   30590.000  
   30600.000  
   30610.000  
   30620.000  
   30630.000  
   30640.000  
   30650.000  
   30660.000  
   30670.000  
   30680.000  
   30690.000  
   30700.000  
   30710.000  
   30720.000  
   30730.000  
   30740.000  
   30750.000  
   30760.000  
   30770.000  
   30780.000  
   30790.000  
   30800.000  
   30810.000  
   30820.000  
   30830.000  
   30840.000  
   30850.000  
   30860.000  
   30870.000  
   30880.000  
   30890.000  
   30900.000  
   30910.000  
   30920.000  
   30930.000  
   30940.000  
   30950.000  
   30960.000  
   30970.000  
   30980.000  
   30990.000  
   31000.000  
   31010.000  
   31020.000  
   31030.000  
   31040.000  
   31050.000  
   31060.000  
   31070.000  
   31080.000  
   31090.000  
   31100.000  
   31110.000  
   31120.000  
   31130.000  
   31140.000  
   31150.000  
   31160.000  
   31170.000  
   31180.000  
   31190.000  
   31200.000  
   31210.000  
   31220.000  
   31230.000  
   31240.000  
   31250.000  
   31260.000  
   31270.000  
   31280.000  
   31290.000  
   31300.000  
   31310.000  
   31320.000  
   31330.000  
   31340.000  
   31350.000  
   31360.000  
   31370.000  
   31380.000  
   31390.000  
   31400.000  
   31410.000  
   31420.000  
   31430.000  
   31440.000  
   31450.000  
   31460.000  
   31470.000  
   31480.000  
   31490.000  
   31500.000  
   31510.000  
   31520.000  
   31530.000  
   31540.000  
   31550.000  
   31560.000  
   31570.000  
   31580.000  
   31590.000  
   31600.000  
   31610.000  
   31620.000  
   31630.000  
   31640.000  
   31650.000  
   31660.000  
   31670.000  
   31680.000  
   31690.000  
   31700.000  
   31710.000  
   31720.000  
   31730.000  
   31740.000  
   31750.000  
   31760.000  
   31770.000  
   31780.000  
   31790.000  
   31800.000  
   31810.000  
   31820.000  
   31830.000  
   31840.000  
   31850.000  
   31860.000  
   31870.000  
   31880.000  
   31890.000  
   31900.000  
   31910.000  
   31920.000  
   31930.000  
   31940.000  
   31950.000  
   31960.000  
   31970.000  
   31980.000  
   31990.000  
   32000.000  
   32010.000  
   32020.000  
   32030.000  
   32040.000  
   32050.000  
   32060.000  
   32070.000  
   32080.000  
   32090.000  
   32100.000  
   32110.000  
   32120.000  
   32130.000  
   32140.000  
   32150.000  
   32160.000  
   32170.000  
   32180.000  
   32190.000  
   32200.000  
   32210.000  
   32220.000  
   32230.000  
   32240.000  
   32250.000  
   32260.000  
   32270.000  
   32280.000  
   32290.000  
   32300.000  
   32310.000  
   32320.000  
   32330.000  
   32340.000  
   32350.000  
   32360.000  
   32370.000  
   32380.000  
   32390.000  
   32400.000  
   32410.000  
   32420.000  
   32430.000  
   32440.000  
   32450.000  
   32460.000  
   32470.000  
   32480.000  
   32490.000  
   32500.000  
   32510.000  
   32520.000  
   32530.000  
   32540.000  
   32550.000  
   32560.000  
   32570.000  
   32580.000  
   32590.000  
   32600.000  
   32610.000  
   32620.000  
   32630.000  
   32640.000  
   32650.000  
   32660.000  
   32670.000  
   32680.000  
   32690.000  
   32700.000  
   32710.000  
   32720.000  
   32730.000  
   32740.000  
   32750.000  
   32760.000  
   32770.000  
   32780.000  
   32790.000  
   32800.000  
   32810.000  
   32820.000  
   32830.000  
   32840.000  
   32850.000  
   32860.000  
   32870.000  
   32880.000  
   32890.000  
   32900.000  
   32910.000  
   32920.000  
   32930.000  
   32940.000  
   32950.000  
   32960.000  
   32970.000  
   32980.000  
   32990.000  
   33000.000  
   33010.000  
   33020.000  
   33030.000  
   33040.000  
   33050.000  
   33060.000  
   33070.000  
   33080.000  
   33090.000  
   33100.000  
   33110.000  
   33120.000  
   33130.000  
   33140.000  
   33150.000  
   33160.000  
   33170.000  
   33180.000  
   33190.000  
   33200.000  
   33210.000  
   33220.000  
   33230.000  
   33240.000  
   33250.000  
   33260.000  
   33270.000  
   33280.000  
   33290.000  
   33300.000  
   33310.000  
   33320.000  
   33330.000  
   33340.000  
   33350.000  
   33360.000  
   33370.000  
   33380.000  
   33390.000  
   33400.000  
   33410.000  
   33420.000  
   33430.000  
   33440.000  
   33450.000  
   33460.000  
   33470.000  
   33480.000  
   33490.000  
   33500.000  
   33510.000  
   33520.000  
   33530.000  
   33540.000  
   33550.000  
   33560.000  
   33570.000  
   33580.000  
   33590.000  
   33600.000  
   33610.000  
   33620.000  
   33630.000  
   33640.000  
   33650.000  
   33660.000  
   33670.000  
   33680.000  
   33690.000  
   33700.000  
   33710.000  
   33720.000  
   33730.000  
   33740.000  
   33750.000  
   33760.000  
   33770.000  
   33780.000  
   33790.000  
   33800.000  
   33810.000  
   33820.000  
   33830.000  
   33840.000  
   33850.000  
   33860.000  
   33870.000  
   33880.000  
   33890.000  
   33900.000  
   33910.000  
   33920.000  
   33930.000  
   33940.000  
   33950.000  
   33960.000  
   33970.000  
   33980.000  
   33990.000  
   34000.000  
   34010.000  
   34020.000  
   34030.000  
   34040.000  
   34050.000  
   34060.000  
   34070.000  
   34080.000  
   34090.000  
   34100.000  
   34110.000  
   34120.000  
   34130.000  
   34140.000  
   34150.000  
   34160.000  
   34170.000  
   34180.000  
   34190.000  
   34200.000  
   34210.000  
   34220.000  
   34230.000  
   34240.000  
   34250.000  
   34260.000  
   34270.000  
   34280.000  
   34290.000  
   34300.000  
   34310.000  
   34320.000  
   34330.000  
   34340.000  
   34350.000  
   34360.000  
   34370.000  
   34380.000  
   34390.000  
   34400.000  
   34410.000  
   34420.000  
   34430.000  
   34440.000  
   34450.000  
   34460.000  
   34470.000  
   34480.000  
   34490.000  
   34500.000  
   34510.000  
   34520.000  
   34530.000  
   34540.000  
   34550.000  
   34560.000  
   34570.000  
   34580.000  
   34590.000  
   34600.000  
   34610.000  
   34620.000  
   34630.000  
   34640.000  
   34650.000  
   34660.000  
   34670.000  
   34680.000  
   34690.000  
   34700.000  
   34710.000  
   34720.000  
   34730.000  
   34740.000  
   34750.000  
   34760.000  
   34770.000  
   34780.000  
   34790.000  
   34800.000  
   34810.000  
   34820.000  
   34830.000  
   34840.000  
   34850.000  
   34860.000  
   34870.000  
   34880.000  
   34890.000  
   34900.000  
   34910.000  
   34920.000  
   34930.000  
   34940.000  
   34950.000  
   34960.000  
   34970.000  
   34980.000  
   34990.000  
   35000.000  
   35010.000  
   35020.000  
   35030.000  
   35040.000  
   35050.000  
   35060.000  
   35070.000  
   35080.000  
   35090.000  
   35100.000  
   35110.000  
   35120.000  
   35130.000  
   35140.000  
   35150.000  
   35160.000  
   35170.000  
   35180.000  
   35190.000  
   35200.000  
   35210.000  
   35220.000  
   35230.000  
   35240.000  
   35250.000  
   35260.000  
   35270.000  
   35280.000  
   35290.000  
   35300.000  
   35310.000  
   35320.000  
   35330.000  
   35340.000  
   35350.000  
   35360.000  
   35370.000  
   35380.000  
   35390.000  
   35400.000  
   35410.000  
   35420.000  
   35430.000  
   35440.000  
   35450.000  
   35460.000  
   35470.000  
   35480.000  
   35490.000  
   35500.000  
   35510.000  
   35520.000  
   35530.000  
   35540.000  
   35550.000  
   35560.000  
   35570.000  
   35580.000  
   35590.000  
   35600.000  
   35610.000  
   35620.000  
   35630.000  
   35640.000  
   35650.000  
   35660.000  
   35670.000  
   35680.000  
   35690.000  
   35700.000  
   35710.000  
   35720.000  
   35730.000  
   35740.000  
   35750.000  
   35760.000  
   35770.000  
   35780.000  
   35790.000  
   35800.000  
   35810.000  
   35820.000  
   35830.000  
   35840.000  
   35850.000  
   35860.000  
   35870.000  
   35880.000  
   35890.000  
   35900.000  
   35910.000  
   35920.000  
   35930.000  
   35940.000  
   35950.000  
   35960.000  
   35970.000  
   35980.000  
   35990.000  
   36000.000  
   36010.000  
   36020.000  
   36030.000  
   36040.000  
   36050.000  
   36060.000  
   36070.000  
   36080.000  
   36090.000  
   36100.000  
   36110.000  
   36120.000  
   36130.000  
   36140.000  
   36150.000  
   36160.000  
   36170.000  
   36180.000  
   36190.000  
   36200.000  
   36210.000  
   36220.000  
   36230.000  
   36240.000  
   36250.000  
   36260.000  
   36270.000  
   36280.000  
   36290.000  
   36300.000  
   36310.000  
   36320.000  
   36330.000  
   36340.000  
   36350.000  
   36360.000  
   36370.000  
   36380.000  
   36390.000  
   36400.000  
   36410.000  
   36420.000  
   36430.000  
   36440.000  
   36450.000  
   36460.000  
   36470.000  
   36480.000  
   36490.000  
   36500.000  
   36510.000  
   36520.000  
   36530.000  
   36540.000  
   36550.000  
   36560.000  
   36570.000  
   36580.000  
   36590.000  
   36600.000  
   36610.000  
   36620.000  
   36630.000  
   36640.000  
   36650.000  
   36660.000  
   36670.000  
   36680.000  
   36690.000  
   36700.000  
   36710.000  
   36720.000  
   36730.000  
   36740.000  
   36750.000  
   36760.000  
   36770.000  
   36780.000  
   36790.000  
   36800.000  
   36810.000  
   36820.000  
   36830.000  
   36840.000  
   36850.000  
   36860.000  
   36870.000  
   36880.000  
   36890.000  
   36900.000  
   36910.000  
   36920.000  
   36930.000  
   36940.000  
   36950.000  
   36960.000  
   36970.000  
   36980.000  
   36990.000  
   37000.000  
   37010.000  
   37020.000  
   37030.000  
   37040.000  
   37050.000  
   37060.000  
   37070.000  
   37080.000  
   37090.000  
   37100.000  
   37110.000  
   37120.000  
   37130.000  
   37140.000  
   37150.000  
   37160.000  
   37170.000  
   37180.000  
   37190.000  
   37200.000  
   37210.000  
   37220.000  
   37230.000  
   37240.000  
   37250.000  
   37260.000  
   37270.000  
   37280.000  
   37290.000  
   37300.000  
   37310.000  
   37320.000  
   37330.000  
   37340.000  
   37350.000  
   37360.000  
   37370.000  
   37380.000  
   37390.000  
   37400.000  
   37410.000  
   37420.000  
   37430.000  
   37440.000  
   37450.000  
   37460.000  
   37470.000  
   37480.000  
   37490.000  
   37500.000  
   37510.000  
   37520.000  
   37530.000  
   37540.000  
   37550.000  
   37560.000  
   37570.000  
   37580.000  
   37590.000  
   37600.000  
   37610.000  
   37620.000  
   37630.000  
   37640.000  
   37650.000  
   37660.000  
   37670.000  
   37680.000  
   37690.000  
   37700.000  
   37710.000  
   37720.000  
   37730.000  
   37740.000  
   37750.000  
   37760.000  
   37770.000  
   37780.000  
   37790.000  
   37800.000  
   37810.000  
   37820.000  
   37830.000  
   37840.000  
   37850.000  
   37860.000  
   37870.000  
   37880.000  
   37890.000  
   37900.000  
   37910.000  
   37920.000  
   37930.000  
   37940.000  
   37950.000  
   37960.000  
   37970.000  
   37980.000  
   37990.000  
   38000.000  
   38010.000  
   38020.000  
   38030.000  
   38040.000  
   38050.000  
   38060.000  
   38070.000  
   38080.000  
   38090.000  
   38100.000  
   38110.000  
   38120.000  
   38130.000  
   38140.000  
   38150.000  
   38160.000  
   38170.000  
   38180.000  
   38190.000  
   38200.000  
   38210.000  
   38220.000  
   38230.000  
   38240.000  
   38250.000  
   38260.000  
   38270.000  
   38280.000  
   38290.000  
   38300.000  
   38310.000  
   38320.000  
   38330.000  
   38340.000  
   38350.000  
   38360.000  
   38370.000  
   38380.000  
   38390.000  
   38400.000  
   38410.000  
   38420.000  
   38430.000  
   38440.000  
   38450.000  
   38460.000  
   38470.000  
   38480.000  
   38490.000  
   38500.000  
   38510.000  
   38520.000  
   38530.000  
   38540.000  
   38550.000  
   38560.000  
   38570.000  
   38580.000  
   38590.000  
   38600.000  
   38610.000  
   38620.000  
   38630.000  
   38640.000  
   38650.000  
   38660.000  
   38670.000  
   38680.000  
   38690.000  
   38700.000  
   38710.000  
   38720.000  
   38730.000  
   38740.000  
   38750.000  
   38760.000  
   38770.000  
   38780.000  
   38790.000  
   38800.000  
   38810.000  
   38820.000  
   38830.000  
   38840.000  
   38850.000  
   38860.000  
   38870.000  
   38880.000  
   38890.000  
   38900.000  
   38910.000  
   38920.000  
   38930.000  
   38940.000  
   38950.000  
   38960.000  
   38970.000  
   38980.000  
   38990.000  
   39000.000  
   39010.000  
   39020.000  
   39030.000  
   39040.000  
   39050.000  
   39060.000  
   39070.000  
   39080.000  
   39090.000  
   39100.000  
   39110.000  
   39120.000  
   39130.000  
   39140.000  
   39150.000  
   39160.000  
   39170.000  
   39180.000  
   39190.000  
   39200.000  
   39210.000  
   39220.000  
   39230.000  
   39240.000  
   39250.000  
   39260.000  
   39270.000  
   39280.000  
   39290.000  
   39300.000  
   39310.000  
   39320.000  
   39330.000  
   39340.000  
   39350.000  
   39360.000  
   39370.000  
   39380.000  
   39390.000  
   39400.000  
   39410.000  
   39420.000  
   39430.000  
   39440.000  
   39450.000  
   39460.000  
   39470.000  
   39480.000  
   39490.000  
   39500.000  
   39510.000  
   39520.000  
   39530.000  
   39540.000  
   39550.000  
   39560.000  
   39570.000  
   39580.000  
   39590.000  
   39600.000  
   39610.000  
   39620.000  
   39630.000  
   39640.000  
   39650.000  
   39660.000  
   39670.000  
   39680.000  
   39690.000  
   39700.000  
   39710.000  
   39720.000  
   39730.000  
   39740.000  
   39750.000  
   39760.000  
   39770.000  
   39780.000  
   39790.000  
   39800.000  
   39810.000  
   39820.000  
   39830.000  
   39840.000  
   39850.000  
   39860.000  
   39870.000  
   39880.000  
   39890.000  
   39900.000  
   39910.000  
   39920.000  
   39930.000  
   39940.000  
   39950.000  
   39960.000  
   39970.000  
   39980.000  
   39990.000  
   40000.000  
   40010.000  
   40020.000  
   40030.000  
   40040.000  
   40050.000  
   40060.000  
   40070.000  
   40080.000  
   40090.000  
   40100.000  
   40110.000  
   40120.000  
   40130.000  
   40140.000  
   40150.000  
   40160.000  
   40170.000  
   40180.000  
   40190.000  
   40200.000  
   40210.000  
   40220.000  
   40230.000  
   40240.000  
   40250.000  
   40260.000  
   40270.000  
   40280.000  
   40290.000  
   40300.000  
   40310.000  
   40320.000  
   40330.000  
   40340.000  
   40350.000  
   40360.000  
   40370.000  
   40380.000  
   40390.000  
   40400.000  
   40410.000  
   40420.000  
   40430.000  
   40440.000  
   40450.000  
   40460.000  
   40470.000  
   40480.000  
   40490.000  
   40500.000  
   40510.000  
   40520.000  
   40530.000  
   40540.000  
   40550.000  
   40560.000  
   40570.000  
   40580.000  
   40590.000  
   40600.000  
   40610.000  
   40620.000  
   40630.000  
   40640.000  
   40650.000  
   40660.000  
   40670.000  
   40680.000  
   40690.000  
   40700.000  
   40710.000  
   40720.000  
   40730.000  
   40740.000  
   40750.000  
   40760.000  
   40770.000  
   40780.000  
   40790.000  
   40800.000  
   40810.000  
   40820.000  
   40830.000  
   40840.000  
   40850.000  
   40860.000  
   40870.000  
   40880.000  
   40890.000  
   40900.000  
   40910.000  
   40920.000  
   40930.000  
   40940.000  
   40950.000  
   40960.000  
   40970.000  
   40980.000  
   40990.000  
   41000.000  
   41010.000  
   41020.000  
   41030.000  
   41040.000  
   41050.000  
   41060.000  
   41070.000  
   41080.000  
   41090.000  
   41100.000  
   41110.000  
   41120.000  
   41130.000  
   41140.000  
   41150.000  
   41160.000  
   41170.000  
   41180.000  
   41190.000  
   41200.000  
   41210.000  
   41220.000  
   41230.000  
   41240.000  
   41250.000  
   41260.000  
   41270.000  
   41280.000  
   41290.000  
   41300.000  
   41310.000  
   41320.000  
   41330.000  
   41340.000  
   41350.000  
   41360.000  
   41370.000  
   41380.000  
   41390.000  
   41400.000  
   41410.000  
   41420.000  
   41430.000  
   41440.000  
   41450.000  
   41460.000  
   41470.000  
   41480.000  
   41490.000  
   41500.000  
   41510.000  
   41520.000  
   41530.000  
   41540.000  
   41550.000  
   41560.000  
   41570.000  
   41580.000  
   41590.000  
   41600.000  
   41610.000  
   41620.000  
   41630.000  
   41640.000  
   41650.000  
   41660.000  
   41670.000  
   41680.000  
   41690.000  
   41700.000  
   41710.000  
   41720.000  
   41730.000  
   41740.000  
   41750.000  
   41760.000  
   41770.000  
   41780.000  
   41790.000  
   41800.000  
   41810.000  
   41820.000  
   41830.000  
   41840.000  
   41850.000  
   41860.000  
   41870.000  
   41880.000  
   41890.000  
   41900.000  
   41910.000  
   41920.000  
   41930.000  
   41940.000  
   41950.000  
   41960.000  
   41970.000  
   41980.000  
   41990.000  
   42000.000  
   42010.000  
   42020.000  
   42030.000  
   42040.000  
   42050.000  
   42060.000  
   42070.000  
   42080.000  
   42090.000  
   42100.000  
   42110.000  
   42120.000  
   42130.000  
   42140.000  
   42150.000  
   42160.000  
   42170.000  
   42180.000  
   42190.000  
   42200.000  
   42210.000  
   42220.000  
   42230.000  
   42240.000  
   42250.000  
   42260.000  
   42270.000  
   42280.000  
   42290.000  
   42300.000  
   42310.000  
   42320.000  
   42330.000  
   42340.000  
   42350.000  
   42360.000  
   42370.000  
   42380.000  
   42390.000  
   42400.000  
   42410.000  
   42420.000  
   42430.000  
   42440.000  
   42450.000  
   42460.000  
   42470.000  
   42480.000  
   42490.000  
   42500.000  
   42510.000  
   42520.000  
   42530.000  
   42540.000  
   42550.000  
   42560.000  
   42570.000  
   42580.000  
   42590.000  
   42600.000  
   42610.000  
   42620.000  
   42630.000  
   42640.000  
   42650.000  
   42660.000  
   42670.000  
   42680.000  
   42690.000  
   42700.000  
   42710.000  
   42720.000  
   42730.000  
   42740.000  
   42750.000  
   42760.000  
   42770.000  
   42780.000  
   42790.000  
   42800.000  
   42810.000  
   42820.000  
   42830.000  
   42840.000  
   42850.000  
   42860.000  
   42870.000  
   42880.000  
   42890.000  
   42900.000  
   42910.000  
   42920.000  
   42930.000  
   42940.000  
   42950.000  
   42960.000  
   42970.000  
   42980.000  
   42990.000  
   43000.000  
   43010.000  
   43020.000  
   43030.000  
   43040.000  
   43050.000  
   43060.000  
   43070.000  
   43080.000  
   43090.000  
   43100.000  
   43110.000  
   43120.000  
   43130.000  
   43140.000  
   43150.000  
   43160.000  
   43170.000  
   43180.000  
   43190.000  
   43200.000  
   43210.000  
   43220.000  
   43230.000  
   43240.000  
   43250.000  
   43260.000  
   43270.000  
   43280.000  
   43290.000  
   43300.000  
   43310.000  
   43320.000  
   43330.000  
   43340.000  
   43350.000  
   43360.000  
   43370.000  
   43380.000  
   43390.000  
   43400.000  
   43410.000  
   43420.000  
   43430.000  
   43440.000  
   43450.000  
   43460.000  
   43470.000  
   43480.000  
   43490.000  
   43500.000  
   43510.000  
   43520.000  
   43530.000  
   43540.000  
   43550.000  
   43560.000  
   43570.000  
   43580.000  
   43590.000  
   43600.000  
   43610.000  
   43620.000  
   43630.000  
   43640.000  
   43650.000  
   43660.000  
   43670.000  
   43680.000  
   43690.000  
   43700.000  
   43710.000  
   43720.000  
   43730.000  
   43740.000  
   43750.000  
   43760.000  
   43770.000  
   43780.000  
   43790.000  
   43800.000  
   43810.000  
   43820.000  
   43830.000  
   43840.000  
   43850.000  
   43860.000  
   43870.000  
   43880.000  
   43890.000  
   43900.000  
   43910.000  
   43920.000  
   43930.000  
   43940.000  
   43950.000  
   43960.000  
   43970.000  
   43980.000  
   43990.000  
   44000.000  
   44010.000  
   44020.000  
   44030.000  
   44040.000  
   44050.000  
   44060.000  
   44070.000  
   44080.000  
   44090.000  
   44100.000  
   44110.000  
   44120.000  
   44130.000  
   44140.000  
   44150.000  
   44160.000  
   44170.000  
   44180.000  
   44190.000  
   44200.000  
   44210.000  
   44220.000  
   44230.000  
   44240.000  
   44250.000  
   44260.000  
   44270.000  
   44280.000  
   44290.000  
   44300.000  
   44310.000  
   44320.000  
   44330.000  
   44340.000  
   44350.000  
   44360.000  
   44370.000  
   44380.000  
   44390.000  
   44400.000  
   44410.000  
   44420.000  
   44430.000  
   44440.000  
   44450.000  
   44460.000  
   44470.000  
   44480.000  
   44490.000  
   44500.000  
   44510.000  
   44520.000  
   44530.000  
   44540.000  
   44550.000  
   44560.000  
   44570.000  
   44580.000  
   44590.000  
   44600.000  
   44610.000  
   44620.000  
   44630.000  
   44640.000  
   44650.000  
   44660.000  
   44670.000  
   44680.000  
   44690.000  
   44700.000  
   44710.000  
   44720.000  
   44730.000  
   44740.000  
   44750.000  
   44760.000  
   44770.000  
   44780.000  
   44790.000  
   44800.000  
   44810.000  
   44820.000  
   44830.000  
   44840.000  
   44850.000  
   44860.000  
   44870.000  
   44880.000  
   44890.000  
   44900.000  
   44910.000  
   44920.000  
   44930.000  
   44940.000  
   44950.000  
   44960.000  
   44970.000  
   44980.000  
   44990.000  
   45000.000  
   45010.000  
   45020.000  
   45030.000  
   45040.000  
   45050.000  
   45060.000  
   45070.000  
   45080.000  
   45090.000  
   45100.000  
   45110.000  
   45120.000  
   45130.000  
   45140.000  
   45150.000  
   45160.000  
   45170.000  
   45180.000  
   45190.000  
   45200.000  
   45210.000  
   45220.000  
   45230.000  
   45240.000  
   45250.000  
   45260.000  
   45270.000  
   45280.000  
   45290.000  
   45300.000  
   45310.000  
   45320.000  
   45330.000  
   45340.000  
   45350.000  
   45360.000  
   45370.000  
   45380.000  
   45390.000  
   45400.000  
   45410.000  
   45420.000  
   45430.000  
   45440.000  
   45450.000  
   45460.000  
   45470.000  
   45480.000  
   45490.000  
   45500.000  
   45510.000  
   45520.000  
   45530.000  
   45540.000  
   45550.000  
   45560.000  
   45570.000  
   45580.000  
   45590.000  
   45600.000  
   45610.000  
   45620.000  
   45630.000  
   45640.000  
   45650.000  
   45660.000  
   45670.000  
   45680.000  
   45690.000  
   45700.000  
   45710.000  
   45720.000  
   45730.000  
   45740.000  
   45750.000  
   45760.000  
   45770.000  
   45780.000  
   45790.000  
   45800.000  
   45810.000  
   45820.000  
   45830.000  
   45840.000  
   45850.000  
   45860.000  
   45870.000  
   45880.000  
   45890.000  
   45900.000  
   45910.000  
   45920.000  
   45930.000  
   45940.000  
   45950.000  
   45960.000  
   45970.000  
   45980.000  
   45990.000  
   46000.000  
   46010.000  
   46020.000  
   46030.000  
   46040.000  
   46050.000  
   46060.000  
   46070.000  
   46080.000  
   46090.000  
   46100.000  
   46110.000  
   46120.000  
   46130.000  
   46140.000  
   46150.000  
   46160.000  
   46170.000  
   46180.000  
   46190.000  
   46200.000  
   46210.000  
   46220.000  
   46230.000  
   46240.000  
   46250.000  
   46260.000  
   46270.000  
   46280.000  
   46290.000  
   46300.000  
   46310.000  
   46320.000  
   46330.000  
   46340.000  
   46350.000  
   46360.000  
   46370.000  
   46380.000  
   46390.000  
   46400.000  
   46410.000  
   46420.000  
   46430.000  
   46440.000  
   46450.000  
   46460.000  
   46470.000  
   46480.000  
   46490.000  
   46500.000  
   46510.000  
   46520.000  
   46530.000  
   46540.000  
   46550.000  
   46560.000  
   46570.000  
   46580.000  
   46590.000  
   46600.000  
   46610.000  
   46620.000  
   46630.000  
   46640.000  
   46650.000  
   46660.000  
   46670.000  
   46680.000  
   46690.000  
   46700.000  
   46710.000  
   46720.000  
   46730.000  
   46740.000  
   46750.000  
   46760.000  
   46770.000  
   46780.000  
   46790.000  
   46800.000  
   46810.000  
   46820.000  
   46830.000  
   46840.000  
   46850.000  
   46860.000  
   46870.000  
   46880.000  
   46890.000  
   46900.000  
   46910.000  
   46920.000  
   46930.000  
   46940.000  
   46950.000  
   46960.000  
   46970.000  
   46980.000  
   46990.000  
   47000.000  
   47010.000  
   47020.000  
   47030.000  
   47040.000  
   47050.000  
   47060.000  
   47070.000  
   47080.000  
   47090.000  
   47100.000  
   47110.000  
   47120.000  
   47130.000  
   47140.000  
   47150.000  
   47160.000  
   47170.000  
   47180.000  
   47190.000  
   47200.000  
   47210.000  
   47220.000  
   47230.000  
   47240.000  
   47250.000  
   47260.000  
   47270.000  
   47280.000  
   47290.000  
   47300.000  
   47310.000  
   47320.000  
   47330.000  
   47340.000  
   47350.000  
   47360.000  
   47370.000  
   47380.000  
   47390.000  
   47400.000  
   47410.000  
   47420.000  
   47430.000  
   47440.000  
   47450.000  
   47460.000  
   47470.000  
   47480.000  
   47490.000  
   47500.000  
   47510.000  
   47520.000  
   47530.000  
   47540.000  
   47550.000  
   47560.000  
   47570.000  
   47580.000  
   47590.000  
   47600.000  
   47610.000  
   47620.000  
   47630.000  
   47640.000  
   47650.000  
   47660.000  
   47670.000  
   47680.000  
   47690.000  
   47700.000  
   47710.000  
   47720.000  
   47730.000  
   47740.000  
   47750.000  
   47760.000  
   47770.000  
   47780.000  
   47790.000  
   47800.000  
   47810.000  
   47820.000  
   47830.000  
   47840.000  
   47850.000  
   47860.000  
   47870.000  
   47880.000  
   47890.000  
   47900.000  
   47910.000  
   47920.000  
   47930.000  
   47940.000  
   47950.000  
   47960.000  
   47970.000  
   47980.000  
   47990.000  
   48000.000  
   48010.000  
   48020.000  
   48030.000  
   48040.000  
   48050.000  
   48060.000  
   48070.000  
   48080.000  
   48090.000  
   48100.000  
   48110.000  
   48120.000  
   48130.000  
   48140.000  
   48150.000  
   48160.000  
   48170.000  
   48180.000  
   48190.000  
   48200.000  
   48210.000  
   48220.000  
   48230.000  
   48240.000  
   48250.000  
   48260.000  
   48270.000  
   48280.000  
   48290.000  
   48300.000  
   48310.000  
   48320.000  
   48330.000  
   48340.000  
   48350.000  
   48360.000  
   48370.000  
   48380.000  
   48390.000  
   48400.000  
   48410.000  
   48420.000  
   48430.000  
   48440.000  
   48450.000  
   48460.000  
   48470.000  
   48480.000  
   48490.000  
   48500.000  
   48510.000  
   48520.000  
   48530.000  
   48540.000  
   48550.000  
   48560.000  
   48570.000  
   48580.000  
   48590.000  
   48600.000  
   48610.000  
   48620.000  
   48630.000  
   48640.000  
   48650.000  
   48660.000  
   48670.000  
   48680.000  
   48690.000  
   48700.000  
   48710.000  
   48720.000  
   48730.000  
   48740.000  
   48750.000  
   48760.000  
   48770.000  
   48780.000  
   48790.000  
   48800.000  
   48810.000  
   48820.000  
   48830.000  
   48840.000  
   48850.000  
   48860.000  
   48870.000  
   48880.000  
   48890.000  
   48900.000  
   48910.000  
   48920.000  
   48930.000  
   48940.000  
   48950.000  
   48960.000  
   48970.000  
   48980.000  
   48990.000  
   49000.000  
   49010.000  
   49020.000  
   49030.000  
   49040.000  
   49050.000  
   49060.000  
   49070.000  
   49080.000  
   49090.000  
   49100.000  
   49110.000  
   49120.000  
   49130.000  
   49140.000  
   49150.000  
   49160.000  
   49170.000  
   49180.000  
   49190.000  
   49200.000  
   49210.000  
   49220.000  
   49230.000  
   49240.000  
   49250.000  
   49260.000  
   49270.000  
   49280.000  
   49290.000  
   49300.000  
   49310.000  
   49320.000  
   49330.000  
   49340.000  
   49350.000  
   49360.000  
   49370.000  
   49380.000  
   49390.000  
   49400.000  
   49410.000  
   49420.000  
   49430.000  
   49440.000  
   49450.000  
   49460.000  
   49470.000  
   49480.000  
   49490.000  
   49500.000  
   49510.000  
   49520.000  
   49530.000  
   49540.000  
   49550.000  
   49560.000  
   49570.000  
   49580.000  
   49590.000  
   49600.000  
   49610.000  
   49620.000  
   49630.000  
   49640.000  
   49650.000  
   49660.000  
   49670.000  
   49680.000  
   49690.000  
   49700.000  
   49710.000  
   49720.000  
   49730.000  
   49740.000  
   49750.000  
   49760.000  
   49770.000  
   49780.000  
   49790.000  
   49800.000  
   49810.000  
   49820.000  
   49830.000  
   49840.000  
   49850.000  
   49860.000  
   49870.000  
   49880.000  
   49890.000  
   49900.000  
   49910.000  
   49920.000  
   49930.000  
   49940.000  
   49950.000  
   49960.000  
   49970.000  
   49980.000  
   49990.000  
   50000.000  
   50010.000  
   50020.000  
   50030.000  
   50040.000  
   50050.000  
   50060.000  
   50070.000  
   50080.000  
   50090.000  
   50100.000  
   50110.000  
   50120.000  
   50130.000  
   50140.000  
   50150.000  
   50160.000  
   50170.000  
   50180.000  
   50190.000  
   50200.000  
   50210.000  
   50220.000  
   50230.000  
   50240.000  
   50250.000  
   50260.000  
   50270.000  
   50280.000  
   50290.000  
   50300.000  
   50310.000  
   50320.000  
   50330.000  
   50340.000  
   50350.000  
   50360.000  
   50370.000  
   50380.000  
   50390.000  
   50400.000  
   50410.000  
   50420.000  
   50430.000  
   50440.000  
   50450.000  
   50460.000  
   50470.000  
   50480.000  
   50490.000  
   50500.000  
   50510.000  
   50520.000  
   50530.000  
   50540.000  
   50550.000  
   50560.000  
   50570.000  
   50580.000  
   50590.000  
   50600.000  
   50610.000  
   50620.000  
   50630.000  
   50640.000  
   50650.000  
   50660.000  
   50670.000  
   50680.000  
   50690.000  
   50700.000  
   50710.000  
   50720.000  
   50730.000  
   50740.000  
   50750.000  
   50760.000  
   50770.000  
   50780.000  
   50790.000  
   50800.000  
   50810.000  
   50820.000  
   50830.000  
   50840.000  
   50850.000  
   50860.000  
   50870.000  
   50880.000  
   50890.000  
   50900.000  
   50910.000  
   50920.000  
   50930.000  
   50940.000  
   50950.000  
   50960.000  
   50970.000  
   50980.000  
   50990.000  
   51000.000  
   51010.000  
   51020.000  
   51030.000  
   51040.000  
   51050.000  
   51060.000  
   51070.000  
   51080.000  
   51090.000  
   51100.000  
   51110.000  
   51120.000  
   51130.000  
   51140.000  
   51150.000  
   51160.000  
   51170.000  
   51180.000  
   51190.000  
   51200.000  
   51210.000  
   51220.000  
   51230.000  
   51240.000  
   51250.000  
   51260.000  
   51270.000  
   51280.000  
   51290.000  
   51300.000  
   51310.000  
   51320.000  
   51330.000  
   51340.000  
   51350.000  
   51360.000  
   51370.000  
   51380.000  
   51390.000  
   51400.000  
   51410.000  
   51420.000  
   51430.000  
   51440.000  
   51450.000  
   51460.000  
   51470.000  
   51480.000  
   51490.000  
   51500.000  
   51510.000  
   51520.000  
   51530.000  
   51540.000  
   51550.000  
   51560.000  
   51570.000  
   51580.000  
   51590.000  
   51600.000  
   51610.000  
   51620.000  
   51630.000  
   51640.000  
   51650.000  
   51660.000  
   51670.000  
   51680.000  
   51690.000  
   51700.000  
   51710.000  
   51720.000  
   51730.000  
   51740.000  
   51750.000  
   51760.000  
   51770.000  
   51780.000  
   51790.000  
   51800.000  
   51810.000  
   51820.000  
   51830.000  
   51840.000  
   51850.000  
   51860.000  
   51870.000  
   51880.000  
   51890.000  
   51900.000  
   51910.000  
   51920.000  
   51930.000  
   51940.000  
   51950.000  
   51960.000  
   51970.000  
   51980.000  
   51990.000  
   52000.000  
   52010.000  
   52020.000  
   52030.000  
   52040.000  
   52050.000  
   52060.000  
   52070.000  
   52080.000  
   52090.000  
   52100.000  
   52110.000  
   52120.000  
   52130.000  
   52140.000  
   52150.000  
   52160.000  
   52170.000  
   52180.000  
   52190.000  
   52200.000  
   52210.000  
   52220.000  
   52230.000  
   52240.000  
   52250.000  
   52260.000  
   52270.000  
   52280.000  
   52290.000  
   52300.000  
   52310.000  
   52320.000  
   52330.000  
   52340.000  
   52350.000  
   52360.000  
   52370.000  
   52380.000  
   52390.000  
   52400.000  
   52410.000  
   52420.000  
   52430.000  
   52440.000  
   52450.000  
   52460.000  
   52470.000  
   52480.000  
   52490.000  
   52500.000  
   52510.000  
   52520.000  
   52530.000  
   52540.000  
   52550.000  
   52560.000  
   52570.000  
   52580.000  
   52590.000  
   52600.000  
   52610.000  
   52620.000  
   52630.000  
   52640.000  
   52650.000  
   52660.000  
   52670.000  
   52680.000  
   52690.000  
   52700.000  
   52710.000  
   52720.000  
   52730.000  
   52740.000  
   52750.000  
   52760.000  
   52770.000  
   52780.000  
   52790.000  
   52800.000  
   52810.000  
   52820.000  
   52830.000  
   52840.000  
   52850.000  
   52860.000  
   52870.000  
   52880.000  
   52890.000  
   52900.000  
   52910.000  
   52920.000  
   52930.000  
   52940.000  
   52950.000  
   52960.000  
   52970.000  
   52980.000  
   52990.000  
   53000.000  
   53010.000  
   53020.000  
   53030.000  
   53040.000  
   53050.000  
   53060.000  
   53070.000  
   53080.000  
   53090.000  
   53100.000  
   53110.000  
   53120.000  
   53130.000  
   53140.000  
   53150.000  
   53160.000  
   53170.000  
   53180.000  
   53190.000  
   53200.000  
   53210.000  
   53220.000  
   53230.000  
   53240.000  
   53250.000  
   53260.000  
   53270.000  
   53280.000  
   53290.000  
   53300.000  
   53310.000  
   53320.000  
   53330.000  
   53340.000  
   53350.000  
   53360.000  
   53370.000  
   53380.000  
   53390.000  
   53400.000  
   53410.000  
   53420.000  
   53430.000  
   53440.000  
   53450.000  
   53460.000  
   53470.000  
   53480.000  
   53490.000  
   53500.000  
   53510.000  
   53520.000  
   53530.000  
   53540.000  
   53550.000  
   53560.000  
   53570.000  
   53580.000  
   53590.000  
   53600.000  
   53610.000  
   53620.000  
   53630.000  
   53640.000  
   53650.000  
   53660.000  
   53670.000  
   53680.000  
   53690.000  
   53700.000  
   53710.000  
   53720.000  
   53730.000  
   53740.000  
   53750.000  
   53760.000  
   53770.000  
   53780.000  
   53790.000  
   53800.000  
   53810.000  
   53820.000  
   53830.000  
   53840.000  
   53850.000  
   53860.000  
   53870.000  
   53880.000  
   53890.000  
   53900.000  
   53910.000  
   53920.000  
   53930.000  
   53940.000  
   53950.000  
   53960.000  
   53970.000  
   53980.000  
   53990.000  
   54000.000  
   54010.000  
   54020.000  
   54030.000  
   54040.000  
   54050.000  
   54060.000  
   54070.000  
   54080.000  
   54090.000  
   54100.000  
   54110.000  
   54120.000  
   54130.000  
   54140.000  
   54150.000  
   54160.000  
   54170.000  
   54180.000  
   54190.000  
   54200.000  
   54210.000  
   54220.000  
   54230.000  
   54240.000  
   54250.000  
   54260.000  
   54270.000  
   54280.000  
   54290.000  
   54300.000  
   54310.000  
   54320.000  
   54330.000  
   54340.000  
   54350.000  
   54360.000  
   54370.000  
   54380.000  
   54390.000  
   54400.000  
   54410.000  
   54420.000  
   54430.000  
   54440.000  
   54450.000  
   54460.000  
   54470.000  
   54480.000  
   54490.000  
   54500.000  
   54510.000  
   54520.000  
   54530.000  
   54540.000  
   54550.000  
   54560.000  
   54570.000  
   54580.000  
   54590.000  
   54600.000  
   54610.000  
   54620.000  
   54630.000  
   54640.000  
   54650.000  
   54660.000  
   54670.000  
   54680.000  
   54690.000  
   54700.000  
   54710.000  
   54720.000  
   54730.000  
   54740.000  
   54750.000  
   54760.000  
   54770.000  
   54780.000  
   54790.000  
   54800.000  
   54810.000  
   54820.000  
   54830.000  
   54840.000  
   54850.000  
   54860.000  
   54870.000  
   54880.000  
   54890.000  
   54900.000  
   54910.000  
   54920.000  
   54930.000  
   54940.000  
   54950.000  
   54960.000  
   54970.000  
   54980.000  
   54990.000  
   55000.000  
   55010.000  
   55020.000  
   55030.000  
   55040.000  
   55050.000  
   55060.000  
   55070.000  
   55080.000  
   55090.000  
   55100.000  
   55110.000  
   55120.000  
   55130.000  
   55140.000  
   55150.000  
   55160.000  
   55170.000  
   55180.000  
   55190.000  
   55200.000  
   55210.000  
   55220.000  
   55230.000  
   55240.000  
   55250.000  
   55260.000  
   55270.000  
   55280.000  
   55290.000  
   55300.000  
   55310.000  
   55320.000  
   55330.000  
   55340.000  
   55350.000  
   55360.000  
   55370.000  
   55380.000  
   55390.000  
   55400.000  
   55410.000  
   55420.000  
   55430.000  
   55440.000  
   55450.000  
   55460.000  
   55470.000  
   55480.000  
   55490.000  
   55500.000  
   55510.000  
   55520.000  
   55530.000  
   55540.000  
   55550.000  
   55560.000  
   55570.000  
   55580.000  
   55590.000  
   55600.000  
   55610.000  
   55620.000  
   55630.000  
   55640.000  
   55650.000  
   55660.000  
   55670.000  
   55680.000  
   55690.000  
   55700.000  
   55710.000  
   55720.000  
   55730.000  
   55740.000  
   55750.000  
   55760.000  
   55770.000  
   55780.000  
   55790.000  
   55800.000  
   55810.000  
   55820.000  
   55830.000  
   55840.000  
   55850.000  
   55860.000  
   55870.000  
   55880.000  
   55890.000  
   55900.000  
   55910.000  
   55920.000  
   55930.000  
   55940.000  
   55950.000  
   55960.000  
   55970.000  
   55980.000  
   55990.000  
   56000.000  
   56010.000  
   56020.000  
   56030.000  
   56040.000  
   56050.000  
   56060.000  
   56070.000  
   56080.000  
   56090.000  
   56100.000  
   56110.000  
   56120.000  
   56130.000  
   56140.000  
   56150.000  
   56160.000  
   56170.000  
   56180.000  
   56190.000  
   56200.000  
   56210.000  
   56220.000  
   56230.000  
   56240.000  
   56250.000  
   56260.000  
   56270.000  
   56280.000  
   56290.000  
   56300.000  
   56310.000  
   56320.000  
   56330.000  
   56340.000  
   56350.000  
   56360.000  
   56370.000  
   56380.000  
   56390.000  
   56400.000  
   56410.000  
   56420.000  
   56430.000  
   56440.000  
   56450.000  
   56460.000  
   56470.000  
   56480.000  
   56490.000  
   56500.000  
   56510.000  
   56520.000  
   56530.000  
   56540.000  
   56550.000  
   56560.000  
   56570.000  
   56580.000  
   56590.000  
   56600.000  
   56610.000  
   56620.000  
   56630.000  
   56640.000  
   56650.000  
   56660.000  
   56670.000  
   56680.000  
   56690.000  
   56700.000  
   56710.000  
   56720.000  
   56730.000  
   56740.000  
   56750.000  
   56760.000  
   56770.000  
   56780.000  
   56790.000  
   56800.000  
   56810.000  
   56820.000  
   56830.000  
   56840.000  
   56850.000  
   56860.000  
   56870.000  
   56880.000  
   56890.000  
   56900.000  
   56910.000  
   56920.000  
   56930.000  
   56940.000  
   56950.000  
   56960.000  
   56970.000  
   56980.000  
   56990.000  
   57000.000  
   57010.000  
   57020.000  
   57030.000  
   57040.000  
   57050.000  
   57060.000  
   57070.000  
   57080.000  
   57090.000  
   57100.000  
   57110.000  
   57120.000  
   57130.000  
   57140.000  
   57150.000  
   57160.000  
   57170.000  
   57180.000  
   57190.000  
   57200.000  
   57210.000  
   57220.000  
   57230.000  
   57240.000  
   57250.000  
   57260.000  
   57270.000  
   57280.000  
   57290.000  
   57300.000  
   57310.000  
   57320.000  
   57330.000  
   57340.000  
   57350.000  
   57360.000  
   57370.000  
   57380.000  
   57390.000  
   57400.000  
   57410.000  
   57420.000  
   57430.000  
   57440.000  
   57450.000  
   57460.000  
   57470.000  
   57480.000  
   57490.000  
   57500.000  
   57510.000  
   57520.000  
   57530.000  
   57540.000  
   57550.000  
   57560.000  
   57570.000  
   57580.000  
   57590.000  
   57600.000  
   57610.000  
   57620.000  
   57630.000  
   57640.000  
   57650.000  
   57660.000  
   57670.000  
   57680.000  
   57690.000  
   57700.000  
   57710.000  
   57720.000  
   57730.000  
   57740.000  
   57750.000  
   57760.000  
   57770.000  
   57780.000  
   57790.000  
   57800.000  
   57810.000  
   57820.000  
   57830.000  
   57840.000  
   57850.000  
   57860.000  
   57870.000  
   57880.000  
   57890.000  
   57900.000  
   57910.000  
   57920.000  
   57930.000  
   57940.000  
   57950.000  
   57960.000  
   57970.000  
   57980.000  
   57990.000  
   58000.000  
   58010.000  
   58020.000  
   58030.000  
   58040.000  
   58050.000  
   58060.000  
   58070.000  
   58080.000  
   58090.000  
   58100.000  
   58110.000  
   58120.000  
   58130.000  
   58140.000  
   58150.000  
   58160.000  
   58170.000  
   58180.000  
   58190.000  
   58200.000  
   58210.000  
   58220.000  
   58230.000  
   58240.000  
   58250.000  
   58260.000  
   58270.000  
   58280.000  
   58290.000  
   58300.000  
   58310.000  
   58320.000  
   58330.000  
   58340.000  
   58350.000  
   58360.000  
   58370.000  
   58380.000  
   58390.000  
   58400.000  
   58410.000  
   58420.000  
   58430.000  
   58440.000  
   58450.000  
   58460.000  
   58470.000  
   58480.000  
   58490.000  
   58500.000  
   58510.000  
   58520.000  
   58530.000  
   58540.000  
   58550.000  
   58560.000  
   58570.000  
   58580.000  
   58590.000  
   58600.000  
   58610.000  
   58620.000  
   58630.000  
   58640.000  
   58650.000  
   58660.000  
   58670.000  
   58680.000  
   58690.000  
   58700.000  
   58710.000  
   58720.000  
   58730.000  
   58740.000  
   58750.000  
   58760.000  
   58770.000  
   58780.000  
   58790.000  
   58800.000  
   58810.000  
   58820.000  
   58830.000  
   58840.000  
   58850.000  
   58860.000  
   58870.000  
   58880.000  
   58890.000  
   58900.000  
   58910.000  
   58920.000  
   58930.000  
   58940.000  
   58950.000  
   58960.000  
   58970.000  
   58980.000  
   58990.000  
   59000.000  
   59010.000  
   59020.000  
   59030.000  
   59040.000  
   59050.000  
   59060.000  
   59070.000  
   59080.000  
   59090.000  
   59100.000  
   59110.000  
   59120.000  
   59130.000  
   59140.000  
   59150.000  
   59160.000  
   59170.000  
   59180.000  
   59190.000  
   59200.000  
   59210.000  
   59220.000  
   59230.000  
   59240.000  
   59250.000  
   59260.000  
   59270.000  
   59280.000  
   59290.000  
   59300.000  
   59310.000  
   59320.000  
   59330.000  
   59340.000  
   59350.000  
   59360.000  
   59370.000  
   59380.000  
   59390.000  
   59400.000  
   59410.000  
   59420.000  
   59430.000  
   59440.000  
   59450.000  
   59460.000  
   59470.000  
   59480.000  
   59490.000  
   59500.000  
   59510.000  
   59520.000  
   59530.000  
   59540.000  
   59550.000  
   59560.000  
   59570.000  
   59580.000  
   59590.000  
   59600.000  
   59610.000  
   59620.000  
   59630.000  
   59640.000  
   59650.000  
   59660.000  
   59670.000  
   59680.000  
   59690.000  
   59700.000  
   59710.000  
   59720.000  
   59730.000  
   59740.000  
   59750.000  
   59760.000  
   59770.000  
   59780.000  
   59790.000  
   59800.000  
   59810.000  
   59820.000  
   59830.000  
   59840.000  
   59850.000  
   59860.000  
   59870.000  
   59880.000  
   59890.000  
   59900.000  
   59910.000  
   59920.000  
   59930.000  
   59940.000  
   59950.000  
   59960.000  
   59970.000  
   59980.000  
   59990.000  
   60000.000  
   60010.000  
   60020.000  
   60030.000  
   60040.000  
   60050.000  
   60060.000  
   60070.000  
   60080.000  
   60090.000  
   60100.000  
   60110.000  
   60120.000  
   60130.000  
   60140.000  
   60150.000  
   60160.000  
   60170.000  
   60180.000  
   60190.000  
   60200.000  
   60210.000  
   60220.000  
   60230.000  
   60240.000  
   60250.000  
   60260.000  
   60270.000  
   60280.000  
   60290.000  
   60300.000  
   60310.000  
   60320.000  
   60330.000  
   60340.000  
   60350.000  
   60360.000  
   60370.000  
   60380.000  
   60390.000  
   60400.000  
   60410.000  
   60420.000  
   60430.000  
   60440.000  
   60450.000  
   60460.000  
   60470.000  
   60480.000  
   60490.000  
   60500.000  
   60510.000  
   60520.000  
   60530.000  
   60540.000  
   60550.000  
   60560.000  
   60570.000  
   60580.000  
   60590.000  
   60600.000  
   60610.000  
   60620.000  
   60630.000  
   60640.000  
   60650.000  
   60660.000  
   60670.000  
   60680.000  
   60690.000  
   60700.000  
   60710.000  
   60720.000  
   60730.000  
   60740.000  
   60750.000  
   60760.000  
   60770.000  
   60780.000  
   60790.000  
   60800.000  
   60810.000  
   60820.000  
   60830.000  
   60840.000  
   60850.000  
   60860.000  
   60870.000  
   60880.000  
   60890.000  
   60900.000  
   60910.000  
   60920.000  
   60930.000  
   60940.000  
   60950.000  
   60960.000  
   60970.000  
   60980.000  
   60990.000  
   61000.000  
   61010.000  
   61020.000  
   61030.000  
   61040.000  
   61050.000  
   61060.000  
   61070.000  
   61080.000  
   61090.000  
   61100.000  
   61110.000  
   61120.000  
   61130.000  
   61140.000  
   61150.000  
   61160.000  
   61170.000  
   61180.000  
   61190.000  
   61200.000  
   61210.000  
   61220.000  
   61230.000  
   61240.000  
   61250.000  
   61260.000  
   61270.000  
   61280.000  
   61290.000  
   61300.000  
   61310.000  
   61320.000  
   61330.000  
   61340.000  
   61350.000  
   61360.000  
   61370.000  
   61380.000  
   61390.000  
   61400.000  
   61410.000  
   61420.000  
   61430.000  
   61440.000  
   61450.000  
   61460.000  
   61470.000  
   61480.000  
   61490.000  
   61500.000  
   61510.000  
   61520.000  
   61530.000  
   61540.000  
   61550.000  
   61560.000  
   61570.000  
   61580.000  
   61590.000  
   61600.000  
   61610.000  
   61620.000  
   61630.000  
   61640.000  
   61650.000  
   61660.000  
   61670.000  
   61680.000  
   61690.000  
   61700.000  
   61710.000  
   61720.000  
   61730.000  
   61740.000  
   61750.000  
   61760.000  
   61770.000  
   61780.000  
   61790.000  
   61800.000  
   61810.000  
   61820.000  
   61830.000  
   61840.000  
   61850.000  
   61860.000  
   61870.000  
   61880.000  
   61890.000  
   61900.000  
   61910.000  
   61920.000  
   61930.000  
   61940.000  
   61950.000  
   61960.000  
   61970.000  
   61980.000  
   61990.000  
   62000.000  
   62010.000  
   62020.000  
   62030.000  
   62040.000  
   62050.000  
   62060.000  
   62070.000  
   62080.000  
   62090.000  
   62100.000  
   62110.000  
   62120.000  
   62130.000  
   62140.000  
   62150.000  
   62160.000  
   62170.000  
   62180.000  
   62190.000  
   62200.000  
   62210.000  
   62220.000  
   62230.000  
   62240.000  
   62250.000  
   62260.000  
   62270.000  
   62280.000  
   62290.000  
   62300.000  
   62310.000  
   62320.000  
   62330.000  
   62340.000  
   62350.000  
   62360.000  
   62370.000  
   62380.000  
   62390.000  
   62400.000  
   62410.000  
   62420.000  
   62430.000  
   62440.000  
   62450.000  
   62460.000  
   62470.000  
   62480.000  
   62490.000  
   62500.000  
   62510.000  
   62520.000  
   62530.000  
   62540.000  
   62550.000  
   62560.000  
   62570.000  
   62580.000  
   62590.000  
   62600.000  
   62610.000  
   62620.000  
   62630.000  
   62640.000  
   62650.000  
   62660.000  
   62670.000  
   62680.000  
   62690.000  
   62700.000  
   62710.000  
   62720.000  
   62730.000  
   62740.000  
   62750.000  
   62760.000  
   62770.000  
   62780.000  
   62790.000  
   62800.000  
   62810.000  
   62820.000  
   62830.000  
   62840.000  
   62850.000  
   62860.000  
   62870.000  
   62880.000  
   62890.000  
   62900.000  
   62910.000  
   62920.000  
   62930.000  
   62940.000  
   62950.000  
   62960.000  
   62970.000  
   62980.000  
   62990.000  
   63000.000  
   63010.000  
   63020.000  
   63030.000  
   63040.000  
   63050.000  
   63060.000  
   63070.000  
   63080.000  
   63090.000  
   63100.000  
   63110.000  
   63120.000  
   63130.000  
   63140.000  
   63150.000  
   63160.000  
   63170.000  
   63180.000  
   63190.000  
   63200.000  
   63210.000  
   63220.000  
   63230.000  
   63240.000  
   63250.000  
   63260.000  
   63270.000  
   63280.000  
   63290.000  
   63300.000  
   63310.000  
   63320.000  
   63330.000  
   63340.000  
   63350.000  
   63360.000  
   63370.000  
   63380.000  
   63390.000  
   63400.000  
   63410.000  
   63420.000  
   63430.000  
   63440.000  
   63450.000  
   63460.000  
   63470.000  
   63480.000  
   63490.000  
   63500.000  
   63510.000  
   63520.000  
   63530.000  
   63540.000  
   63550.000  
   63560.000  
   63570.000  
   63580.000  
   63590.000  
   63600.000  
   63610.000  
   63620.000  
   63630.000  
   63640.000  
   63650.000  
   63660.000  
   63670.000  
   63680.000  
   63690.000  
   63700.000  
   63710.000  
   63720.000  
   63730.000  
   63740.000  
   63750.000  
   63760.000  
   63770.000  
   63780.000  
   63790.000  
   63800.000  
   63810.000  
   63820.000  
   63830.000  
   63840.000  
   63850.000  
   63860.000  
   63870.000  
   63880.000  
   63890.000  
   63900.000  
   63910.000  
   63920.000  
   63930.000  
   63940.000  
   63950.000  
   63960.000  
   63970.000  
   63980.000  
   63990.000  
   64000.000  
   64010.000  
   64020.000  
   64030.000  
   64040.000  
   64050.000  
   64060.000  
   64070.000  
   64080.000  
   64090.000  
   64100.000  
   64110.000  
   64120.000  
   64130.000  
   64140.000  
   64150.000  
   64160.000  
   64170.000  
   64180.000  
   64190.000  
   64200.000  
   64210.000  
   64220.000  
   64230.000  
   64240.000  
   64250.000  
   64260.000  
   64270.000  
   64280.000  
   64290.000  
   64300.000  
   64310.000  
   64320.000  
   64330.000  
   64340.000  
   64350.000  
   64360.000  
   64370.000  
   64380.000  
   64390.000  
   64400.000  
   64410.000  
