#Atom            RMSF
  36.000       1.7372
  55.000       1.7435
  74.000       1.4634
  93.000       1.1792
 112.000       1.1967
 134.000       1.0368
 148.000       0.9174
 172.000       0.9008
 191.000       1.0299
 209.000       1.0383
 223.000       0.9449
 242.000       1.1531
 259.000       1.3170
 270.000       1.1397
 286.000       0.8799
 296.000       1.0213
 318.000       1.3335
 332.000       1.3256
 351.000       1.1435
 365.000       1.6411
 372.000       1.2107
 391.000       1.9432
 407.000       2.4997
 424.000       2.9298
 441.000       2.2138
 463.000       1.6704
 473.000       1.7270
 487.000       1.9683
 503.000       1.9380
 519.000       1.7649
 538.000       2.1779
 557.000       3.3205
 564.000       2.3057
 578.000       2.1723
 597.000       2.2042
 613.000       2.5951
 629.000       2.4685
 648.000       1.5285
 664.000       1.1869
 686.000       1.0011
 708.000       0.8400
 724.000       0.7507
 741.000       0.6525
 760.000       0.5571
 781.000       0.6782
 791.000       0.7915
 810.000       0.7376
 820.000       0.8843
 839.000       1.0930
 858.000       1.3916
 880.000       1.4102
 894.000       1.0598
 914.000       1.0398
 928.000       1.0594
 947.000       0.9893
 966.000       1.3092
 982.000       1.9256
1004.000       1.8441
1018.000       1.4134
1032.000       1.2506
1048.000       1.1922
1068.000       1.2744
1098.000       1.8525
1104.000       1.6236
1121.000       1.2961
1128.000       1.2361
1147.000       1.2080
1169.000       1.1582
1179.000       1.0931
1195.000       1.1844
1212.000       1.2422
1231.000       2.0075
1250.000       2.1903
1269.000       1.9957
1288.000       2.1590
1304.000       2.3019
1323.000       3.0667
1337.000       2.7500
1348.000       1.9066
1364.000       1.8616
1386.000       1.3247
1403.000       1.0840
1422.000       1.5635
1438.000       1.6624
1449.000       1.7378
1465.000       1.8121
1475.000       3.3882
1486.000       2.7660
1500.000       1.3954
1519.000       1.5941
1530.000       1.3045
1549.000       1.4803
1568.000       1.3585
1590.000       1.2456
1596.000       1.1303
1614.000       1.0954
1633.000       1.0409
1655.000       1.0607
1665.000       0.9436
1676.000       0.9680
1698.000       1.0539
1717.000       1.0430
1733.000       0.9913
1750.000       1.0982
1760.000       1.1903
1776.000       1.2754
1787.000       1.3420
1809.000       1.2504
1830.000       2.0165
1852.000       3.7313
1866.000       4.2077
1883.000       4.0189
1905.000       3.9299
