   0.494
  -4.850
  -2.552
  -1.897
   4.226
   1.065
  -0.877
   0.139
   0.184
  -0.331
  -1.184
  -3.966
   0.817
  -1.995
  -0.403
  -1.215
   0.071
   3.429
   4.001
   0.157
   2.225
   4.015
   4.297
  -2.137
   0.141
   0.404
   0.767
  -0.330
   3.354
  -2.392
  -1.033
   0.981
  -3.363
   1.640
   3.125
  -3.097
   0.654
  -2.475
  -0.732
   2.421
  -5.182
  -0.796
   6.904
  -5.494
   1.055
   1.126
  -5.044
  -2.111
   0.267
   3.090
   0.924
   0.847
  -0.007
  -0.746
   2.328
  -0.017
 -13.049
   1.086
   2.478
   8.092
   8.653
  -0.977
  -9.527
   6.436
   1.837
   2.401
  -2.785
  -1.978
  -1.391
  -3.039
  -1.386
  -3.148
  -4.662
   2.795
  -0.257
  -3.948
  -0.332
  -1.981
   1.451
  -3.129
   1.040
  -0.154
   1.430
  -3.073
  -3.009
   3.644
  -1.158
   0.364
  -3.584
  -2.517
  -4.647
  -1.384
  -1.590
  -4.195
  -0.779
  -4.333
   2.851
  -0.955
  -3.078
  -1.802
  -0.667
  -0.662
  -2.637
   3.037
   0.431
   1.402
   2.877
   2.108
   0.846
  -0.380
   0.909
   3.536
  -1.207
  -0.894
   4.535
   0.782
  -0.670
   4.688
  -1.168
   0.236
  -2.564
  -4.318
  -0.364
  -1.315
  -5.535
   1.198
   0.137
   2.801
  -2.632
  -0.383
   2.081
   1.746
   1.766
  -1.795
   1.192
  -7.331
  -3.324
   0.039
   2.880
   0.734
  -2.637
   1.583
  -4.163
   1.407
   3.269
   5.511
   1.144
  -2.115
   0.417
   2.345
  -0.112
  -0.059
  -2.339
   1.413
   0.477
  -1.162
   1.387
  -1.463
  -1.753
   2.167
   1.300
  -0.786
  -5.753
   2.412
   0.854
   1.397
  -1.347
  -0.850
   4.956
   1.767
   3.216
  10.948
   4.268
  -2.123
  -1.985
  -1.464
   2.150
  -7.125
  -1.098
   0.339
  -2.688
   1.166
   2.525
   2.013
   2.378
  -1.411
  -2.011
  -1.355
   5.242
  -2.289
  -2.231
  -1.397
   1.103
  -3.638
   0.366
  -0.500
   9.126
  -1.955
   3.501
   1.945
   3.044
   4.228
   1.704
  -4.088
   4.279
  -1.896
   0.085
   0.944
   0.493
  -0.909
   3.047
   0.434
   2.322
  -2.540
  -6.789
   6.650
  -7.373
  -3.391
  -6.680
   4.014
   3.904
  -2.138
  -0.481
   1.017
   1.414
   3.099
  -1.193
   0.040
   4.094
   2.191
  -2.857
  -2.524
  -4.091
   1.041
   2.608
  -0.581
   0.222
   0.734
  -1.098
  -1.824
   0.304
  -1.866
   0.617
  -2.369
  -2.122
  -0.513
   1.682
  -0.220
   2.304
   3.788
   1.091
  -3.922
   3.390
   3.610
   3.917
   0.856
   0.113
   2.921
   0.822
  -2.383
   2.142
  -4.518
  -0.894
   2.129
   2.586
   0.646
   4.068
  -2.314
  -4.181
   0.177
   0.324
   0.133
  -1.242
  -2.871
   0.691
  -4.659
   3.471
   5.891
  -0.479
  -6.025
  -0.789
  -9.006
  -2.149
   0.436
  -0.795
   2.102
   2.685
  -1.462
   0.092
  -0.788
  -0.479
  -0.787
  -0.187
  -0.135
  -0.545
   0.115
   0.117
   0.005
   0.336
   0.808
   1.422
  -0.934
  -0.196
  -0.161
   1.979
   0.457
   2.588
  -0.055
   0.338
   1.557
   2.915
   1.034
  -0.823
   0.248
  -0.938
   0.145
   1.747
  -1.766
   2.232
  -0.021
  -3.153
  -5.212
  -1.193
  -0.712
   1.031
   0.410
  -0.949
   0.857
  -0.751
   0.887
  -0.591
  -0.934
  -0.084
