#Atom            RMSF
  36.000       1.8233
  55.000       1.9191
  74.000       1.7363
  93.000       1.3171
 112.000       1.4060
 134.000       1.3996
 148.000       1.2523
 172.000       1.0580
 191.000       1.1035
 209.000       1.0998
 223.000       1.1074
 242.000       1.1984
 259.000       1.3744
 270.000       1.3302
 286.000       1.1319
 296.000       1.3846
 318.000       1.7244
 332.000       1.5561
 351.000       1.0929
 365.000       1.3925
 372.000       1.1329
 391.000       1.4905
 407.000       1.7683
 424.000       1.9756
 441.000       1.5292
 463.000       1.2699
 473.000       1.3393
 487.000       1.2919
 503.000       1.3545
 519.000       1.3996
 538.000       1.3616
 557.000       1.9257
 564.000       1.3612
 578.000       1.2942
 597.000       1.4106
 613.000       1.4947
 629.000       1.5596
 648.000       1.1530
 664.000       0.9507
 686.000       0.8735
 708.000       0.7399
 724.000       0.6552
 741.000       0.7114
 760.000       0.6645
 781.000       0.6910
 791.000       0.8063
 810.000       0.8761
 820.000       0.9756
 839.000       1.0412
 858.000       1.1955
 880.000       1.3269
 894.000       1.2590
 914.000       1.2581
 928.000       1.2445
 947.000       1.1929
 966.000       1.9886
 982.000       2.4473
1004.000       2.2832
1018.000       1.7814
1032.000       1.8146
1048.000       1.5725
1068.000       1.5009
1098.000       2.1662
1104.000       2.1925
1121.000       1.9457
1128.000       1.7636
1147.000       1.3516
1169.000       1.7245
1179.000       1.7074
1195.000       1.1586
1212.000       1.3162
1231.000       1.7050
1250.000       1.5249
1269.000       1.4952
1288.000       1.8578
1304.000       1.9629
1323.000       2.4059
1337.000       1.9780
1348.000       1.3911
1364.000       1.5529
1386.000       1.5298
1403.000       1.2213
1422.000       1.3773
1438.000       1.6470
1449.000       1.5871
1465.000       1.4069
1475.000       2.6665
1486.000       2.6834
1500.000       1.8115
1519.000       2.1138
1530.000       1.7453
1549.000       1.7375
1568.000       1.4527
1590.000       1.3645
1596.000       1.1628
1614.000       0.9950
1633.000       0.9736
1655.000       0.9300
1665.000       0.7928
1676.000       0.8816
1698.000       0.9192
1717.000       0.8388
1733.000       0.8729
1750.000       0.9718
1760.000       0.9928
1776.000       0.9455
1787.000       1.0308
1809.000       1.0875
1830.000       1.3760
1852.000       2.0808
1866.000       2.2539
1883.000       1.9894
1905.000       2.0246
