#Atom            RMSF
  36.000       1.3668
  55.000       1.4244
  74.000       1.4746
  93.000       1.1831
 112.000       1.1084
 134.000       1.3211
 148.000       1.3526
 172.000       1.1015
 191.000       1.2718
 209.000       1.4134
 223.000       1.4837
 242.000       1.4957
 259.000       1.4121
 270.000       1.3288
 286.000       1.0590
 296.000       1.2052
 318.000       1.4467
 332.000       1.3384
 351.000       0.9991
 365.000       1.2249
 372.000       0.9942
 391.000       1.1068
 407.000       1.2213
 424.000       1.2283
 441.000       0.9595
 463.000       0.9156
 473.000       1.0813
 487.000       1.0143
 503.000       0.9040
 519.000       1.0027
 538.000       1.1064
 557.000       1.2546
 564.000       0.9326
 578.000       1.0681
 597.000       1.1132
 613.000       1.1632
 629.000       1.2028
 648.000       0.8771
 664.000       0.7766
 686.000       0.6989
 708.000       0.5715
 724.000       0.5659
 741.000       0.6740
 760.000       0.6351
 781.000       0.6261
 791.000       0.7840
 810.000       0.9107
 820.000       0.9299
 839.000       0.9701
 858.000       1.2196
 880.000       1.2629
 894.000       1.0921
 914.000       1.1008
 928.000       1.0046
 947.000       1.0424
 966.000       1.5268
 982.000       2.2869
1004.000       2.3394
1018.000       2.0297
1032.000       1.7202
1048.000       1.3592
1068.000       1.0750
1098.000       1.6097
1104.000       1.5893
1121.000       1.4973
1128.000       1.5498
1147.000       1.3569
1169.000       1.6763
1179.000       1.6417
1195.000       1.1715
1212.000       1.2218
1231.000       1.4741
1250.000       1.3246
1269.000       1.1115
1288.000       1.2417
1304.000       1.2650
1323.000       1.4111
1337.000       1.0859
1348.000       0.8104
1364.000       1.0766
1386.000       1.0362
1403.000       0.8263
1422.000       1.0282
1438.000       1.2153
1449.000       0.9577
1465.000       0.8547
1475.000       1.2370
1486.000       1.5598
1500.000       1.2356
1519.000       1.7481
1530.000       1.3010
1549.000       1.6294
1568.000       1.2917
1590.000       1.1944
1596.000       0.9523
1614.000       0.7973
1633.000       0.8024
1655.000       0.7381
1665.000       0.5947
1676.000       0.6120
1698.000       0.6234
1717.000       0.6353
1733.000       0.6799
1750.000       0.7250
1760.000       0.8472
1776.000       0.9355
1787.000       1.0412
1809.000       1.1179
1830.000       1.0351
1852.000       0.8603
1866.000       0.9981
1883.000       0.9137
1905.000       1.2492
