#Atom            RMSF
  36.000       4.5805
  55.000       3.8597
  74.000       3.4750
  93.000       3.3068
 112.000       2.6739
 134.000       2.2743
 148.000       2.3994
 172.000       2.2503
 191.000       1.6123
 209.000       1.5016
 223.000       1.8834
 242.000       2.0390
 259.000       1.7651
 270.000       1.6327
 286.000       1.3178
 296.000       1.3620
 318.000       1.7070
 332.000       1.6055
 351.000       1.2168
 365.000       1.4223
 372.000       1.0994
 391.000       1.2708
 407.000       1.3250
 424.000       1.3222
 441.000       1.0572
 463.000       0.9304
 473.000       1.1168
 487.000       1.1104
 503.000       0.9926
 519.000       1.0032
 538.000       1.1327
 557.000       1.4031
 564.000       1.3834
 578.000       1.7942
 597.000       1.5271
 613.000       1.4592
 629.000       1.4831
 648.000       1.0705
 664.000       0.9218
 686.000       0.9306
 708.000       0.7457
 724.000       0.6510
 741.000       0.7659
 760.000       0.8372
 781.000       0.8467
 791.000       0.9134
 810.000       1.0496
 820.000       1.2165
 839.000       1.2349
 858.000       1.2975
 880.000       1.6165
 894.000       1.4869
 914.000       1.4560
 928.000       1.3547
 947.000       1.1873
 966.000       1.5074
 982.000       2.2415
1004.000       2.4489
1018.000       2.0868
1032.000       2.1833
1048.000       1.6491
1068.000       1.1625
1098.000       1.8053
1104.000       1.8667
1121.000       1.8767
1128.000       1.7662
1147.000       1.5894
1169.000       2.0099
1179.000       1.8203
1195.000       1.3402
1212.000       1.5032
1231.000       1.7093
1250.000       1.4243
1269.000       1.2847
1288.000       1.4973
1304.000       1.5674
1323.000       1.6636
1337.000       1.3173
1348.000       1.1563
1364.000       1.4280
1386.000       1.3704
1403.000       1.1098
1422.000       1.3014
1438.000       1.5328
1449.000       1.2336
1465.000       1.0571
1475.000       1.3656
1486.000       1.8145
1500.000       1.5099
1519.000       1.9876
1530.000       1.4638
1549.000       1.9760
1568.000       1.7271
1590.000       1.5606
1596.000       1.3924
1614.000       1.0838
1633.000       1.0102
1655.000       0.9787
1665.000       0.7680
1676.000       0.8003
1698.000       0.8539
1717.000       0.8297
1733.000       0.8311
1750.000       0.9356
1760.000       0.9929
1776.000       0.9814
1787.000       1.0962
1809.000       1.0682
1830.000       1.0008
1852.000       0.9470
1866.000       1.1046
1883.000       1.1588
1905.000       1.5175
