#Atom            RMSF
  36.000       3.0250
  55.000       2.5705
  74.000       1.7858
  93.000       1.4347
 112.000       1.5303
 134.000       1.9799
 148.000       2.1542
 172.000       1.3349
 191.000       1.6168
 209.000       1.7655
 223.000       1.5559
 242.000       1.6212
 259.000       1.6887
 270.000       1.3599
 286.000       1.0405
 296.000       1.2140
 318.000       1.5131
 332.000       1.3989
 351.000       0.9803
 365.000       1.3154
 372.000       1.0417
 391.000       1.2087
 407.000       1.3590
 424.000       1.3550
 441.000       1.0270
 463.000       0.9722
 473.000       1.1147
 487.000       1.0714
 503.000       0.9366
 519.000       0.9286
 538.000       1.0927
 557.000       1.5038
 564.000       1.0889
 578.000       1.0184
 597.000       1.1656
 613.000       1.1128
 629.000       1.1989
 648.000       0.9439
 664.000       0.8986
 686.000       0.8172
 708.000       0.6467
 724.000       0.6460
 741.000       0.7631
 760.000       0.6934
 781.000       0.6776
 791.000       0.8168
 810.000       0.9275
 820.000       0.9622
 839.000       0.9947
 858.000       1.1978
 880.000       1.3344
 894.000       1.2534
 914.000       1.3325
 928.000       1.2530
 947.000       1.2384
 966.000       2.2595
 982.000       3.2799
1004.000       3.0586
1018.000       2.9611
1032.000       2.6785
1048.000       2.0182
1068.000       2.0348
1098.000       2.2941
1104.000       1.9950
1121.000       2.0193
1128.000       1.5434
1147.000       1.2671
1169.000       1.5383
1179.000       1.4088
1195.000       1.0418
1212.000       1.1229
1231.000       1.4228
1250.000       1.2428
1269.000       1.0485
1288.000       1.2679
1304.000       1.3895
1323.000       1.5405
1337.000       1.1676
1348.000       1.0022
1364.000       1.2840
1386.000       1.1898
1403.000       0.9873
1422.000       1.2028
1438.000       1.3209
1449.000       0.9889
1465.000       0.9470
1475.000       1.7303
1486.000       2.0970
1500.000       1.5371
1519.000       2.0360
1530.000       1.5231
1549.000       1.7439
1568.000       1.4655
1590.000       1.3404
1596.000       1.0441
1614.000       0.8725
1633.000       0.8959
1655.000       0.7910
1665.000       0.6427
1676.000       0.6817
1698.000       0.6918
1717.000       0.6570
1733.000       0.6542
1750.000       0.7011
1760.000       0.7179
1776.000       0.7410
1787.000       0.8852
1809.000       0.8580
1830.000       0.8090
1852.000       0.7679
1866.000       0.8826
1883.000       0.9418
1905.000       1.3300
