  -2.037
  -0.473
  -0.334
   1.019
  -0.385
  -2.023
   0.620
  -0.047
   3.856
   1.236
   0.229
   4.212
   1.680
  -0.467
  -1.450
  -1.243
   3.751
   0.978
  -1.041
   0.406
  -4.820
  -3.821
   1.537
  -1.146
  -0.765
  -1.481
   1.893
  -0.895
   0.738
  -1.308
  -1.084
   1.812
  -1.114
  -2.577
  -1.320
  -1.072
  -2.335
  -1.773
  -7.324
  -0.310
   2.345
   2.738
   3.797
  -2.291
  -1.533
   1.095
  -1.973
  -0.151
   3.231
   1.208
  -1.500
  -1.988
   1.234
   0.985
  -1.370
   5.183
  -1.465
  -1.178
   7.007
  -3.827
   5.171
   4.648
   1.966
   0.882
   0.859
  -0.006
  -2.228
  -0.818
   1.942
   1.921
  -2.037
  -0.580
  -0.434
   1.033
   1.298
  -1.198
  -0.808
  -0.537
  -1.773
   0.887
   0.698
   1.690
  -0.772
  -0.838
  -0.614
   2.707
  -0.722
   0.205
  -0.392
  -0.258
   2.432
   0.801
   0.640
  -1.221
  -1.309
  -0.889
  -0.191
   1.246
  -1.321
   0.649
  -1.976
  -3.054
   0.912
   0.288
   0.354
   2.804
   1.860
  -1.078
   0.817
   2.600
   1.160
   0.714
  -0.336
  -1.791
   3.964
  -0.151
   0.035
  -1.294
  -0.617
   0.816
  -0.461
   0.416
   2.053
   2.274
   0.998
  -0.683
   2.102
   0.183
  -0.113
   2.000
  -0.334
   1.264
   1.214
  -0.391
   3.119
   0.881
  -2.587
  -1.507
   0.284
  -0.778
  -0.259
   1.241
  -2.883
   2.707
   0.505
  -1.367
   1.616
  -0.697
   1.299
  -1.615
  -0.362
   0.389
  -0.272
   0.892
   1.846
  -1.050
  -0.006
   0.954
  -1.333
   0.597
  -0.888
   0.991
   3.847
  -2.315
   2.486
   5.547
  -0.424
  -0.498
  -0.914
   0.034
  -0.480
  -3.159
  -0.362
   0.991
  -0.115
  -1.555
   3.766
   0.400
   1.121
  -1.877
  -0.624
   2.210
  -4.074
  -1.149
  -0.051
   1.603
  -1.145
   4.254
  -0.540
  -0.381
  -0.150
  -1.717
   0.072
   1.606
   0.033
  -0.357
  -1.753
  -1.330
   0.289
   1.422
   0.626
   1.975
  -0.364
   3.220
  -2.423
   0.372
  -0.355
   3.053
  -2.162
  -1.307
  -0.278
   1.055
  -0.878
   1.672
  -0.705
  -0.854
   0.164
  -1.023
   1.114
   1.408
   1.167
   1.768
   1.050
  -0.496
  -1.220
   0.876
   2.405
   0.155
   0.739
  -1.890
   0.797
  -0.965
   1.431
   1.282
  -0.643
  -0.195
   0.110
   0.986
  -3.656
  -0.454
   0.167
   0.305
  -0.260
  -0.753
  -0.589
  -1.002
  -1.377
  -4.843
   0.334
  -3.634
   1.610
   0.120
  -1.294
   0.590
  -0.867
  -2.851
   3.209
   0.333
  -1.338
  -0.465
  -0.539
  -1.941
   6.953
   0.762
   0.550
  -1.872
   0.916
  -0.716
  -0.498
   1.187
  -0.185
  -0.263
   0.032
   0.050
   1.168
   3.299
   0.804
   0.188
   0.769
   2.365
  -5.688
   0.241
   6.633
  -0.282
   4.488
  -0.223
  -3.416
   1.003
  -0.445
  -0.307
   0.146
   0.387
   0.006
  -0.521
  -0.033
   0.134
   0.255
   1.923
  -3.332
  -1.246
   5.764
  -4.961
  -1.896
  -1.376
  -1.982
  -1.689
  -0.010
   0.061
   1.299
  -0.030
  -0.403
   0.130
   0.117
   0.739
  -0.005
  -1.257
  -0.687
   0.424
  -0.013
   4.119
   0.548
   3.651
   2.756
   1.397
  -0.227
   2.204
   0.437
  -1.494
  -0.740
   1.939
   1.124
  -0.252
  -0.756
