  -1.288
   6.632
   0.685
  -2.786
   1.754
  -0.065
   2.580
  -2.639
  -1.936
  -0.801
   0.789
  -1.809
  -2.909
  -1.893
   2.314
   0.323
  -1.503
   0.356
  -2.063
  -1.779
  -1.995
   0.836
  -0.825
   2.232
  -0.265
  -0.197
   1.836
  -1.143
   0.445
  -0.341
   0.490
  -1.582
   2.924
  -2.667
  -3.175
  -1.924
   0.751
   0.789
   0.931
   5.025
  -1.147
   5.957
   2.899
   0.448
  -2.278
  -0.958
  -0.697
  -4.082
  -3.295
  -0.574
  -6.471
   5.148
   2.532
  -0.825
  -1.992
  -1.398
   2.302
  -3.115
  -5.149
   3.451
  -0.701
   3.790
   3.407
   1.420
  -3.793
  -2.356
   1.132
  -0.323
   2.454
  -1.883
   0.054
   2.063
  -1.827
   2.726
   2.541
  -1.559
   0.469
   1.576
   0.238
  -0.668
   1.389
   1.161
   0.142
  -0.423
   0.554
   0.825
  -1.759
  -1.139
  -0.889
  -3.362
   0.370
   1.043
   0.085
  -1.024
  -1.813
  -2.288
   0.094
   0.650
  -1.752
  -0.993
  -1.877
   0.743
   0.627
  -0.715
  -0.514
   0.852
  -0.316
  -0.652
  -0.826
  -1.260
  -0.517
   0.544
   0.942
   3.987
   2.000
  -3.384
  -3.549
  -2.671
   1.758
   2.448
   0.716
   0.648
  -1.296
   1.376
  -2.274
   3.965
   3.384
  -0.847
   1.678
  -0.255
  -2.828
  -3.838
   3.212
   4.422
   1.063
  -2.166
  -0.801
   1.352
   0.101
   1.420
   0.026
   0.220
  -2.597
   0.075
  -0.260
   1.037
   1.043
   1.149
   0.064
  -0.432
   1.740
  -1.861
  -0.369
  -2.293
  -1.021
  -0.150
  -0.038
   0.420
   1.320
   2.241
  -1.177
   2.195
   1.379
   1.272
  -1.101
   0.388
  -1.427
   1.777
   1.828
  -1.920
  -1.480
  -3.856
  -3.850
  -0.683
   0.828
   1.612
   0.620
   3.327
   2.044
  -0.323
  -0.864
   2.010
   0.751
  -0.368
   0.063
   1.487
  -2.595
  -1.786
  -0.158
   4.180
  -1.857
   0.647
  -0.157
  -0.099
  -2.482
  -1.617
   1.206
   2.799
   3.858
  -1.066
   2.181
   4.300
  -2.516
  -5.155
  -4.666
   2.184
  -0.969
   0.258
   0.393
   2.026
  -3.160
  -0.344
  -0.502
   1.500
   2.124
  -2.855
  -0.940
  -3.246
   2.005
  -2.970
   1.809
  -1.761
  -1.696
   3.389
   1.118
   4.998
   0.127
   2.369
  -1.329
   4.127
   0.881
  -0.847
   3.584
  -1.537
  -5.194
  -1.377
  -1.840
   0.810
  -3.896
   1.799
   1.221
  -2.834
  -2.974
  -1.771
   1.661
   1.020
  -2.171
   3.687
  -0.371
   0.883
  -1.066
  -2.514
  -0.740
  -1.493
   1.964
  -0.437
  -0.425
   0.207
   0.534
  -1.234
   2.149
  -2.067
   1.724
  -1.284
  -0.688
  -0.956
  -0.453
   4.466
  -2.493
  -1.255
  -1.894
  -0.098
   2.068
  -1.639
   6.464
  -1.742
  -1.396
   1.243
   0.437
  -0.612
   0.103
  -3.153
  -2.006
   2.494
  -1.450
  -3.547
  -0.233
   1.178
  -2.200
   0.496
  -0.761
   0.825
   1.476
  -0.477
  -2.123
   0.819
  -2.889
  -2.197
  -0.222
  -3.089
   3.469
  -4.680
   0.705
  -0.180
   0.523
   4.781
  -0.577
   1.091
   1.780
   0.312
  -0.496
   1.660
  -0.446
   1.832
  -1.395
  -1.165
   1.560
   2.250
  -0.755
   6.094
  -1.479
  -2.573
  -2.177
  -7.199
   1.988
   0.716
  -1.603
   0.734
   0.228
  -1.639
  -0.909
   1.680
   0.468
