#Atom            RMSF
  36.000       1.9330
  55.000       1.9731
  74.000       1.9105
  93.000       1.5438
 112.000       1.4014
 134.000       1.5887
 148.000       1.7279
 172.000       1.3439
 191.000       1.1797
 209.000       1.3264
 223.000       1.6554
 242.000       1.7931
 259.000       1.5603
 270.000       1.3851
 286.000       1.3167
 296.000       1.4297
 318.000       1.7987
 332.000       1.6031
 351.000       1.1306
 365.000       1.3840
 372.000       1.0442
 391.000       1.2299
 407.000       1.4119
 424.000       1.3710
 441.000       1.0365
 463.000       0.9651
 473.000       1.1263
 487.000       1.0826
 503.000       0.9017
 519.000       0.8839
 538.000       1.1475
 557.000       1.3894
 564.000       1.4655
 578.000       1.8623
 597.000       1.4455
 613.000       1.8214
 629.000       1.6740
 648.000       1.0600
 664.000       0.9236
 686.000       0.9197
 708.000       0.6720
 724.000       0.6113
 741.000       0.7465
 760.000       0.7482
 781.000       0.7345
 791.000       0.8596
 810.000       0.9976
 820.000       1.0720
 839.000       1.1012
 858.000       1.2810
 880.000       1.5217
 894.000       1.4336
 914.000       1.4011
 928.000       1.2365
 947.000       1.0735
 966.000       1.4431
 982.000       2.0919
1004.000       2.2151
1018.000       1.9464
1032.000       1.9860
1048.000       1.5522
1068.000       1.1093
1098.000       1.5344
1104.000       1.6582
1121.000       2.2043
1128.000       1.9697
1147.000       1.6007
1169.000       2.2868
1179.000       1.9541
1195.000       1.2976
1212.000       1.4753
1231.000       1.6446
1250.000       1.3786
1269.000       1.2523
1288.000       1.4185
1304.000       1.3216
1323.000       1.3134
1337.000       1.0578
1348.000       0.7903
1364.000       0.9317
1386.000       1.0436
1403.000       0.9176
1422.000       1.1148
1438.000       1.3882
1449.000       1.2024
1465.000       1.0228
1475.000       1.4394
1486.000       1.7416
1500.000       1.3042
1519.000       1.8321
1530.000       1.3701
1549.000       1.7662
1568.000       1.4493
1590.000       1.3334
1596.000       1.0992
1614.000       0.9093
1633.000       0.9012
1655.000       0.8707
1665.000       0.6886
1676.000       0.7072
1698.000       0.7289
1717.000       0.7105
1733.000       0.7360
1750.000       0.7746
1760.000       0.7499
1776.000       0.7900
1787.000       0.9127
1809.000       0.8771
1830.000       0.9470
1852.000       1.0024
1866.000       1.0710
1883.000       0.9554
1905.000       1.3345
