#Atom            RMSF
  36.000       4.5541
  55.000       3.7575
  74.000       3.7190
  93.000       3.2492
 112.000       2.4493
 134.000       1.8672
 148.000       2.0657
 172.000       1.8398
 191.000       1.6388
 209.000       1.8785
 223.000       1.9848
 242.000       1.5142
 259.000       1.5298
 270.000       1.3754
 286.000       0.9315
 296.000       1.1516
 318.000       1.3854
 332.000       1.3124
 351.000       1.0586
 365.000       1.2788
 372.000       1.0241
 391.000       1.2162
 407.000       1.3695
 424.000       1.4204
 441.000       1.1080
 463.000       0.9669
 473.000       1.1396
 487.000       1.1236
 503.000       1.0874
 519.000       1.2471
 538.000       1.4482
 557.000       1.7929
 564.000       1.6691
 578.000       2.0834
 597.000       1.6414
 613.000       2.0269
 629.000       1.9907
 648.000       1.2054
 664.000       1.0257
 686.000       0.9896
 708.000       0.7467
 724.000       0.6838
 741.000       0.7539
 760.000       0.6824
 781.000       0.6874
 792.000       0.7651
 811.000       0.8666
 821.000       0.9354
 840.000       0.9043
 859.000       1.1138
 881.000       1.5045
 895.000       1.4783
 915.000       1.3797
 929.000       1.2652
 948.000       1.1221
 967.000       1.8660
 983.000       2.5881
1005.000       2.7785
1019.000       1.9974
1033.000       2.2164
1049.000       1.7299
1069.000       1.2872
1099.000       2.0719
1105.000       1.9346
1122.000       2.4134
1129.000       2.4200
1148.000       1.9533
1170.000       2.7537
1180.000       2.5124
1196.000       1.9656
1213.000       1.9051
1232.000       2.0846
1251.000       1.8191
1270.000       1.6317
1289.000       1.7223
1305.000       1.7041
1324.000       1.6573
1338.000       1.3399
1349.000       1.2264
1365.000       1.2591
1387.000       1.1487
1404.000       1.0378
1423.000       1.3299
1439.000       1.4252
1450.000       1.2331
1466.000       1.3755
1476.000       2.4929
1487.000       1.8891
1501.000       1.4182
1520.000       1.7912
1531.000       1.2880
1550.000       1.6395
1569.000       1.2308
1591.000       1.1011
1597.000       0.9929
1615.000       0.8295
1634.000       0.7887
1656.000       0.7443
1666.000       0.6960
1677.000       0.7132
1699.000       0.7238
1718.000       0.7405
1734.000       0.8031
1751.000       0.8807
1761.000       0.9736
1777.000       1.0186
1788.000       1.0893
1810.000       1.2205
1831.000       1.2255
1853.000       1.0011
1867.000       1.2542
1884.000       1.1987
1906.000       1.4735
