  -1.611
  -0.609
  -1.374
   0.629
  -1.511
  -1.631
  -1.440
   0.127
  -0.422
  -1.172
  -0.525
   0.752
   0.558
   0.874
  -1.383
  -1.438
  -0.427
  -0.085
  -0.853
  -1.830
   0.628
  -1.779
   1.271
   0.498
  -0.980
   1.516
   1.452
   1.087
   0.666
   0.263
   1.113
   0.214
  -0.438
  -2.898
   0.253
  -2.548
   1.263
   0.295
   0.572
  -0.567
  -2.265
  -0.326
  -3.830
  -0.798
   1.519
  -4.011
  -0.374
   3.351
   1.858
  -0.328
   3.621
   1.102
  -1.172
   0.436
  -1.203
  -0.410
   0.441
  -0.756
   0.983
   2.183
  -1.033
   0.781
  -5.032
  -0.324
   1.138
   1.908
   1.466
   0.962
   3.880
   0.290
  -1.058
  -0.455
   0.046
  -0.007
  -1.720
  -1.140
  -0.987
   1.713
  -1.048
  -1.503
  -0.773
   0.736
  -0.802
  -2.252
  -1.515
   1.562
  -1.391
   1.641
  -1.110
  -0.075
   1.174
  -0.179
  -1.931
   0.714
   0.424
   2.129
  -1.180
  -0.005
   0.552
  -0.021
   0.132
   0.276
   0.637
  -0.384
  -1.022
   1.502
   1.292
   1.300
  -2.155
   1.265
  -1.536
  -1.365
   4.688
   0.109
   1.179
   0.199
  -1.329
   1.773
  -2.515
  -0.240
   0.162
   2.440
   0.363
   2.572
  -0.194
  -4.331
  -1.354
  -0.932
   0.018
   0.246
   0.311
  -1.794
  -0.082
  -0.397
  -1.197
  -1.070
  -0.322
  -1.697
  -0.275
  -3.020
  -0.337
  -2.191
   4.379
  -0.993
   1.440
   1.993
   0.560
   1.174
  -0.209
   0.019
   0.838
   2.204
  -1.130
  -1.138
  -0.990
  -1.333
  -1.010
  -1.837
   1.649
   1.083
   0.651
   0.421
   0.893
   1.663
   0.074
   1.641
  -2.176
  -1.150
  -5.692
   4.758
  -4.511
  -0.097
   1.658
  -1.852
  -2.384
  -4.091
  -1.163
   0.407
   0.024
   3.146
  -5.711
  -0.145
  -1.583
   0.219
   1.823
  -1.900
  -3.036
   1.391
   1.223
  -0.667
  -0.286
  -0.722
  -1.370
   2.340
   0.518
   0.759
  -0.532
   1.449
  -1.256
  -0.770
  -1.659
   0.232
   1.586
   0.795
  -1.745
  -0.346
   1.152
  -0.544
  -0.284
  -0.858
  -1.432
   1.729
  -0.988
  -0.764
  -0.316
  -0.741
   0.969
   3.378
   0.848
   1.448
   0.857
   0.284
  -2.388
   0.915
   0.944
  -1.058
   0.570
  -0.226
  -0.989
  -0.585
   1.958
   0.291
  -1.523
   0.157
   1.116
   1.774
  -1.268
   0.827
   0.357
  -0.488
  -0.161
   1.071
  -0.497
  -0.200
   1.366
  -2.519
   0.899
  -5.259
   1.918
  -2.072
   2.194
   0.951
  -1.382
  -1.421
   1.141
  -0.598
  -0.563
  -1.255
  -2.765
  -1.263
  -2.673
  -0.615
  -1.185
   0.215
   1.419
  -0.588
  -1.346
  -1.495
  -2.197
   0.264
  -1.017
   1.880
   0.301
   1.025
  -2.433
  -1.767
   0.171
  -3.950
  -0.981
   1.515
  -1.664
   0.969
   0.937
  -1.602
   0.427
   1.056
  -0.742
  -0.441
  -0.139
  -0.598
  -3.635
  -7.719
   2.463
  -0.446
   4.048
   1.183
   1.380
  -0.414
   0.452
   0.311
   1.264
  -1.218
   0.863
  -0.725
  -0.888
   1.472
  -0.051
   0.649
  -1.956
   0.065
   1.439
  -0.042
   1.080
  -0.429
   0.807
   1.583
  -1.018
  -0.280
  -0.943
  -0.502
   0.093
   0.523
  -0.149
  -0.087
  -0.541
   0.548
  -0.972
  -0.132
   0.663
  -0.009
   0.107
  -0.349
  -0.802
