#Atom            RMSF
  36.000       1.2862
  55.000       1.4529
  74.000       1.3234
  93.000       1.0635
 112.000       1.1480
 134.000       1.2486
 148.000       1.3298
 172.000       1.2981
 191.000       1.2694
 209.000       1.5359
 223.000       1.6651
 242.000       1.4832
 259.000       1.5255
 270.000       1.3026
 286.000       0.8946
 296.000       1.0961
 318.000       1.3927
 332.000       1.3295
 351.000       1.0475
 365.000       1.1916
 372.000       1.0153
 391.000       1.2493
 407.000       1.3653
 424.000       1.3489
 441.000       0.9640
 463.000       0.9479
 473.000       1.0155
 487.000       0.9932
 503.000       0.9627
 519.000       1.1076
 538.000       1.3101
 557.000       1.5164
 564.000       0.9729
 578.000       1.2144
 597.000       1.1729
 613.000       1.2201
 629.000       1.2493
 648.000       0.9319
 664.000       0.8250
 686.000       0.7519
 708.000       0.6250
 724.000       0.6044
 741.000       0.6661
 760.000       0.6134
 781.000       0.6634
 792.000       0.7590
 811.000       0.8351
 821.000       0.8866
 840.000       0.9068
 859.000       1.0389
 881.000       1.3133
 895.000       1.2167
 915.000       1.3407
 929.000       1.2164
 948.000       1.0771
 967.000       2.0900
 983.000       3.3353
1005.000       3.6367
1019.000       2.9849
1033.000       2.6973
1049.000       1.7139
1069.000       1.0006
1099.000       1.4868
1105.000       1.4317
1122.000       1.1925
1129.000       1.1316
1148.000       1.2378
1170.000       1.3226
1180.000       1.1362
1196.000       1.0579
1213.000       1.0326
1232.000       1.2569
1251.000       1.2680
1270.000       1.0535
1289.000       1.1173
1305.000       1.1604
1324.000       1.2801
1338.000       1.0629
1349.000       0.8984
1365.000       1.0643
1387.000       1.0985
1404.000       0.9728
1423.000       1.1128
1439.000       1.2537
1450.000       0.9820
1466.000       1.0811
1476.000       2.0141
1487.000       2.2468
1501.000       1.9363
1520.000       1.9184
1531.000       1.4021
1550.000       1.7775
1569.000       1.3456
1591.000       1.2084
1597.000       0.9294
1615.000       0.8333
1634.000       0.9128
1656.000       0.8115
1666.000       0.6739
1677.000       0.7146
1699.000       0.7693
1718.000       0.6888
1734.000       0.7090
1751.000       0.7913
1761.000       0.8130
1777.000       0.8379
1788.000       0.9245
1810.000       1.0457
1831.000       1.0607
1853.000       0.8437
1867.000       0.9740
1884.000       1.0095
1906.000       1.2755
