   0.775
  -0.153
  -0.432
  -0.425
   0.757
   0.470
  -0.971
   1.188
   0.317
   0.096
   0.982
  -1.378
   0.363
  -0.489
  -1.331
  -0.513
  -1.853
  -0.545
   0.864
   0.177
   0.789
   1.373
  -2.804
  -0.122
  -0.309
  -3.678
   1.128
   0.121
  -1.154
  -0.817
  -0.782
   0.540
  -0.974
   2.220
   3.273
   1.333
  -2.667
  -2.007
   2.224
   1.541
  -0.470
  -2.386
  -0.938
   1.175
   0.613
   0.021
  -0.281
  -2.012
  -5.053
  -6.548
   0.406
  -0.353
  -3.413
   5.730
   1.047
   4.328
  -0.568
   1.649
   1.840
  -0.321
   1.458
  -4.096
  -1.301
  -0.786
   2.266
  -3.361
   3.485
  -0.343
  -1.980
  -0.456
  -2.120
  -1.405
   0.453
   1.768
  -1.658
   0.992
   2.699
   1.598
  -1.456
  -0.958
   1.252
  -1.053
  -0.037
   0.282
  -0.242
   3.052
  -0.296
   0.704
  -0.378
  -0.207
   0.475
   2.088
   2.273
  -1.069
  -1.598
   0.575
  -0.129
  -0.801
  -1.714
  -0.159
  -0.067
  -1.371
   1.353
  -1.717
  -0.033
  -3.270
  -1.053
   2.915
  -1.774
   1.688
   1.500
  -3.996
  -1.795
   1.956
  -0.439
  -0.948
  -3.377
  -0.430
   2.341
  -1.947
  -1.517
   1.107
  -2.197
  -0.283
   2.234
  -2.133
   0.637
  -1.754
  -0.902
  -1.033
  -0.232
  -3.290
   2.521
   1.408
  -1.491
   0.081
  -3.424
   2.495
   3.134
   0.166
   0.765
  -3.720
  -0.463
  -2.679
   0.979
   1.596
   3.470
   2.142
   0.125
  -1.699
   2.137
  -0.885
  -1.639
  -1.407
  -2.062
  -0.015
  -0.098
   0.038
   2.124
   2.949
   0.478
   1.175
  -0.097
   3.539
   2.249
  -0.372
   0.288
   1.297
  -0.290
   3.061
   1.327
  -1.202
  -2.819
  -0.264
  -0.337
   0.344
   0.043
  -1.680
   3.189
   0.920
  -0.610
  -0.428
  -2.273
  -0.560
   1.821
   1.117
   1.022
  -2.158
   0.346
  -1.362
  -1.931
  -2.933
  -4.497
   2.003
  -0.768
   1.365
  -0.453
  -0.814
  -1.398
   6.001
   0.679
   2.081
   1.898
  -1.076
   1.024
   5.738
  -4.223
   1.772
   2.023
   1.307
   1.894
   3.962
   1.868
  -5.052
  -0.215
  -2.032
  -0.646
   4.128
  -1.475
  -3.625
  -3.984
   4.134
   2.156
  -0.589
  -0.145
  -2.521
   1.249
   2.578
  -9.482
  -0.979
   2.854
   2.129
   0.808
   0.110
  -0.444
  -0.539
   0.798
  -1.600
  -2.933
  -0.464
  -1.995
  -2.224
   2.646
  -2.066
   0.135
  -4.262
  -2.844
  -2.297
  -2.226
   1.643
  -2.237
  -1.426
  -3.153
   0.009
   0.029
   2.447
  -0.222
   1.715
   3.255
   2.294
  -2.907
  -1.724
  -0.685
  -1.893
   0.551
   3.224
   4.252
  -1.512
  -1.419
   0.571
   0.278
  -1.216
   1.009
   0.199
  -0.994
   0.491
  -1.962
  -0.536
   0.270
  -0.064
   0.626
  -1.595
   0.880
  -0.552
   2.235
   0.792
   0.167
   0.146
   4.273
  -1.480
  -0.271
  -1.441
  -0.188
   5.694
   1.238
   2.179
  -2.262
  -1.270
  -0.226
   2.000
   0.545
  -2.163
   0.886
   2.850
  -0.887
   4.745
  -0.896
   0.681
   2.574
  -0.977
  -1.433
   1.462
   1.967
  -0.981
  -0.914
  -1.208
   1.432
  -7.795
   2.331
  -4.246
   3.084
   1.194
   0.678
  -0.246
   2.623
  -6.155
   0.893
  -1.913
   1.215
   4.177
  -1.417
  -1.520
   0.524
