  -0.491
   0.693
  -0.562
   1.400
   0.853
   1.447
  -0.238
   0.859
   0.306
  -1.304
   0.735
   0.518
  -0.157
   3.036
   0.161
  -0.946
  -1.210
  -0.650
  -0.346
  -0.333
   0.538
   2.238
   0.613
   2.343
   1.342
   0.288
   0.564
   0.376
  -0.653
  -0.610
  -1.509
  -0.722
  -0.825
  -0.974
   1.859
  -1.570
   0.687
  -0.600
   0.403
   1.498
   2.041
  -0.672
   4.250
  -1.870
  -0.292
   3.778
   0.332
  -1.582
  -1.508
  -1.470
  -1.859
   2.365
  -0.371
  -0.574
   0.311
  -0.755
  -1.133
  -1.935
  -0.187
  -1.775
   0.563
   1.408
   3.452
  -0.146
  -0.319
  -1.382
  -0.828
  -1.730
  -1.261
  -0.230
  -0.973
   0.162
   0.590
   2.723
   0.748
   0.536
   1.399
  -0.264
   1.349
   1.904
   1.667
   0.620
   0.001
   0.480
   1.618
  -0.971
  -0.598
   0.025
   0.241
   0.404
  -1.862
  -1.044
  -1.700
   0.100
   0.516
  -0.122
   0.093
  -1.076
   0.448
  -0.025
  -0.090
  -0.486
  -0.100
  -1.087
  -0.690
   1.323
  -0.204
  -2.027
   0.621
   0.031
  -1.267
   0.807
   0.982
   0.554
  -1.110
   0.245
   2.694
   0.205
   0.240
  -0.686
   1.366
  -0.135
  -0.858
   1.341
  -0.301
   0.836
  -0.321
   0.511
   1.263
  -1.170
  -0.125
  -0.384
  -0.096
   2.473
  -1.167
   0.201
  -0.204
   1.261
  -0.585
   0.750
   0.585
   0.751
   0.133
  -0.545
  -1.221
   0.238
   0.641
   0.067
   0.693
   2.177
   1.090
   0.872
   0.315
  -0.504
   0.319
  -0.659
   0.543
   1.170
   1.463
  -1.014
   0.082
   0.113
   0.672
   1.327
   0.855
  -0.587
   1.692
  -0.828
   1.456
   0.987
  -0.736
  -0.809
  -0.736
   0.368
   1.498
   1.702
   2.279
  -0.253
  -0.368
  -0.168
  -1.067
   0.445
   0.566
  -2.079
  -0.833
  -0.233
   0.469
   1.544
  -2.639
  -1.854
  -0.060
   1.087
   0.595
  -1.209
  -1.595
  -0.180
  -1.006
  -1.282
   0.972
  -0.830
   3.002
  -0.778
  -1.075
   0.582
   0.870
  -1.374
  -1.077
  -0.694
   0.515
   0.933
  -0.413
   0.475
  -0.208
  -0.312
  -0.132
  -0.391
   0.513
   0.011
   0.741
   1.627
   1.348
  -0.348
  -0.582
  -0.853
   0.939
  -1.175
  -0.540
   0.997
   1.319
  -1.461
  -1.383
   0.566
  -0.027
   1.081
  -1.363
  -0.320
  -0.281
   0.640
   0.115
   1.130
  -0.314
  -0.985
  -0.474
   0.677
   0.593
  -0.125
   0.472
  -0.330
   1.465
  -1.527
   1.012
  -2.565
   1.110
  -1.013
  -0.359
  -0.925
   2.149
   2.626
  -1.989
  -0.836
   0.823
  -0.462
   0.117
   0.318
  -0.617
  -1.159
   0.862
  -0.064
   1.005
  -0.186
   1.298
  -0.490
   0.338
   1.008
  -0.425
  -0.881
   0.510
   1.139
  -1.898
   1.153
   1.280
   1.314
  -1.661
   1.495
   1.461
  -0.204
  -2.449
  -0.571
   1.345
  -0.433
   4.760
  -0.742
  -2.589
  -1.324
   1.415
  -0.211
  -0.099
  -0.375
   0.804
  -0.636
   1.102
   1.397
   0.597
   1.232
   0.551
   0.108
   0.548
  -1.701
   0.684
   0.169
  -0.804
  -2.258
   2.461
   1.236
  -0.745
   2.310
  -0.574
  -3.728
   1.613
   0.526
   1.540
   2.239
   1.469
  -2.556
  -0.775
   2.628
   0.814
  -0.031
  -0.490
  -0.093
  -0.197
  -0.160
   0.565
