#Atom            RMSF
  36.000       1.6339
  55.000       1.7578
  74.000       1.7001
  93.000       1.3255
 112.000       1.2584
 134.000       1.5195
 148.000       1.5510
 172.000       1.1606
 191.000       1.0999
 209.000       1.1766
 223.000       1.3309
 242.000       1.4277
 259.000       1.3881
 270.000       1.4045
 286.000       1.2295
 296.000       1.3091
 318.000       1.7258
 332.000       1.5467
 351.000       1.0342
 365.000       1.3029
 372.000       1.0302
 391.000       1.2264
 407.000       1.3187
 424.000       1.2790
 441.000       0.9969
 463.000       0.8967
 473.000       1.0117
 487.000       0.9831
 503.000       0.8806
 519.000       0.8851
 538.000       1.0389
 557.000       1.2265
 564.000       1.2083
 578.000       1.6826
 597.000       1.3677
 613.000       1.7190
 629.000       1.5258
 648.000       1.0163
 664.000       0.8359
 686.000       0.8425
 708.000       0.6647
 724.000       0.5917
 741.000       0.7237
 760.000       0.7308
 781.000       0.7236
 791.000       0.8869
 810.000       1.0319
 820.000       1.1093
 839.000       1.1954
 858.000       1.3802
 880.000       1.4779
 894.000       1.2870
 914.000       1.2464
 928.000       1.1529
 947.000       0.9990
 966.000       1.3795
 982.000       1.9778
1004.000       1.9803
1018.000       1.9965
1032.000       1.8007
1048.000       1.3778
1068.000       1.0258
1098.000       1.3828
1104.000       1.6144
1121.000       1.8561
1128.000       1.6074
1147.000       1.5879
1169.000       2.0095
1179.000       1.6655
1195.000       1.2642
1212.000       1.3653
1231.000       1.4881
1250.000       1.2655
1269.000       1.1689
1288.000       1.2750
1304.000       1.2517
1323.000       1.2547
1337.000       0.9884
1348.000       0.8061
1364.000       0.9479
1386.000       0.9753
1403.000       0.8567
1422.000       1.0412
1438.000       1.2427
1449.000       1.0238
1465.000       0.9129
1475.000       1.2965
1486.000       1.6403
1500.000       1.3132
1519.000       1.8306
1530.000       1.4487
1549.000       1.8981
1568.000       1.6240
1590.000       1.5086
1596.000       1.2418
1614.000       0.9964
1633.000       0.9613
1655.000       0.9362
1665.000       0.7004
1676.000       0.6803
1698.000       0.7164
1717.000       0.7220
1733.000       0.7136
1750.000       0.7490
1760.000       0.8062
1776.000       0.8196
1787.000       0.9375
1809.000       0.8693
1830.000       0.9008
1852.000       0.9448
1866.000       0.9846
1883.000       0.8862
1905.000       1.2329
