#Atom            RMSF
  36.000       1.7413
  55.000       1.8183
  74.000       1.6469
  93.000       1.2452
 112.000       1.3277
 134.000       1.3243
 148.000       1.2256
 172.000       1.0169
 191.000       1.0474
 209.000       1.0886
 223.000       1.0727
 242.000       1.1276
 259.000       1.3068
 270.000       1.2366
 286.000       1.0504
 296.000       1.2729
 318.000       1.5785
 332.000       1.4261
 351.000       1.0340
 365.000       1.3394
 372.000       1.0791
 391.000       1.3860
 407.000       1.5697
 424.000       1.7046
 441.000       1.3395
 463.000       1.1084
 473.000       1.2105
 487.000       1.1631
 503.000       1.2076
 519.000       1.2963
 538.000       1.2812
 557.000       1.7732
 564.000       1.2790
 578.000       1.2674
 597.000       1.3788
 613.000       1.5592
 629.000       1.5719
 648.000       1.1612
 664.000       0.9345
 686.000       0.8796
 708.000       0.7461
 724.000       0.6415
 741.000       0.6919
 760.000       0.6489
 781.000       0.6821
 791.000       0.7938
 810.000       0.8584
 820.000       0.9608
 839.000       1.0351
 858.000       1.2080
 880.000       1.3398
 894.000       1.2543
 914.000       1.2465
 928.000       1.2390
 947.000       1.1590
 966.000       1.9867
 982.000       2.4423
1004.000       2.2325
1018.000       1.7401
1032.000       1.7775
1048.000       1.5315
1068.000       1.4431
1098.000       2.0495
1104.000       2.0758
1121.000       1.8934
1128.000       1.7389
1147.000       1.3347
1169.000       1.7268
1179.000       1.7040
1195.000       1.1494
1212.000       1.2963
1231.000       1.6657
1250.000       1.4608
1269.000       1.4028
1288.000       1.7222
1304.000       1.7908
1323.000       2.1346
1337.000       1.7450
1348.000       1.2448
1364.000       1.4095
1386.000       1.3970
1403.000       1.1331
1422.000       1.2969
1438.000       1.5415
1449.000       1.4712
1465.000       1.3100
1475.000       2.4811
1486.000       2.5690
1500.000       1.7749
1519.000       2.0426
1530.000       1.6885
1549.000       1.6958
1568.000       1.4159
1590.000       1.3347
1596.000       1.1563
1614.000       0.9633
1633.000       0.9251
1655.000       0.8888
1665.000       0.7510
1676.000       0.8395
1698.000       0.8761
1717.000       0.7948
1733.000       0.8216
1750.000       0.9334
1760.000       0.9434
1776.000       0.8987
1787.000       1.0094
1809.000       1.0473
1830.000       1.2726
1852.000       1.8581
1866.000       2.0284
1883.000       1.7770
1905.000       1.8253
