  -1.102
   0.600
   0.669
  -1.097
   1.188
  -0.090
  -0.780
   1.921
  -1.823
  -0.210
   1.655
  -1.493
  -1.352
  -0.083
   0.316
   0.015
   0.551
  -1.066
  -0.902
   0.429
   0.217
   0.829
   0.103
   1.989
   2.134
   2.715
   1.094
  -1.213
   2.470
   0.528
   3.803
   2.075
  -5.799
   0.397
  -0.298
   1.093
  -1.831
   0.841
  -6.287
  -0.542
  -0.462
   0.651
   0.149
  -1.826
  -7.025
   1.032
  -0.935
  -0.261
   3.867
  -1.106
   2.861
  -2.086
  -0.421
  -2.171
  -5.916
   0.630
   0.593
   2.301
   1.212
  -2.531
  -7.065
  -7.526
  -0.369
   2.441
   3.382
   8.247
   3.269
  -0.843
  -4.953
   2.891
   7.178
   1.463
  -1.085
   2.067
  -2.773
  -1.783
  -2.966
  -0.320
  -1.615
   1.585
  -1.595
  -0.883
  -0.319
  -0.140
   0.918
  -0.141
  -2.383
   0.852
   1.843
  -0.358
  -1.626
   2.627
  -3.276
   0.753
   2.038
  -0.971
   0.628
   1.992
   1.909
  -0.580
   1.016
   0.547
  -0.850
   0.043
  -2.170
  -3.718
   0.306
  -1.894
   2.827
   3.378
   3.444
   0.400
   1.570
   1.071
   1.640
  -0.198
  -1.883
   2.127
   1.501
   0.149
   0.165
  -3.224
   3.924
   5.212
  -2.795
  -0.311
   3.474
   1.164
  -2.066
  -2.928
  -2.006
   1.874
  -0.928
   1.293
   3.092
   1.975
  -5.637
  -2.065
  -0.382
  -0.318
   0.214
  -1.170
  -0.517
  -0.914
   2.689
   0.528
  -0.891
   0.427
   2.685
  -4.705
   1.381
  -0.516
  -3.367
  -0.652
   0.209
  -0.322
   1.794
   2.682
   1.663
   1.552
  -3.660
   1.537
  -3.458
   2.659
   2.896
   2.975
  -1.708
  -0.276
   0.403
   0.149
   2.250
   0.164
  -3.097
   1.884
   6.012
   5.432
  -1.113
   0.695
   0.458
   4.653
  -0.437
   3.829
   3.979
   6.475
   1.527
  -3.957
  -5.686
   2.157
   3.216
  -5.261
  -0.970
  -2.672
   1.829
  -5.775
   4.340
   6.985
   2.455
  -4.353
  -1.129
   5.854
  -0.706
   0.307
  -3.926
  -2.642
   0.717
   2.859
  -2.535
   1.467
   0.521
  -1.129
  -6.646
  -0.107
  -1.211
   1.788
   0.404
  -1.055
  -1.168
   0.780
   0.700
   2.269
  -7.983
   1.828
  -3.619
  -1.604
   0.307
   1.079
   3.103
   2.008
   0.492
   0.429
  -1.880
  -2.189
   1.189
   2.683
   0.777
  -0.338
   1.394
   1.042
  -1.825
  -1.203
   3.351
   4.280
  -3.450
  -2.529
   2.314
   2.798
  -2.489
  -0.556
  -3.486
  -0.915
   0.345
  -1.817
  -0.752
  -0.781
  -0.825
  -2.513
   6.214
  -1.523
  -0.827
   1.606
   2.162
  -2.418
   1.957
   1.353
   0.862
  -0.683
  -1.466
  -3.808
   0.131
   1.528
   1.466
   1.589
  -2.083
  -1.252
   2.850
   1.994
  -4.123
   1.729
  -4.079
  -1.023
   4.245
  -1.348
  -0.222
  -1.287
  -4.580
   2.797
   0.436
  -1.292
  -1.986
  -0.091
   1.455
  -2.981
  -1.927
  -0.177
  -3.488
   0.795
   2.173
   0.305
  -0.193
  -0.901
   0.690
  -0.769
   0.564
  -1.921
  -0.301
   0.803
   2.675
   2.988
  -0.540
  -1.081
   0.912
   0.436
   2.294
   0.148
  -1.185
  -0.007
   1.277
   1.538
   2.059
  -1.592
  -0.216
   0.019
   1.638
  -0.272
  -1.350
   0.381
   1.381
   0.143
  -0.854
  -4.425
   0.723
   0.535
   3.878
