#Atom            RMSF
  36.000       1.2741
  55.000       1.4460
  74.000       1.1440
  93.000       0.9004
 112.000       1.1343
 134.000       1.3704
 148.000       1.3830
 172.000       1.0860
 191.000       1.0467
 209.000       1.1535
 223.000       1.3085
 242.000       0.9727
 259.000       1.0146
 270.000       1.0334
 286.000       0.6684
 296.000       0.7068
 318.000       0.9948
 332.000       0.9819
 351.000       0.8644
 365.000       0.9229
 372.000       0.7256
 391.000       0.8982
 407.000       1.1382
 424.000       1.2168
 441.000       0.8724
 463.000       0.7592
 473.000       0.9555
 487.000       0.9842
 503.000       0.7754
 519.000       0.6816
 538.000       0.9733
 557.000       1.3270
 564.000       1.5991
 578.000       1.6938
 597.000       1.6060
 613.000       1.6735
 629.000       1.4788
 648.000       1.0064
 664.000       0.8462
 686.000       0.6773
 708.000       0.5414
 724.000       0.5257
 741.000       0.5895
 760.000       0.5229
 781.000       0.5479
 792.000       0.6399
 811.000       0.7034
 821.000       0.6711
 840.000       0.5669
 859.000       0.7759
 881.000       1.0319
 895.000       0.9010
 915.000       0.7799
 929.000       0.6645
 948.000       0.6330
 967.000       1.0613
 983.000       1.5705
1005.000       1.6955
1019.000       1.2761
1033.000       1.2154
1049.000       0.8108
1069.000       0.7006
1099.000       1.0749
1105.000       1.4157
1122.000       1.1545
1129.000       1.0633
1148.000       1.3090
1170.000       1.2632
1180.000       1.0462
1196.000       1.1297
1213.000       1.0229
1232.000       0.9907
1251.000       1.2303
1270.000       1.1979
1289.000       1.2759
1305.000       1.2860
1324.000       1.2726
1338.000       0.9231
1349.000       0.7670
1365.000       0.9085
1387.000       0.8047
1404.000       0.7234
1423.000       0.7943
1439.000       1.0236
1450.000       0.8108
1466.000       0.7056
1476.000       0.9772
1487.000       1.2540
1501.000       0.9469
1520.000       1.6829
1531.000       1.1057
1550.000       1.4669
1569.000       0.9993
1591.000       0.8858
1597.000       0.7526
1615.000       0.6185
1634.000       0.5605
1656.000       0.5647
1666.000       0.5413
1677.000       0.5006
1699.000       0.4817
1718.000       0.5479
1734.000       0.6076
1751.000       0.5872
1761.000       0.6650
1777.000       0.6902
1788.000       0.8138
1810.000       0.9217
1831.000       0.7480
1853.000       0.6340
1867.000       0.7508
1884.000       0.8403
1906.000       0.9866
