#Atom            RMSF
  36.000       1.7728
  55.000       1.9558
  74.000       1.6779
  93.000       1.2479
 112.000       1.4446
 134.000       1.4283
 148.000       1.3541
 172.000       1.1129
 191.000       1.0329
 209.000       1.1396
 223.000       1.1641
 242.000       1.1820
 259.000       1.3527
 270.000       1.2151
 286.000       1.0162
 296.000       1.2138
 318.000       1.4168
 332.000       1.2744
 351.000       1.0377
 365.000       1.3249
 372.000       1.0483
 391.000       1.2588
 407.000       1.3471
 424.000       1.3778
 441.000       1.0671
 463.000       0.9147
 473.000       1.0675
 487.000       1.0752
 503.000       1.0892
 519.000       1.1740
 538.000       1.2273
 557.000       1.6659
 564.000       1.1978
 578.000       1.2507
 597.000       1.3382
 613.000       1.5811
 629.000       1.5103
 648.000       1.0916
 664.000       0.8724
 686.000       0.8325
 708.000       0.7084
 724.000       0.6246
 741.000       0.6727
 760.000       0.6491
 781.000       0.6837
 791.000       0.8061
 810.000       0.8733
 820.000       0.9775
 839.000       1.0843
 858.000       1.2748
 880.000       1.4185
 894.000       1.3182
 914.000       1.2763
 928.000       1.2546
 947.000       1.1463
 966.000       2.0462
 982.000       2.4144
1004.000       2.1620
1018.000       1.7568
1032.000       1.7889
1048.000       1.4631
1068.000       1.3160
1098.000       1.8989
1104.000       1.8316
1121.000       1.8518
1128.000       1.8029
1147.000       1.2975
1169.000       1.8839
1179.000       1.8831
1195.000       1.2198
1212.000       1.3137
1231.000       1.6510
1250.000       1.4181
1269.000       1.2401
1288.000       1.4179
1304.000       1.3932
1323.000       1.5008
1337.000       1.2108
1348.000       0.8959
1364.000       1.0432
1386.000       1.0416
1403.000       0.8733
1422.000       1.1169
1438.000       1.3263
1449.000       1.1608
1465.000       1.0868
1475.000       1.9883
1486.000       2.1477
1500.000       1.8556
1519.000       1.8470
1530.000       1.6995
1549.000       1.5099
1568.000       1.2898
1590.000       1.1932
1596.000       1.0163
1614.000       0.8514
1633.000       0.8330
1655.000       0.8424
1665.000       0.6961
1676.000       0.7274
1698.000       0.7761
1717.000       0.7326
1733.000       0.7193
1750.000       0.8098
1760.000       0.8022
1776.000       0.7933
1787.000       0.9086
1809.000       0.9209
1830.000       1.0182
1852.000       1.4105
1866.000       1.6232
1883.000       1.5042
1905.000       1.5328
