1			-5.7261E+04
5			-5.7271E+04
10			-5.7297E+04
15			-5.7347E+04
20			-5.7398E+04
25			-5.7416E+04
30			-5.7427E+04
35			-5.7438E+04
40			-5.7446E+04
45			-5.7454E+04
50			-5.7461E+04
55			-5.7469E+04
60			-5.7478E+04
65			-5.7480E+04
70			-5.7486E+04
75			-5.7495E+04
80			-5.7500E+04
85			-5.7505E+04
90			-5.7510E+04
95			-5.7515E+04
100			-5.7519E+04
105			-5.7522E+04
110			-5.7527E+04
115			-5.7530E+04
120			-5.7534E+04
125			-5.7538E+04
130			-5.7541E+04
135			-5.7546E+04
140			-5.7547E+04
145			-5.7551E+04
150			-5.7554E+04
155			-5.7559E+04
160			-5.7562E+04
165			-5.7565E+04
170			-5.7568E+04
175			-5.7571E+04
180			-5.7574E+04
185			-5.7577E+04
190			-5.7579E+04
195			-5.7582E+04
200			-5.7584E+04
205			-5.7587E+04
210			-5.7590E+04
215			-5.7592E+04
220			-5.7594E+04
225			-5.7597E+04
230			-5.7600E+04
235			-5.7601E+04
240			-5.7604E+04
245			-5.7606E+04
250			-5.7610E+04
255			-5.7611E+04
260			-5.7614E+04
265			-5.7616E+04
270			-5.7618E+04
275			-5.7620E+04
280			-5.7622E+04
285			-5.7624E+04
290			-5.7626E+04
295			-5.7628E+04
300			-5.7630E+04
305			-5.7631E+04
310			-5.7633E+04
315			-5.7635E+04
320			-5.7636E+04
325			-5.7639E+04
330			-5.7640E+04
335			-5.7641E+04
340			-5.7643E+04
345			-5.7645E+04
350			-5.7647E+04
355			-5.7648E+04
360			-5.7650E+04
365			-5.7651E+04
370			-5.7653E+04
375			-5.7654E+04
380			-5.7656E+04
385			-5.7657E+04
390			-5.7659E+04
395			-5.7660E+04
400			-5.7661E+04
405			-5.7663E+04
410			-5.7664E+04
415			-5.7665E+04
420			-5.7666E+04
425			-5.7668E+04
430			-5.7670E+04
435			-5.7670E+04
440			-5.7671E+04
445			-5.7673E+04
450			-5.7675E+04
455			-5.7676E+04
460			-5.7677E+04
465			-5.7678E+04
470			-5.7680E+04
475			-5.7681E+04
480			-5.7682E+04
485			-5.7683E+04
490			-5.7685E+04
495			-5.7686E+04
500			-5.7687E+04
505			-5.7688E+04
510			-5.7689E+04
515			-5.7690E+04
520			-5.7691E+04
525			-5.7693E+04
530			-5.7694E+04
535			-5.7695E+04
540			-5.7696E+04
545			-5.7697E+04
550			-5.7698E+04
555			-5.7699E+04
560			-5.7700E+04
565			-5.7702E+04
570			-5.7703E+04
575			-5.7704E+04
580			-5.7705E+04
585			-5.7706E+04
590			-5.7707E+04
595			-5.7709E+04
600			-5.7710E+04
605			-5.7711E+04
610			-5.7712E+04
615			-5.7713E+04
620			-5.7714E+04
625			-5.7715E+04
630			-5.7716E+04
635			-5.7717E+04
640			-5.7718E+04
645			-5.7719E+04
650			-5.7720E+04
655			-5.7722E+04
660			-5.7722E+04
665			-5.7723E+04
670			-5.7724E+04
675			-5.7725E+04
680			-5.7727E+04
685			-5.7728E+04
690			-5.7729E+04
695			-5.7730E+04
700			-5.7731E+04
705			-5.7732E+04
710			-5.7733E+04
715			-5.7734E+04
720			-5.7734E+04
725			-5.7735E+04
730			-5.7736E+04
735			-5.7737E+04
740			-5.7738E+04
745			-5.7739E+04
750			-5.7740E+04
755			-5.7740E+04
760			-5.7741E+04
765			-5.7743E+04
770			-5.7743E+04
775			-5.7744E+04
780			-5.7745E+04
785			-5.7745E+04
790			-5.7747E+04
795			-5.7747E+04
800			-5.7748E+04
805			-5.7749E+04
810			-5.7750E+04
815			-5.7751E+04
820			-5.7752E+04
825			-5.7752E+04
830			-5.7753E+04
835			-5.7754E+04
840			-5.7755E+04
845			-5.7755E+04
850			-5.7756E+04
855			-5.7757E+04
860			-5.7758E+04
865			-5.7758E+04
870			-5.7759E+04
875			-5.7760E+04
880			-5.7761E+04
885			-5.7761E+04
890			-5.7762E+04
895			-5.7763E+04
900			-5.7764E+04
905			-5.7765E+04
910			-5.7765E+04
915			-5.7766E+04
920			-5.7767E+04
925			-5.7768E+04
930			-5.7768E+04
935			-5.7769E+04
940			-5.7770E+04
945			-5.7770E+04
950			-5.7771E+04
955			-5.7772E+04
960			-5.7773E+04
965			-5.7773E+04
970			-5.7774E+04
975			-5.7774E+04
980			-5.7775E+04
985			-5.7776E+04
990			-5.7777E+04
995			-5.7777E+04
1000			-5.7778E+04
1005			-5.7779E+04
1010			-5.7817E+04
1015			-5.7831E+04
1020			-5.7835E+04
1025			-5.7843E+04
1030			-5.7845E+04
1035			-5.7849E+04
1040			-5.7852E+04
1045			-5.7853E+04
1050			-5.7857E+04
1055			-5.7858E+04
1060			-5.7859E+04
1065			-5.7861E+04
1070			-5.7862E+04
1075			-5.7867E+04
1080			-5.7868E+04
1085			-5.7870E+04
1090			-5.7872E+04
1095			-5.7873E+04
1100			-5.7876E+04
1105			-5.7876E+04
1110			-5.7877E+04
1115			-5.7879E+04
1120			-5.7881E+04
1125			-5.7884E+04
1130			-5.7885E+04
1135			-5.7887E+04
1140			-5.7889E+04
1145			-5.7890E+04
1150			-5.7892E+04
1155			-5.7892E+04
1160			-5.7893E+04
1165			-5.7895E+04
1170			-5.7897E+04
1175			-5.7900E+04
1180			-5.7901E+04
1185			-5.7903E+04
1190			-5.7905E+04
1195			-5.7906E+04
1200			-5.7908E+04
1205			-5.7909E+04
1210			-5.7910E+04
1215			-5.7912E+04
1220			-5.7914E+04
1225			-5.7917E+04
1230			-5.7917E+04
1235			-5.7920E+04
1240			-5.7922E+04
1245			-5.7923E+04
1250			-5.7925E+04
1255			-5.7926E+04
1260			-5.7927E+04
1265			-5.7928E+04
1270			-5.7931E+04
1275			-5.7934E+04
1280			-5.7935E+04
1285			-5.7938E+04
1290			-5.7940E+04
1295			-5.7941E+04
1300			-5.7943E+04
1305			-5.7944E+04
1310			-5.7944E+04
1315			-5.7946E+04
1320			-5.7948E+04
1325			-5.7952E+04
1330			-5.7953E+04
1335			-5.7955E+04
1340			-5.7958E+04
1345			-5.7959E+04
1350			-5.7961E+04
1355			-5.7961E+04
1360			-5.7962E+04
1365			-5.7963E+04
1370			-5.7966E+04
1375			-5.7970E+04
1380			-5.7971E+04
1385			-5.7975E+04
1390			-5.7977E+04
1395			-5.7978E+04
1400			-5.7980E+04
1405			-5.7981E+04
1410			-5.7981E+04
1415			-5.7983E+04
1420			-5.7986E+04
1425			-5.7990E+04
1430			-5.7991E+04
1435			-5.7993E+04
1440			-5.7995E+04
1445			-5.7996E+04
1450			-5.7997E+04
1455			-5.7998E+04
1460			-5.7998E+04
1465			-5.7999E+04
1470			-5.8001E+04
1475			-5.8005E+04
1480			-5.8006E+04
1485			-5.8008E+04
1490			-5.8010E+04
1495			-5.8011E+04
1500			-5.8012E+04
1505			-5.8012E+04
1510			-5.8013E+04
1515			-5.8014E+04
1520			-5.8016E+04
1525			-5.8021E+04
1530			-5.8022E+04
1535			-5.8025E+04
1540			-5.8027E+04
1545			-5.8028E+04
1550			-5.8029E+04
1555			-5.8028E+04
1560			-5.8029E+04
1565			-5.8031E+04
1570			-5.8032E+04
1575			-5.8035E+04
1580			-5.8036E+04
1585			-5.8037E+04
1590			-5.8039E+04
1595			-5.8040E+04
1600			-5.8041E+04
1605			-5.8041E+04
1610			-5.8042E+04
1615			-5.8043E+04
1620			-5.8045E+04
1625			-5.8050E+04
1630			-5.8051E+04
1635			-5.8053E+04
1640			-5.8055E+04
1645			-5.8055E+04
1650			-5.8056E+04
1655			-5.8055E+04
1660			-5.8057E+04
1665			-5.8058E+04
1670			-5.8059E+04
1675			-5.8062E+04
1680			-5.8063E+04
1685			-5.8064E+04
1690			-5.8065E+04
1695			-5.8066E+04
1700			-5.8067E+04
1705			-5.8067E+04
1710			-5.8068E+04
1715			-5.8069E+04
1720			-5.8071E+04
1725			-5.8074E+04
1730			-5.8075E+04
1735			-5.8077E+04
1740			-5.8079E+04
1745			-5.8079E+04
1750			-5.8080E+04
1755			-5.8080E+04
1760			-5.8081E+04
1765			-5.8082E+04
1770			-5.8083E+04
1775			-5.8086E+04
1780			-5.8087E+04
1785			-5.8088E+04
1790			-5.8090E+04
1795			-5.8090E+04
1800			-5.8091E+04
1805			-5.8091E+04
1810			-5.8092E+04
1815			-5.8093E+04
1820			-5.8095E+04
1825			-5.8100E+04
1830			-5.8101E+04
1835			-5.8105E+04
1840			-5.8107E+04
1845			-5.8108E+04
1850			-5.8109E+04
1855			-5.8109E+04
1860			-5.8110E+04
1865			-5.8111E+04
1870			-5.8113E+04
1875			-5.8120E+04
1880			-5.8121E+04
1885			-5.8124E+04
1890			-5.8125E+04
1895			-5.8126E+04
1900			-5.8126E+04
1905			-5.8125E+04
1910			-5.8127E+04
1915			-5.8128E+04
1920			-5.8129E+04
1925			-5.8132E+04
1930			-5.8133E+04
1935			-5.8134E+04
1940			-5.8136E+04
1945			-5.8136E+04
1950			-5.8137E+04
1955			-5.8136E+04
1960			-5.8138E+04
1965			-5.8139E+04
1970			-5.8140E+04
1975			-5.8142E+04
1980			-5.8142E+04
1985			-5.8143E+04
1990			-5.8144E+04
1995			-5.8144E+04
2000			-5.8145E+04
2005			-5.8144E+04
2010			-5.8145E+04
2015			-5.8146E+04
2020			-5.8146E+04
2025			-5.8148E+04
2030			-5.8148E+04
2035			-5.8149E+04
2040			-5.8150E+04
2045			-5.8150E+04
2050			-5.8151E+04
2055			-5.8150E+04
2060			-5.8151E+04
2065			-5.8152E+04
2070			-5.8152E+04
2075			-5.8154E+04
2080			-5.8154E+04
2085			-5.8155E+04
2090			-5.8156E+04
2095			-5.8156E+04
2100			-5.8156E+04
2105			-5.8156E+04
2110			-5.8157E+04
2115			-5.8158E+04
2120			-5.8158E+04
2125			-5.8159E+04
2130			-5.8160E+04
2135			-5.8160E+04
2140			-5.8161E+04
2145			-5.8161E+04
2150			-5.8162E+04
2155			-5.8161E+04
2160			-5.8162E+04
2165			-5.8163E+04
2170			-5.8164E+04
2175			-5.8165E+04
2180			-5.8166E+04
2185			-5.8167E+04
2190			-5.8168E+04
2195			-5.8168E+04
2200			-5.8169E+04
2205			-5.8168E+04
2210			-5.8169E+04
2215			-5.8170E+04
2220			-5.8171E+04
2225			-5.8172E+04
2230			-5.8173E+04
2235			-5.8174E+04
2240			-5.8175E+04
2245			-5.8175E+04
2250			-5.8176E+04
2255			-5.8174E+04
2260			-5.8176E+04
2265			-5.8177E+04
2270			-5.8178E+04
2275			-5.8180E+04
2280			-5.8181E+04
2285			-5.8182E+04
2290			-5.8183E+04
2295			-5.8184E+04
2300			-5.8184E+04
2305			-5.8183E+04
2310			-5.8185E+04
2315			-5.8186E+04
2320			-5.8187E+04
2325			-5.8191E+04
2330			-5.8192E+04
2335			-5.8194E+04
2340			-5.8195E+04
2345			-5.8195E+04
2350			-5.8196E+04
2355			-5.8196E+04
2360			-5.8197E+04
2365			-5.8198E+04
2370			-5.8199E+04
2375			-5.8201E+04
2380			-5.8202E+04
2385			-5.8203E+04
2390			-5.8203E+04
2395			-5.8204E+04
2400			-5.8205E+04
2405			-5.8204E+04
2410			-5.8206E+04
2415			-5.8206E+04
2420			-5.8207E+04
2425			-5.8209E+04
2430			-5.8210E+04
2435			-5.8211E+04
2440			-5.8212E+04
2445			-5.8212E+04
2450			-5.8213E+04
2455			-5.8212E+04
2460			-5.8213E+04
2465			-5.8214E+04
2470			-5.8215E+04
2475			-5.8218E+04
2480			-5.8218E+04
2485			-5.8220E+04
2490			-5.8220E+04
2495			-5.8221E+04
2500			-5.8222E+04
2505			-5.8221E+04
2510			-5.8222E+04
2515			-5.8223E+04
2520			-5.8224E+04
2525			-5.8227E+04
2530			-5.8228E+04
2535			-5.8229E+04
2540			-5.8230E+04
2545			-5.8230E+04
2550			-5.8231E+04
2555			-5.8231E+04
2560			-5.8231E+04
2565			-5.8232E+04
2570			-5.8233E+04
2575			-5.8235E+04
2580			-5.8236E+04
2585			-5.8237E+04
2590			-5.8238E+04
2595			-5.8238E+04
2600			-5.8239E+04
2605			-5.8238E+04
2610			-5.8239E+04
2615			-5.8240E+04
2620			-5.8241E+04
2625			-5.8244E+04
2630			-5.8245E+04
2635			-5.8246E+04
2640			-5.8247E+04
2645			-5.8248E+04
2650			-5.8248E+04
2655			-5.8248E+04
2660			-5.8249E+04
2665			-5.8250E+04
2670			-5.8250E+04
2675			-5.8253E+04
2680			-5.8253E+04
2685			-5.8254E+04
2690			-5.8255E+04
2695			-5.8256E+04
2700			-5.8256E+04
2705			-5.8256E+04
2710			-5.8257E+04
2715			-5.8257E+04
2720			-5.8258E+04
2725			-5.8262E+04
2730			-5.8263E+04
2735			-5.8263E+04
2740			-5.8264E+04
2745			-5.8264E+04
2750			-5.8265E+04
2755			-5.8264E+04
2760			-5.8265E+04
2765			-5.8266E+04
2770			-5.8267E+04
2775			-5.8268E+04
2780			-5.8268E+04
2785			-5.8269E+04
2790			-5.8269E+04
2795			-5.8270E+04
2800			-5.8270E+04
2805			-5.8270E+04
2810			-5.8271E+04
2815			-5.8271E+04
2820			-5.8272E+04
2825			-5.8272E+04
2830			-5.8273E+04
2835			-5.8273E+04
2840			-5.8274E+04
2845			-5.8274E+04
2850			-5.8275E+04
2855			-5.8274E+04
2860			-5.8275E+04
2865			-5.8276E+04
2870			-5.8276E+04
2875			-5.8277E+04
2880			-5.8278E+04
2885			-5.8278E+04
2890			-5.8278E+04
2895			-5.8279E+04
2900			-5.8279E+04
2905			-5.8278E+04
2910			-5.8280E+04
2915			-5.8280E+04
2920			-5.8281E+04
2925			-5.8282E+04
2930			-5.8283E+04
2935			-5.8283E+04
2940			-5.8283E+04
2945			-5.8284E+04
2950			-5.8284E+04
2955			-5.8285E+04
2960			-5.8285E+04
2965			-5.8285E+04
2970			-5.8286E+04
2975			-5.8288E+04
2980			-5.8289E+04
2985			-5.8289E+04
2990			-5.8290E+04
2995			-5.8290E+04
3000			-5.8291E+04
3005			-5.8290E+04
3010			-5.8291E+04
3015			-5.8292E+04
3020			-5.8292E+04
3025			-5.8293E+04
3030			-5.8293E+04
3035			-5.8294E+04
3040			-5.8294E+04
3045			-5.8295E+04
3050			-5.8295E+04
3055			-5.8293E+04
3060			-5.8295E+04
3065			-5.8296E+04
3070			-5.8296E+04
3075			-5.8297E+04
3080			-5.8297E+04
3085			-5.8298E+04
3090			-5.8298E+04
3095			-5.8299E+04
3100			-5.8300E+04
3105			-5.8300E+04
3110			-5.8300E+04
3115			-5.8301E+04
3120			-5.8301E+04
3125			-5.8301E+04
3130			-5.8299E+04
3135			-5.8302E+04
3140			-5.8302E+04
3145			-5.8302E+04
3150			-5.8302E+04
3155			-5.8300E+04
3160			-5.8302E+04
3165			-5.8304E+04
3170			-5.8306E+04
3175			-5.8309E+04
3180			-5.8310E+04
3185			-5.8312E+04
3190			-5.8314E+04
3195			-5.8315E+04
3200			-5.8315E+04
3205			-5.8314E+04
3210			-5.8316E+04
3215			-5.8316E+04
3220			-5.8317E+04
3225			-5.8319E+04
3230			-5.8319E+04
3235			-5.8320E+04
3240			-5.8320E+04
3245			-5.8320E+04
3250			-5.8321E+04
3255			-5.8319E+04
3260			-5.8321E+04
3265			-5.8322E+04
3270			-5.8322E+04
3275			-5.8322E+04
3280			-5.8322E+04
3285			-5.8323E+04
3290			-5.8323E+04
3295			-5.8323E+04
3300			-5.8324E+04
3305			-5.8322E+04
3310			-5.8324E+04
3315			-5.8324E+04
3320			-5.8325E+04
3325			-5.8325E+04
3330			-5.8325E+04
3335			-5.8326E+04
3340			-5.8326E+04
3345			-5.8326E+04
3350			-5.8327E+04
3355			-5.8325E+04
3360			-5.8327E+04
3365			-5.8327E+04
3370			-5.8328E+04
3375			-5.8328E+04
3380			-5.8328E+04
3385			-5.8329E+04
3390			-5.8329E+04
3395			-5.8330E+04
3400			-5.8330E+04
3405			-5.8330E+04
3410			-5.8331E+04
3415			-5.8331E+04
3420			-5.8331E+04
3425			-5.8332E+04
3430			-5.8330E+04
3435			-5.8332E+04
3440			-5.8332E+04
3445			-5.8333E+04
3450			-5.8334E+04
3455			-5.8334E+04
3460			-5.8335E+04
3465			-5.8336E+04
3470			-5.8336E+04
3475			-5.8336E+04
3480			-5.8335E+04
3485			-5.8337E+04
3490			-5.8337E+04
3495			-5.8338E+04
3500			-5.8339E+04
3505			-5.8339E+04
3510			-5.8340E+04
3515			-5.8340E+04
3520			-5.8340E+04
3525			-5.8341E+04
3530			-5.8340E+04
3535			-5.8341E+04
3540			-5.8342E+04
3545			-5.8342E+04
3550			-5.8343E+04
3555			-5.8343E+04
3560			-5.8343E+04
3565			-5.8344E+04
3570			-5.8344E+04
3575			-5.8344E+04
3580			-5.8343E+04
3585			-5.8345E+04
3590			-5.8345E+04
3595			-5.8345E+04
3600			-5.8346E+04
3605			-5.8346E+04
3610			-5.8347E+04
3615			-5.8347E+04
3620			-5.8347E+04
3625			-5.8348E+04
3630			-5.8347E+04
3635			-5.8348E+04
3640			-5.8349E+04
3645			-5.8349E+04
3650			-5.8350E+04
3655			-5.8350E+04
3660			-5.8351E+04
3665			-5.8351E+04
3670			-5.8352E+04
3675			-5.8352E+04
3680			-5.8351E+04
3685			-5.8352E+04
3690			-5.8353E+04
3695			-5.8353E+04
3700			-5.8354E+04
3705			-5.8354E+04
3710			-5.8354E+04
3715			-5.8355E+04
3720			-5.8355E+04
3725			-5.8355E+04
3730			-5.8354E+04
3735			-5.8356E+04
3740			-5.8356E+04
3745			-5.8356E+04
3750			-5.8357E+04
3755			-5.8356E+04
3760			-5.8357E+04
3765			-5.8358E+04
3770			-5.8358E+04
3775			-5.8359E+04
3780			-5.8359E+04
3785			-5.8359E+04
3790			-5.8360E+04
3795			-5.8360E+04
3800			-5.8361E+04
3805			-5.8361E+04
3810			-5.8361E+04
3815			-5.8362E+04
3820			-5.8362E+04
3825			-5.8363E+04
3830			-5.8363E+04
3835			-5.8364E+04
3840			-5.8365E+04
3845			-5.8365E+04
3850			-5.8366E+04
3855			-5.8365E+04
3860			-5.8366E+04
3865			-5.8367E+04
3870			-5.8367E+04
3875			-5.8368E+04
3880			-5.8368E+04
3885			-5.8369E+04
3890			-5.8369E+04
3895			-5.8370E+04
3900			-5.8370E+04
3905			-5.8370E+04
3910			-5.8371E+04
3915			-5.8371E+04
3920			-5.8372E+04
3925			-5.8372E+04
3930			-5.8372E+04
3935			-5.8373E+04
3940			-5.8373E+04
3945			-5.8374E+04
3950			-5.8374E+04
3955			-5.8373E+04
3960			-5.8374E+04
3965			-5.8375E+04
3970			-5.8375E+04
3975			-5.8376E+04
3980			-5.8376E+04
3985			-5.8377E+04
3990			-5.8377E+04
3995			-5.8377E+04
4000			-5.8377E+04
4005			-5.8376E+04
4010			-5.8378E+04
4015			-5.8378E+04
4020			-5.8378E+04
4025			-5.8380E+04
4030			-5.8380E+04
4035			-5.8381E+04
4040			-5.8381E+04
4045			-5.8381E+04
4050			-5.8381E+04
4055			-5.8380E+04
4060			-5.8382E+04
4065			-5.8382E+04
4070			-5.8383E+04
4075			-5.8386E+04
4080			-5.8387E+04
4085			-5.8388E+04
4090			-5.8389E+04
4095			-5.8389E+04
4100			-5.8390E+04
4105			-5.8389E+04
4110			-5.8390E+04
4115			-5.8391E+04
4120			-5.8392E+04
4125			-5.8393E+04
4130			-5.8394E+04
4135			-5.8395E+04
4140			-5.8396E+04
4145			-5.8396E+04
4150			-5.8396E+04
4155			-5.8396E+04
4160			-5.8397E+04
4165			-5.8398E+04
4170			-5.8398E+04
4175			-5.8402E+04
4180			-5.8403E+04
4185			-5.8404E+04
4190			-5.8405E+04
4195			-5.8405E+04
4200			-5.8406E+04
4205			-5.8405E+04
4210			-5.8406E+04
4215			-5.8407E+04
4220			-5.8407E+04
4225			-5.8410E+04
4230			-5.8410E+04
4235			-5.8411E+04
4240			-5.8412E+04
4245			-5.8412E+04
4250			-5.8412E+04
4255			-5.8411E+04
4260			-5.8413E+04
4265			-5.8413E+04
4270			-5.8414E+04
4275			-5.8417E+04
4280			-5.8417E+04
4285			-5.8418E+04
4290			-5.8419E+04
4295			-5.8420E+04
4300			-5.8420E+04
4305			-5.8420E+04
4310			-5.8421E+04
4315			-5.8421E+04
4320			-5.8422E+04
4325			-5.8424E+04
4330			-5.8425E+04
4335			-5.8425E+04
4340			-5.8426E+04
4345			-5.8427E+04
4350			-5.8427E+04
4355			-5.8425E+04
4360			-5.8427E+04
4365			-5.8428E+04
4370			-5.8429E+04
4375			-5.8430E+04
4380			-5.8431E+04
4385			-5.8432E+04
4390			-5.8433E+04
4395			-5.8433E+04
4400			-5.8433E+04
4405			-5.8431E+04
4410			-5.8434E+04
4415			-5.8434E+04
4420			-5.8434E+04
4425			-5.8434E+04
4430			-5.8434E+04
4435			-5.8434E+04
4440			-5.8434E+04
4445			-5.8434E+04
4450			-5.8434E+04
4455			-5.8434E+04
4460			-5.8437E+04
4465			-5.8441E+04
4470			-5.8442E+04
4475			-5.8445E+04
4480			-5.8445E+04
4485			-5.8446E+04
4490			-5.8447E+04
4495			-5.8448E+04
4500			-5.8449E+04
4505			-5.8448E+04
4510			-5.8449E+04
4515			-5.8450E+04
4520			-5.8450E+04
4525			-5.8451E+04
4530			-5.8450E+04
4535			-5.8451E+04
4540			-5.8452E+04
4545			-5.8452E+04
4550			-5.8452E+04
4555			-5.8452E+04
4560			-5.8453E+04
4565			-5.8453E+04
4570			-5.8454E+04
4575			-5.8455E+04
4580			-5.8455E+04
4585			-5.8455E+04
4590			-5.8456E+04
4595			-5.8456E+04
4600			-5.8457E+04
4605			-5.8456E+04
4610			-5.8457E+04
4615			-5.8458E+04
4620			-5.8458E+04
4625			-5.8459E+04
4630			-5.8459E+04
4635			-5.8460E+04
4640			-5.8460E+04
4645			-5.8460E+04
4650			-5.8461E+04
4655			-5.8460E+04
4660			-5.8461E+04
4665			-5.8461E+04
4670			-5.8462E+04
4675			-5.8462E+04
4680			-5.8462E+04
4685			-5.8463E+04
4690			-5.8463E+04
4695			-5.8463E+04
4700			-5.8464E+04
4705			-5.8463E+04
4710			-5.8464E+04
4715			-5.8465E+04
4720			-5.8464E+04
4725			-5.8465E+04
4730			-5.8465E+04
4735			-5.8466E+04
4740			-5.8466E+04
4745			-5.8466E+04
4750			-5.8467E+04
4755			-5.8466E+04
4760			-5.8467E+04
4765			-5.8467E+04
4770			-5.8468E+04
4775			-5.8468E+04
4780			-5.8467E+04
4785			-5.8469E+04
4790			-5.8469E+04
4795			-5.8469E+04
4800			-5.8470E+04
4805			-5.8469E+04
4810			-5.8470E+04
4815			-5.8470E+04
4820			-5.8471E+04
4825			-5.8471E+04
4830			-5.8469E+04
4835			-5.8471E+04
4840			-5.8472E+04
4845			-5.8472E+04
4850			-5.8472E+04
4855			-5.8471E+04
4860			-5.8473E+04
4865			-5.8473E+04
4870			-5.8473E+04
4875			-5.8474E+04
4880			-5.8473E+04
4885			-5.8474E+04
4890			-5.8474E+04
4895			-5.8475E+04
4900			-5.8475E+04
4905			-5.8474E+04
4910			-5.8476E+04
4915			-5.8476E+04
4920			-5.8476E+04
4925			-5.8477E+04
4930			-5.8477E+04
4935			-5.8478E+04
4940			-5.8478E+04
4945			-5.8478E+04
4950			-5.8479E+04
4955			-5.8479E+04
4960			-5.8480E+04
4965			-5.8480E+04
4970			-5.8480E+04
4975			-5.8481E+04
4980			-5.8481E+04
4985			-5.8481E+04
4990			-5.8482E+04
4995			-5.8482E+04
5000			-5.8482E+04
5000			-5.8482E+04
