1			-3.6857E+04
5			-3.7068E+04
10			-3.7609E+04
15			-3.8641E+04
20			-4.0191E+04
25			-4.2167E+04
30			-4.3157E+04
35			-4.3821E+04
40			-4.4548E+04
45			-4.4904E+04
50			-4.5130E+04
55			-4.5389E+04
60			-4.5718E+04
65			-4.5821E+04
70			-4.6140E+04
75			-4.6303E+04
80			-4.6478E+04
85			-4.6642E+04
90			-4.6795E+04
95			-4.6938E+04
100			-4.7043E+04
105			-4.7168E+04
110			-4.7279E+04
115			-4.7382E+04
120			-4.7490E+04
125			-4.7628E+04
130			-4.7671E+04
135			-4.7762E+04
140			-4.7909E+04
145			-4.7983E+04
150			-4.8068E+04
155			-4.8153E+04
160			-4.8229E+04
165			-4.8306E+04
170			-4.8380E+04
175			-4.8436E+04
180			-4.8504E+04
185			-4.8569E+04
190			-4.8628E+04
195			-4.8685E+04
200			-4.8746E+04
205			-4.8826E+04
210			-4.8854E+04
215			-4.8908E+04
220			-4.8961E+04
225			-4.9047E+04
230			-4.9091E+04
235			-4.9144E+04
240			-4.9196E+04
245			-4.9246E+04
250			-4.9295E+04
255			-4.9343E+04
260			-4.9390E+04
265			-4.9426E+04
270			-4.9470E+04
275			-4.9514E+04
280			-4.9554E+04
285			-4.9593E+04
290			-4.9633E+04
295			-4.9674E+04
300			-4.9727E+04
305			-4.9745E+04
310			-4.9783E+04
315			-4.9821E+04
320			-4.9881E+04
325			-4.9913E+04
330			-4.9949E+04
335			-4.9986E+04
340			-5.0023E+04
345			-5.0057E+04
350			-5.0092E+04
355			-5.0127E+04
360			-5.0161E+04
365			-5.0188E+04
370			-5.0220E+04
375			-5.0252E+04
380			-5.0282E+04
385			-5.0311E+04
390			-5.0341E+04
395			-5.0372E+04
400			-5.0413E+04
405			-5.0428E+04
410			-5.0456E+04
415			-5.0485E+04
420			-5.0512E+04
425			-5.0558E+04
430			-5.0581E+04
435			-5.0610E+04
440			-5.0639E+04
445			-5.0668E+04
450			-5.0695E+04
455			-5.0722E+04
460			-5.0749E+04
465			-5.0771E+04
470			-5.0797E+04
475			-5.0823E+04
480			-5.0851E+04
485			-5.0869E+04
490			-5.0892E+04
495			-5.0915E+04
500			-5.0937E+04
505			-5.0962E+04
510			-5.0995E+04
515			-5.1005E+04
520			-5.1028E+04
525			-5.1051E+04
530			-5.1088E+04
535			-5.1108E+04
540			-5.1131E+04
545			-5.1154E+04
550			-5.1177E+04
555			-5.1198E+04
560			-5.1221E+04
565			-5.1243E+04
570			-5.1265E+04
575			-5.1283E+04
580			-5.1304E+04
585			-5.1325E+04
590			-5.1346E+04
595			-5.1365E+04
600			-5.1383E+04
605			-5.1403E+04
610			-5.1424E+04
615			-5.1451E+04
620			-5.1460E+04
625			-5.1479E+04
630			-5.1499E+04
635			-5.1517E+04
640			-5.1548E+04
645			-5.1564E+04
650			-5.1583E+04
655			-5.1603E+04
660			-5.1623E+04
665			-5.1641E+04
670			-5.1660E+04
675			-5.1678E+04
680			-5.1696E+04
685			-5.1711E+04
690			-5.1728E+04
695			-5.1747E+04
700			-5.1764E+04
705			-5.1780E+04
710			-5.1796E+04
715			-5.1813E+04
720			-5.1830E+04
725			-5.1853E+04
730			-5.1861E+04
735			-5.1878E+04
740			-5.1894E+04
745			-5.1910E+04
750			-5.1937E+04
755			-5.1951E+04
760			-5.1967E+04
765			-5.1984E+04
770			-5.2001E+04
775			-5.2016E+04
780			-5.2033E+04
785			-5.2049E+04
790			-5.2065E+04
795			-5.2078E+04
800			-5.2093E+04
805			-5.2109E+04
810			-5.2124E+04
815			-5.2138E+04
820			-5.2152E+04
825			-5.2165E+04
830			-5.2179E+04
835			-5.2194E+04
840			-5.2214E+04
845			-5.2220E+04
850			-5.2235E+04
855			-5.2249E+04
860			-5.2272E+04
865			-5.2284E+04
870			-5.2298E+04
875			-5.2313E+04
880			-5.2327E+04
885			-5.2341E+04
890			-5.2355E+04
895			-5.2369E+04
900			-5.2383E+04
905			-5.2395E+04
910			-5.2408E+04
915			-5.2422E+04
920			-5.2435E+04
925			-5.2448E+04
930			-5.2460E+04
935			-5.2473E+04
940			-5.2485E+04
945			-5.2502E+04
950			-5.2509E+04
955			-5.2521E+04
960			-5.2540E+04
965			-5.2544E+04
970			-5.2556E+04
975			-5.2576E+04
980			-5.2587E+04
985			-5.2599E+04
990			-5.2612E+04
995			-5.2624E+04
1000			-5.2636E+04
1005			-5.2653E+04
1010			-5.3107E+04
1015			-5.3242E+04
1020			-5.3303E+04
1025			-5.3336E+04
1030			-5.3338E+04
1035			-5.3362E+04
1040			-5.3408E+04
1045			-5.3503E+04
1050			-5.3656E+04
1055			-5.3660E+04
1060			-5.3754E+04
1065			-5.3823E+04
1070			-5.3861E+04
1075			-5.3887E+04
1080			-5.3889E+04
1085			-5.3914E+04
1090			-5.3941E+04
1095			-5.3968E+04
1100			-5.4030E+04
1105			-5.4032E+04
1110			-5.4062E+04
1115			-5.4084E+04
1120			-5.4108E+04
1125			-5.4124E+04
1130			-5.4126E+04
1135			-5.4144E+04
1140			-5.4162E+04
1145			-5.4192E+04
1150			-5.4244E+04
1155			-5.4246E+04
1160			-5.4275E+04
1165			-5.4289E+04
1170			-5.4311E+04
1175			-5.4325E+04
1180			-5.4327E+04
1185			-5.4340E+04
1190			-5.4364E+04
1195			-5.4377E+04
1200			-5.4427E+04
1205			-5.4429E+04
1210			-5.4455E+04
1215			-5.4462E+04
1220			-5.4483E+04
1225			-5.4506E+04
1230			-5.4507E+04
1235			-5.4525E+04
1240			-5.4548E+04
1245			-5.4559E+04
1250			-5.4587E+04
1255			-5.4589E+04
1260			-5.4604E+04
1265			-5.4615E+04
1270			-5.4633E+04
1275			-5.4660E+04
1280			-5.4661E+04
1285			-5.4676E+04
1290			-5.4693E+04
1295			-5.4706E+04
1300			-5.4722E+04
1305			-5.4724E+04
1310			-5.4736E+04
1315			-5.4750E+04
1320			-5.4763E+04
1325			-5.4783E+04
1330			-5.4785E+04
1335			-5.4805E+04
1340			-5.4816E+04
1345			-5.4829E+04
1350			-5.4837E+04
1355			-5.4839E+04
1360			-5.4848E+04
1365			-5.4860E+04
1370			-5.4875E+04
1375			-5.4895E+04
1380			-5.4896E+04
1385			-5.4911E+04
1390			-5.4925E+04
1395			-5.4933E+04
1400			-5.4944E+04
1405			-5.4945E+04
1410			-5.4952E+04
1415			-5.4963E+04
1420			-5.4980E+04
1425			-5.5002E+04
1430			-5.5004E+04
1435			-5.5027E+04
1440			-5.5041E+04
1445			-5.5051E+04
1450			-5.5057E+04
1455			-5.5058E+04
1460			-5.5065E+04
1465			-5.5075E+04
1470			-5.5090E+04
1475			-5.5111E+04
1480			-5.5113E+04
1485			-5.5131E+04
1490			-5.5145E+04
1495			-5.5151E+04
1500			-5.5159E+04
1505			-5.5160E+04
1510			-5.5167E+04
1515			-5.5176E+04
1520			-5.5187E+04
1525			-5.5203E+04
1530			-5.5205E+04
1535			-5.5219E+04
1540			-5.5226E+04
1545			-5.5236E+04
1550			-5.5241E+04
1555			-5.5242E+04
1560			-5.5248E+04
1565			-5.5257E+04
1570			-5.5267E+04
1575			-5.5285E+04
1580			-5.5287E+04
1585			-5.5301E+04
1590			-5.5313E+04
1595			-5.5317E+04
1600			-5.5325E+04
1605			-5.5326E+04
1610			-5.5330E+04
1615			-5.5339E+04
1620			-5.5354E+04
1625			-5.5376E+04
1630			-5.5378E+04
1635			-5.5398E+04
1640			-5.5409E+04
1645			-5.5413E+04
1650			-5.5420E+04
1655			-5.5422E+04
1660			-5.5426E+04
1665			-5.5433E+04
1670			-5.5444E+04
1675			-5.5461E+04
1680			-5.5462E+04
1685			-5.5480E+04
1690			-5.5491E+04
1695			-5.5495E+04
1700			-5.5501E+04
1705			-5.5502E+04
1710			-5.5505E+04
1715			-5.5511E+04
1720			-5.5526E+04
1725			-5.5558E+04
1730			-5.5559E+04
1735			-5.5589E+04
1740			-5.5604E+04
1745			-5.5606E+04
1750			-5.5611E+04
1755			-5.5612E+04
1760			-5.5616E+04
1765			-5.5621E+04
1770			-5.5636E+04
1775			-5.5654E+04
1780			-5.5655E+04
1785			-5.5671E+04
1790			-5.5681E+04
1795			-5.5685E+04
1800			-5.5689E+04
1805			-5.5691E+04
1810			-5.5694E+04
1815			-5.5699E+04
1820			-5.5708E+04
1825			-5.5723E+04
1830			-5.5724E+04
1835			-5.5739E+04
1840			-5.5747E+04
1845			-5.5748E+04
1850			-5.5756E+04
1855			-5.5757E+04
1860			-5.5760E+04
1865			-5.5765E+04
1870			-5.5772E+04
1875			-5.5790E+04
1880			-5.5791E+04
1885			-5.5805E+04
1890			-5.5812E+04
1895			-5.5815E+04
1900			-5.5824E+04
1905			-5.5826E+04
1910			-5.5830E+04
1915			-5.5834E+04
1920			-5.5838E+04
1925			-5.5853E+04
1930			-5.5855E+04
1935			-5.5867E+04
1940			-5.5872E+04
1945			-5.5880E+04
1950			-5.5882E+04
1955			-5.5883E+04
1960			-5.5886E+04
1965			-5.5892E+04
1970			-5.5899E+04
1975			-5.5920E+04
1980			-5.5922E+04
1985			-5.5935E+04
1990			-5.5945E+04
1995			-5.5949E+04
2000			-5.5952E+04
2005			-5.5952E+04
2010			-5.5955E+04
2015			-5.5961E+04
2020			-5.5972E+04
2025			-5.5985E+04
2030			-5.5987E+04
2035			-5.5996E+04
2040			-5.6004E+04
2045			-5.6007E+04
2050			-5.6009E+04
2055			-5.6010E+04
2060			-5.6011E+04
2065			-5.6016E+04
2070			-5.6023E+04
2075			-5.6034E+04
2080			-5.6036E+04
2085			-5.6045E+04
2090			-5.6050E+04
2095			-5.6052E+04
2100			-5.6055E+04
2105			-5.6056E+04
2110			-5.6057E+04
2115			-5.6061E+04
2120			-5.6068E+04
2125			-5.6078E+04
2130			-5.6079E+04
2135			-5.6088E+04
2140			-5.6094E+04
2145			-5.6096E+04
2150			-5.6098E+04
2155			-5.6099E+04
2160			-5.6100E+04
2165			-5.6105E+04
2170			-5.6109E+04
2175			-5.6119E+04
2180			-5.6120E+04
2185			-5.6126E+04
2190			-5.6131E+04
2195			-5.6133E+04
2200			-5.6136E+04
2205			-5.6137E+04
2210			-5.6138E+04
2215			-5.6142E+04
2220			-5.6146E+04
2225			-5.6154E+04
2230			-5.6155E+04
2235			-5.6160E+04
2240			-5.6164E+04
2245			-5.6166E+04
2250			-5.6169E+04
2255			-5.6170E+04
2260			-5.6171E+04
2265			-5.6175E+04
2270			-5.6178E+04
2275			-5.6185E+04
2280			-5.6186E+04
2285			-5.6190E+04
2290			-5.6194E+04
2295			-5.6197E+04
2300			-5.6200E+04
2305			-5.6201E+04
2310			-5.6203E+04
2315			-5.6207E+04
2320			-5.6210E+04
2325			-5.6217E+04
2330			-5.6218E+04
2335			-5.6222E+04
2340			-5.6226E+04
2345			-5.6228E+04
2350			-5.6232E+04
2355			-5.6233E+04
2360			-5.6234E+04
2365			-5.6238E+04
2370			-5.6241E+04
2375			-5.6246E+04
2380			-5.6247E+04
2385			-5.6250E+04
2390			-5.6253E+04
2395			-5.6256E+04
2400			-5.6259E+04
2405			-5.6260E+04
2410			-5.6262E+04
2415			-5.6265E+04
2420			-5.6268E+04
2425			-5.6273E+04
2430			-5.6275E+04
2435			-5.6277E+04
2440			-5.6280E+04
2445			-5.6283E+04
2450			-5.6286E+04
2455			-5.6288E+04
2460			-5.6290E+04
2465			-5.6293E+04
2470			-5.6296E+04
2475			-5.6302E+04
2480			-5.6303E+04
2485			-5.6305E+04
2490			-5.6308E+04
2495			-5.6310E+04
2500			-5.6315E+04
2505			-5.6316E+04
2510			-5.6318E+04
2515			-5.6321E+04
2520			-5.6324E+04
2525			-5.6327E+04
2530			-5.6328E+04
2535			-5.6330E+04
2540			-5.6333E+04
2545			-5.6335E+04
2550			-5.6338E+04
2555			-5.6339E+04
2560			-5.6341E+04
2565			-5.6344E+04
2570			-5.6346E+04
2575			-5.6350E+04
2580			-5.6351E+04
2585			-5.6353E+04
2590			-5.6356E+04
2595			-5.6358E+04
2600			-5.6361E+04
2605			-5.6362E+04
2610			-5.6364E+04
2615			-5.6367E+04
2620			-5.6369E+04
2625			-5.6373E+04
2630			-5.6374E+04
2635			-5.6376E+04
2640			-5.6379E+04
2645			-5.6381E+04
2650			-5.6385E+04
2655			-5.6386E+04
2660			-5.6387E+04
2665			-5.6390E+04
2670			-5.6392E+04
2675			-5.6397E+04
2680			-5.6398E+04
2685			-5.6400E+04
2690			-5.6404E+04
2695			-5.6405E+04
2700			-5.6408E+04
2705			-5.6409E+04
2710			-5.6411E+04
2715			-5.6413E+04
2720			-5.6416E+04
2725			-5.6420E+04
2730			-5.6421E+04
2735			-5.6423E+04
2740			-5.6426E+04
2745			-5.6428E+04
2750			-5.6431E+04
2755			-5.6432E+04
2760			-5.6434E+04
2765			-5.6436E+04
2770			-5.6438E+04
2775			-5.6442E+04
2780			-5.6443E+04
2785			-5.6445E+04
2790			-5.6447E+04
2795			-5.6449E+04
2800			-5.6453E+04
2805			-5.6454E+04
2810			-5.6456E+04
2815			-5.6458E+04
2820			-5.6460E+04
2825			-5.6463E+04
2830			-5.6464E+04
2835			-5.6466E+04
2840			-5.6469E+04
2845			-5.6470E+04
2850			-5.6474E+04
2855			-5.6475E+04
2860			-5.6476E+04
2865			-5.6479E+04
2870			-5.6480E+04
2875			-5.6483E+04
2880			-5.6484E+04
2885			-5.6486E+04
2890			-5.6489E+04
2895			-5.6490E+04
2900			-5.6493E+04
2905			-5.6494E+04
2910			-5.6496E+04
2915			-5.6498E+04
2920			-5.6500E+04
2925			-5.6503E+04
2930			-5.6504E+04
2935			-5.6506E+04
2940			-5.6508E+04
2945			-5.6510E+04
2950			-5.6512E+04
2955			-5.6513E+04
2960			-5.6515E+04
2965			-5.6517E+04
2970			-5.6519E+04
2975			-5.6522E+04
2980			-5.6523E+04
2985			-5.6525E+04
2990			-5.6527E+04
2995			-5.6529E+04
3000			-5.6531E+04
3005			-5.6532E+04
3010			-5.6533E+04
3015			-5.6535E+04
3020			-5.6538E+04
3025			-5.6541E+04
3030			-5.6542E+04
3035			-5.6544E+04
3040			-5.6547E+04
3045			-5.6548E+04
3050			-5.6550E+04
3055			-5.6551E+04
3060			-5.6553E+04
3065			-5.6555E+04
3070			-5.6557E+04
3075			-5.6560E+04
3080			-5.6561E+04
3085			-5.6563E+04
3090			-5.6565E+04
3095			-5.6566E+04
3100			-5.6569E+04
3105			-5.6571E+04
3110			-5.6572E+04
3115			-5.6574E+04
3120			-5.6576E+04
3125			-5.6578E+04
3130			-5.6579E+04
3135			-5.6581E+04
3140			-5.6583E+04
3145			-5.6584E+04
3150			-5.6589E+04
3155			-5.6590E+04
3160			-5.6592E+04
3165			-5.6594E+04
3170			-5.6596E+04
3175			-5.6598E+04
3180			-5.6599E+04
3185			-5.6600E+04
3190			-5.6603E+04
3195			-5.6604E+04
3200			-5.6608E+04
3205			-5.6610E+04
3210			-5.6613E+04
3215			-5.6614E+04
3220			-5.6617E+04
3225			-5.6619E+04
3230			-5.6619E+04
3235			-5.6620E+04
3240			-5.6623E+04
3245			-5.6625E+04
3250			-5.6629E+04
3255			-5.6630E+04
3260			-5.6633E+04
3265			-5.6635E+04
3270			-5.6637E+04
3275			-5.6639E+04
3280			-5.6639E+04
3285			-5.6641E+04
3290			-5.6643E+04
3295			-5.6645E+04
3300			-5.6650E+04
3305			-5.6652E+04
3310			-5.6654E+04
3315			-5.6656E+04
3320			-5.6658E+04
3325			-5.6659E+04
3330			-5.6660E+04
3335			-5.6661E+04
3340			-5.6663E+04
3345			-5.6664E+04
3350			-5.6668E+04
3355			-5.6669E+04
3360			-5.6671E+04
3365			-5.6672E+04
3370			-5.6674E+04
3375			-5.6676E+04
3380			-5.6676E+04
3385			-5.6677E+04
3390			-5.6680E+04
3395			-5.6681E+04
3400			-5.6684E+04
3405			-5.6685E+04
3410			-5.6687E+04
3415			-5.6688E+04
3420			-5.6690E+04
3425			-5.6692E+04
3430			-5.6692E+04
3435			-5.6693E+04
3440			-5.6696E+04
3445			-5.6697E+04
3450			-5.6701E+04
3455			-5.6702E+04
3460			-5.6705E+04
3465			-5.6707E+04
3470			-5.6708E+04
3475			-5.6710E+04
3480			-5.6711E+04
3485			-5.6711E+04
3490			-5.6714E+04
3495			-5.6715E+04
3500			-5.6718E+04
3505			-5.6719E+04
3510			-5.6721E+04
3515			-5.6722E+04
3520			-5.6724E+04
3525			-5.6726E+04
3530			-5.6726E+04
3535			-5.6727E+04
3540			-5.6729E+04
3545			-5.6730E+04
3550			-5.6734E+04
3555			-5.6735E+04
3560			-5.6737E+04
3565			-5.6738E+04
3570			-5.6740E+04
3575			-5.6741E+04
3580			-5.6742E+04
3585			-5.6743E+04
3590			-5.6745E+04
3595			-5.6746E+04
3600			-5.6749E+04
3605			-5.6750E+04
3610			-5.6752E+04
3615			-5.6753E+04
3620			-5.6755E+04
3625			-5.6758E+04
3630			-5.6759E+04
3635			-5.6760E+04
3640			-5.6762E+04
3645			-5.6763E+04
3650			-5.6765E+04
3655			-5.6766E+04
3660			-5.6767E+04
3665			-5.6769E+04
3670			-5.6770E+04
3675			-5.6771E+04
3680			-5.6772E+04
3685			-5.6773E+04
3690			-5.6774E+04
3695			-5.6776E+04
3700			-5.6780E+04
3705			-5.6781E+04
3710			-5.6783E+04
3715			-5.6784E+04
3720			-5.6786E+04
3725			-5.6787E+04
3730			-5.6787E+04
3735			-5.6788E+04
3740			-5.6790E+04
3745			-5.6792E+04
3750			-5.6796E+04
3755			-5.6797E+04
3760			-5.6800E+04
3765			-5.6802E+04
3770			-5.6803E+04
3775			-5.6805E+04
3780			-5.6805E+04
3785			-5.6807E+04
3790			-5.6809E+04
3795			-5.6811E+04
3800			-5.6817E+04
3805			-5.6819E+04
3810			-5.6822E+04
3815			-5.6824E+04
3820			-5.6826E+04
3825			-5.6828E+04
3830			-5.6828E+04
3835			-5.6830E+04
3840			-5.6832E+04
3845			-5.6834E+04
3850			-5.6838E+04
3855			-5.6839E+04
3860			-5.6841E+04
3865			-5.6842E+04
3870			-5.6844E+04
3875			-5.6845E+04
3880			-5.6846E+04
3885			-5.6847E+04
3890			-5.6849E+04
3895			-5.6851E+04
3900			-5.6856E+04
3905			-5.6857E+04
3910			-5.6860E+04
3915			-5.6861E+04
3920			-5.6863E+04
3925			-5.6864E+04
3930			-5.6865E+04
3935			-5.6866E+04
3940			-5.6868E+04
3945			-5.6869E+04
3950			-5.6873E+04
3955			-5.6874E+04
3960			-5.6876E+04
3965			-5.6878E+04
3970			-5.6879E+04
3975			-5.6880E+04
3980			-5.6881E+04
3985			-5.6882E+04
3990			-5.6883E+04
3995			-5.6885E+04
4000			-5.6892E+04
4005			-5.6894E+04
4010			-5.6896E+04
4015			-5.6898E+04
4020			-5.6900E+04
4025			-5.6901E+04
4030			-5.6902E+04
4035			-5.6903E+04
4040			-5.6904E+04
4045			-5.6906E+04
4050			-5.6910E+04
4055			-5.6911E+04
4060			-5.6913E+04
4065			-5.6915E+04
4070			-5.6916E+04
4075			-5.6918E+04
4080			-5.6918E+04
4085			-5.6919E+04
4090			-5.6922E+04
4095			-5.6924E+04
4100			-5.6928E+04
4105			-5.6929E+04
4110			-5.6932E+04
4115			-5.6935E+04
4120			-5.6936E+04
4125			-5.6937E+04
4130			-5.6937E+04
4135			-5.6938E+04
4140			-5.6940E+04
4145			-5.6942E+04
4150			-5.6945E+04
4155			-5.6946E+04
4160			-5.6948E+04
4165			-5.6950E+04
4170			-5.6951E+04
4175			-5.6952E+04
4180			-5.6953E+04
4185			-5.6953E+04
4190			-5.6955E+04
4195			-5.6957E+04
4200			-5.6960E+04
4205			-5.6961E+04
4210			-5.6963E+04
4215			-5.6965E+04
4220			-5.6966E+04
4225			-5.6967E+04
4230			-5.6967E+04
4235			-5.6968E+04
4240			-5.6970E+04
4245			-5.6971E+04
4250			-5.6974E+04
4255			-5.6975E+04
4260			-5.6976E+04
4265			-5.6978E+04
4270			-5.6979E+04
4275			-5.6980E+04
4280			-5.6980E+04
4285			-5.6981E+04
4290			-5.6982E+04
4295			-5.6983E+04
4300			-5.6986E+04
4305			-5.6987E+04
4310			-5.6988E+04
4315			-5.6989E+04
4320			-5.6990E+04
4325			-5.6991E+04
4330			-5.6991E+04
4335			-5.6992E+04
4340			-5.6993E+04
4345			-5.6994E+04
4350			-5.6997E+04
4355			-5.6997E+04
4360			-5.6998E+04
4365			-5.6999E+04
4370			-5.7000E+04
4375			-5.7001E+04
4380			-5.7001E+04
4385			-5.7002E+04
4390			-5.7003E+04
4395			-5.7004E+04
4400			-5.7005E+04
4405			-5.7006E+04
4410			-5.7007E+04
4415			-5.7008E+04
4420			-5.7009E+04
4425			-5.7009E+04
4430			-5.7009E+04
4435			-5.7010E+04
4440			-5.7011E+04
4445			-5.7012E+04
4450			-5.7014E+04
4455			-5.7014E+04
4460			-5.7015E+04
4465			-5.7016E+04
4470			-5.7017E+04
4475			-5.7018E+04
4480			-5.7018E+04
4485			-5.7019E+04
4490			-5.7020E+04
4495			-5.7020E+04
4500			-5.7022E+04
4505			-5.7023E+04
4510			-5.7023E+04
4515			-5.7024E+04
4520			-5.7025E+04
4525			-5.7026E+04
4530			-5.7026E+04
4535			-5.7027E+04
4540			-5.7028E+04
4545			-5.7028E+04
4550			-5.7030E+04
4555			-5.7031E+04
4560			-5.7031E+04
4565			-5.7032E+04
4570			-5.7033E+04
4575			-5.7034E+04
4580			-5.7034E+04
4585			-5.7035E+04
4590			-5.7036E+04
4595			-5.7037E+04
4600			-5.7038E+04
4605			-5.7039E+04
4610			-5.7039E+04
4615			-5.7040E+04
4620			-5.7041E+04
4625			-5.7043E+04
4630			-5.7044E+04
4635			-5.7045E+04
4640			-5.7046E+04
4645			-5.7047E+04
4650			-5.7048E+04
4655			-5.7049E+04
4660			-5.7050E+04
4665			-5.7051E+04
4670			-5.7052E+04
4675			-5.7053E+04
4680			-5.7053E+04
4685			-5.7054E+04
4690			-5.7055E+04
4695			-5.7056E+04
4700			-5.7058E+04
4705			-5.7058E+04
4710			-5.7059E+04
4715			-5.7060E+04
4720			-5.7061E+04
4725			-5.7062E+04
4730			-5.7063E+04
4735			-5.7064E+04
4740			-5.7065E+04
4745			-5.7066E+04
4750			-5.7067E+04
4755			-5.7067E+04
4760			-5.7068E+04
4765			-5.7069E+04
4770			-5.7070E+04
4775			-5.7071E+04
4780			-5.7072E+04
4785			-5.7073E+04
4790			-5.7074E+04
4795			-5.7075E+04
4800			-5.7076E+04
4805			-5.7076E+04
4810			-5.7077E+04
4815			-5.7078E+04
4820			-5.7079E+04
4825			-5.7080E+04
4830			-5.7081E+04
4835			-5.7082E+04
4840			-5.7083E+04
4845			-5.7084E+04
4850			-5.7085E+04
4855			-5.7085E+04
4860			-5.7086E+04
4865			-5.7087E+04
4870			-5.7088E+04
4875			-5.7090E+04
4880			-5.7091E+04
4885			-5.7092E+04
4890			-5.7093E+04
4895			-5.7094E+04
4900			-5.7095E+04
4905			-5.7095E+04
4910			-5.7096E+04
4915			-5.7097E+04
4920			-5.7098E+04
4925			-5.7100E+04
4930			-5.7101E+04
4935			-5.7102E+04
4940			-5.7103E+04
4945			-5.7104E+04
4950			-5.7105E+04
4955			-5.7105E+04
4960			-5.7106E+04
4965			-5.7106E+04
4970			-5.7108E+04
4975			-5.7109E+04
4980			-5.7110E+04
4985			-5.7111E+04
4990			-5.7112E+04
4995			-5.7112E+04
5000			-5.7113E+04
5000			-5.7113E+04
