1			-3.4957E+04
5			-3.5615E+04
10			-3.6695E+04
15			-3.8068E+04
20			-3.9868E+04
25			-4.1959E+04
30			-4.2953E+04
35			-4.3779E+04
40			-4.4253E+04
45			-4.4637E+04
50			-4.4887E+04
55			-4.5163E+04
60			-4.5400E+04
65			-4.5738E+04
70			-4.5822E+04
75			-4.6148E+04
80			-4.6304E+04
85			-4.6486E+04
90			-4.6641E+04
95			-4.6787E+04
100			-4.6897E+04
105			-4.7026E+04
110			-4.7143E+04
115			-4.7250E+04
120			-4.7359E+04
125			-4.7500E+04
130			-4.7546E+04
135			-4.7639E+04
140			-4.7788E+04
145			-4.7865E+04
150			-4.7951E+04
155			-4.8039E+04
160			-4.8116E+04
165			-4.8194E+04
170			-4.8270E+04
175			-4.8328E+04
180			-4.8397E+04
185			-4.8463E+04
190			-4.8524E+04
195			-4.8581E+04
200			-4.8643E+04
205			-4.8724E+04
210			-4.8754E+04
215			-4.8809E+04
220			-4.8862E+04
225			-4.8949E+04
230			-4.8994E+04
235			-4.9047E+04
240			-4.9100E+04
245			-4.9152E+04
250			-4.9201E+04
255			-4.9249E+04
260			-4.9296E+04
265			-4.9333E+04
270			-4.9378E+04
275			-4.9422E+04
280			-4.9464E+04
285			-4.9503E+04
290			-4.9543E+04
295			-4.9584E+04
300			-4.9637E+04
305			-4.9656E+04
310			-4.9694E+04
315			-4.9732E+04
320			-4.9793E+04
325			-4.9825E+04
330			-4.9862E+04
335			-4.9899E+04
340			-4.9936E+04
345			-4.9970E+04
350			-5.0001E+04
355			-5.0033E+04
360			-5.0070E+04
365			-5.0098E+04
370			-5.0130E+04
375			-5.0161E+04
380			-5.0191E+04
385			-5.0220E+04
390			-5.0250E+04
395			-5.0278E+04
400			-5.0306E+04
405			-5.0335E+04
410			-5.0377E+04
415			-5.0388E+04
420			-5.0417E+04
425			-5.0463E+04
430			-5.0487E+04
435			-5.0516E+04
440			-5.0545E+04
445			-5.0574E+04
450			-5.0601E+04
455			-5.0629E+04
460			-5.0656E+04
465			-5.0683E+04
470			-5.0703E+04
475			-5.0730E+04
480			-5.0755E+04
485			-5.0780E+04
490			-5.0803E+04
495			-5.0827E+04
500			-5.0852E+04
505			-5.0884E+04
510			-5.0897E+04
515			-5.0920E+04
520			-5.0944E+04
525			-5.0967E+04
530			-5.0990E+04
535			-5.1028E+04
540			-5.1047E+04
545			-5.1070E+04
550			-5.1094E+04
555			-5.1115E+04
560			-5.1138E+04
565			-5.1160E+04
570			-5.1183E+04
575			-5.1200E+04
580			-5.1221E+04
585			-5.1243E+04
590			-5.1263E+04
595			-5.1282E+04
600			-5.1301E+04
605			-5.1321E+04
610			-5.1342E+04
615			-5.1369E+04
620			-5.1379E+04
625			-5.1398E+04
630			-5.1417E+04
635			-5.1436E+04
640			-5.1467E+04
645			-5.1483E+04
650			-5.1502E+04
655			-5.1522E+04
660			-5.1541E+04
665			-5.1559E+04
670			-5.1578E+04
675			-5.1597E+04
680			-5.1615E+04
685			-5.1630E+04
690			-5.1648E+04
695			-5.1666E+04
700			-5.1684E+04
705			-5.1700E+04
710			-5.1716E+04
715			-5.1733E+04
720			-5.1750E+04
725			-5.1773E+04
730			-5.1781E+04
735			-5.1798E+04
740			-5.1814E+04
745			-5.1831E+04
750			-5.1857E+04
755			-5.1871E+04
760			-5.1888E+04
765			-5.1905E+04
770			-5.1922E+04
775			-5.1937E+04
780			-5.1953E+04
785			-5.1970E+04
790			-5.1986E+04
795			-5.1999E+04
800			-5.2015E+04
805			-5.2030E+04
810			-5.2045E+04
815			-5.2059E+04
820			-5.2073E+04
825			-5.2087E+04
830			-5.2103E+04
835			-5.2118E+04
840			-5.2138E+04
845			-5.2144E+04
850			-5.2158E+04
855			-5.2172E+04
860			-5.2196E+04
865			-5.2208E+04
870			-5.2222E+04
875			-5.2237E+04
880			-5.2251E+04
885			-5.2265E+04
890			-5.2279E+04
895			-5.2293E+04
900			-5.2308E+04
905			-5.2319E+04
910			-5.2332E+04
915			-5.2346E+04
920			-5.2360E+04
925			-5.2372E+04
930			-5.2385E+04
935			-5.2397E+04
940			-5.2410E+04
945			-5.2427E+04
950			-5.2434E+04
955			-5.2446E+04
960			-5.2465E+04
965			-5.2469E+04
970			-5.2481E+04
975			-5.2501E+04
980			-5.2512E+04
985			-5.2524E+04
990			-5.2537E+04
995			-5.2549E+04
1000			-5.2561E+04
1005			-5.2579E+04
1010			-5.3031E+04
1015			-5.3168E+04
1020			-5.3229E+04
1025			-5.3262E+04
1030			-5.3265E+04
1035			-5.3286E+04
1040			-5.3335E+04
1045			-5.3417E+04
1050			-5.3575E+04
1055			-5.3577E+04
1060			-5.3657E+04
1065			-5.3698E+04
1070			-5.3735E+04
1075			-5.3758E+04
1080			-5.3760E+04
1085			-5.3789E+04
1090			-5.3814E+04
1095			-5.3844E+04
1100			-5.3908E+04
1105			-5.3910E+04
1110			-5.3943E+04
1115			-5.3970E+04
1120			-5.3992E+04
1125			-5.4017E+04
1130			-5.4019E+04
1135			-5.4039E+04
1140			-5.4051E+04
1145			-5.4087E+04
1150			-5.4119E+04
1155			-5.4121E+04
1160			-5.4152E+04
1165			-5.4176E+04
1170			-5.4191E+04
1175			-5.4208E+04
1180			-5.4210E+04
1185			-5.4225E+04
1190			-5.4237E+04
1195			-5.4277E+04
1200			-5.4342E+04
1205			-5.4344E+04
1210			-5.4387E+04
1215			-5.4412E+04
1220			-5.4425E+04
1225			-5.4433E+04
1230			-5.4434E+04
1235			-5.4442E+04
1240			-5.4455E+04
1245			-5.4538E+04
1250			-5.4628E+04
1255			-5.4630E+04
1260			-5.4678E+04
1265			-5.4711E+04
1270			-5.4723E+04
1275			-5.4734E+04
1280			-5.4735E+04
1285			-5.4743E+04
1290			-5.4756E+04
1295			-5.4775E+04
1300			-5.4817E+04
1305			-5.4818E+04
1310			-5.4843E+04
1315			-5.4858E+04
1320			-5.4868E+04
1325			-5.4874E+04
1330			-5.4876E+04
1335			-5.4881E+04
1340			-5.4893E+04
1345			-5.4909E+04
1350			-5.4936E+04
1355			-5.4938E+04
1360			-5.4961E+04
1365			-5.4977E+04
1370			-5.4983E+04
1375			-5.4990E+04
1380			-5.4991E+04
1385			-5.4996E+04
1390			-5.5004E+04
1395			-5.5098E+04
1400			-5.5146E+04
1405			-5.5148E+04
1410			-5.5174E+04
1415			-5.5189E+04
1420			-5.5198E+04
1425			-5.5210E+04
1430			-5.5211E+04
1435			-5.5217E+04
1440			-5.5225E+04
1445			-5.5236E+04
1450			-5.5256E+04
1455			-5.5258E+04
1460			-5.5273E+04
1465			-5.5285E+04
1470			-5.5292E+04
1475			-5.5299E+04
1480			-5.5300E+04
1485			-5.5306E+04
1490			-5.5314E+04
1495			-5.5323E+04
1500			-5.5344E+04
1505			-5.5346E+04
1510			-5.5359E+04
1515			-5.5368E+04
1520			-5.5374E+04
1525			-5.5380E+04
1530			-5.5381E+04
1535			-5.5385E+04
1540			-5.5392E+04
1545			-5.5402E+04
1550			-5.5419E+04
1555			-5.5421E+04
1560			-5.5434E+04
1565			-5.5444E+04
1570			-5.5448E+04
1575			-5.5453E+04
1580			-5.5455E+04
1585			-5.5459E+04
1590			-5.5466E+04
1595			-5.5475E+04
1600			-5.5493E+04
1605			-5.5494E+04
1610			-5.5506E+04
1615			-5.5516E+04
1620			-5.5521E+04
1625			-5.5525E+04
1630			-5.5526E+04
1635			-5.5530E+04
1640			-5.5536E+04
1645			-5.5546E+04
1650			-5.5559E+04
1655			-5.5561E+04
1660			-5.5571E+04
1665			-5.5578E+04
1670			-5.5584E+04
1675			-5.5587E+04
1680			-5.5588E+04
1685			-5.5591E+04
1690			-5.5597E+04
1695			-5.5606E+04
1700			-5.5619E+04
1705			-5.5620E+04
1710			-5.5630E+04
1715			-5.5637E+04
1720			-5.5640E+04
1725			-5.5644E+04
1730			-5.5645E+04
1735			-5.5648E+04
1740			-5.5653E+04
1745			-5.5660E+04
1750			-5.5670E+04
1755			-5.5672E+04
1760			-5.5679E+04
1765			-5.5685E+04
1770			-5.5688E+04
1775			-5.5692E+04
1780			-5.5693E+04
1785			-5.5697E+04
1790			-5.5702E+04
1795			-5.5706E+04
1800			-5.5714E+04
1805			-5.5715E+04
1810			-5.5721E+04
1815			-5.5726E+04
1820			-5.5730E+04
1825			-5.5734E+04
1830			-5.5735E+04
1835			-5.5738E+04
1840			-5.5743E+04
1845			-5.5748E+04
1850			-5.5755E+04
1855			-5.5756E+04
1860			-5.5762E+04
1865			-5.5767E+04
1870			-5.5771E+04
1875			-5.5775E+04
1880			-5.5776E+04
1885			-5.5779E+04
1890			-5.5783E+04
1895			-5.5788E+04
1900			-5.5796E+04
1905			-5.5798E+04
1910			-5.5804E+04
1915			-5.5811E+04
1920			-5.5814E+04
1925			-5.5818E+04
1930			-5.5819E+04
1935			-5.5822E+04
1940			-5.5827E+04
1945			-5.5833E+04
1950			-5.5846E+04
1955			-5.5847E+04
1960			-5.5856E+04
1965			-5.5860E+04
1970			-5.5865E+04
1975			-5.5868E+04
1980			-5.5869E+04
1985			-5.5872E+04
1990			-5.5877E+04
1995			-5.5883E+04
2000			-5.5894E+04
2005			-5.5895E+04
2010			-5.5903E+04
2015			-5.5909E+04
2020			-5.5912E+04
2025			-5.5915E+04
2030			-5.5916E+04
2035			-5.5919E+04
2040			-5.5923E+04
2045			-5.5928E+04
2050			-5.5937E+04
2055			-5.5938E+04
2060			-5.5944E+04
2065			-5.5948E+04
2070			-5.5951E+04
2075			-5.5954E+04
2080			-5.5955E+04
2085			-5.5957E+04
2090			-5.5961E+04
2095			-5.5965E+04
2100			-5.5972E+04
2105			-5.5974E+04
2110			-5.5978E+04
2115			-5.5982E+04
2120			-5.5985E+04
2125			-5.5989E+04
2130			-5.5990E+04
2135			-5.5991E+04
2140			-5.5995E+04
2145			-5.5998E+04
2150			-5.6004E+04
2155			-5.6006E+04
2160			-5.6011E+04
2165			-5.6014E+04
2170			-5.6017E+04
2175			-5.6020E+04
2180			-5.6021E+04
2185			-5.6024E+04
2190			-5.6027E+04
2195			-5.6030E+04
2200			-5.6038E+04
2205			-5.6039E+04
2210			-5.6043E+04
2215			-5.6047E+04
2220			-5.6050E+04
2225			-5.6053E+04
2230			-5.6054E+04
2235			-5.6056E+04
2240			-5.6059E+04
2245			-5.6062E+04
2250			-5.6068E+04
2255			-5.6070E+04
2260			-5.6073E+04
2265			-5.6077E+04
2270			-5.6080E+04
2275			-5.6083E+04
2280			-5.6084E+04
2285			-5.6086E+04
2290			-5.6090E+04
2295			-5.6092E+04
2300			-5.6098E+04
2305			-5.6100E+04
2310			-5.6103E+04
2315			-5.6107E+04
2320			-5.6109E+04
2325			-5.6112E+04
2330			-5.6113E+04
2335			-5.6115E+04
2340			-5.6118E+04
2345			-5.6122E+04
2350			-5.6128E+04
2355			-5.6129E+04
2360			-5.6133E+04
2365			-5.6137E+04
2370			-5.6139E+04
2375			-5.6142E+04
2380			-5.6143E+04
2385			-5.6145E+04
2390			-5.6149E+04
2395			-5.6152E+04
2400			-5.6159E+04
2405			-5.6160E+04
2410			-5.6164E+04
2415			-5.6168E+04
2420			-5.6170E+04
2425			-5.6173E+04
2430			-5.6174E+04
2435			-5.6175E+04
2440			-5.6178E+04
2445			-5.6182E+04
2450			-5.6189E+04
2455			-5.6190E+04
2460			-5.6194E+04
2465			-5.6198E+04
2470			-5.6200E+04
2475			-5.6204E+04
2480			-5.6205E+04
2485			-5.6206E+04
2490			-5.6210E+04
2495			-5.6213E+04
2500			-5.6218E+04
2505			-5.6219E+04
2510			-5.6223E+04
2515			-5.6226E+04
2520			-5.6228E+04
2525			-5.6232E+04
2530			-5.6233E+04
2535			-5.6236E+04
2540			-5.6239E+04
2545			-5.6242E+04
2550			-5.6247E+04
2555			-5.6248E+04
2560			-5.6252E+04
2565			-5.6255E+04
2570			-5.6257E+04
2575			-5.6262E+04
2580			-5.6263E+04
2585			-5.6266E+04
2590			-5.6269E+04
2595			-5.6272E+04
2600			-5.6277E+04
2605			-5.6278E+04
2610			-5.6281E+04
2615			-5.6284E+04
2620			-5.6286E+04
2625			-5.6292E+04
2630			-5.6294E+04
2635			-5.6296E+04
2640			-5.6299E+04
2645			-5.6301E+04
2650			-5.6305E+04
2655			-5.6307E+04
2660			-5.6309E+04
2665			-5.6312E+04
2670			-5.6315E+04
2675			-5.6319E+04
2680			-5.6322E+04
2685			-5.6324E+04
2690			-5.6327E+04
2695			-5.6329E+04
2700			-5.6336E+04
2705			-5.6337E+04
2710			-5.6341E+04
2715			-5.6344E+04
2720			-5.6346E+04
2725			-5.6348E+04
2730			-5.6349E+04
2735			-5.6350E+04
2740			-5.6353E+04
2745			-5.6355E+04
2750			-5.6361E+04
2755			-5.6362E+04
2760			-5.6365E+04
2765			-5.6368E+04
2770			-5.6370E+04
2775			-5.6372E+04
2780			-5.6373E+04
2785			-5.6374E+04
2790			-5.6377E+04
2795			-5.6379E+04
2800			-5.6384E+04
2805			-5.6385E+04
2810			-5.6388E+04
2815			-5.6391E+04
2820			-5.6393E+04
2825			-5.6394E+04
2830			-5.6395E+04
2835			-5.6396E+04
2840			-5.6399E+04
2845			-5.6401E+04
2850			-5.6405E+04
2855			-5.6406E+04
2860			-5.6409E+04
2865			-5.6412E+04
2870			-5.6414E+04
2875			-5.6416E+04
2880			-5.6416E+04
2885			-5.6417E+04
2890			-5.6420E+04
2895			-5.6422E+04
2900			-5.6427E+04
2905			-5.6428E+04
2910			-5.6431E+04
2915			-5.6433E+04
2920			-5.6434E+04
2925			-5.6437E+04
2930			-5.6437E+04
2935			-5.6439E+04
2940			-5.6441E+04
2945			-5.6443E+04
2950			-5.6448E+04
2955			-5.6449E+04
2960			-5.6451E+04
2965			-5.6454E+04
2970			-5.6456E+04
2975			-5.6457E+04
2980			-5.6458E+04
2985			-5.6459E+04
2990			-5.6462E+04
2995			-5.6463E+04
3000			-5.6468E+04
3005			-5.6469E+04
3010			-5.6472E+04
3015			-5.6474E+04
3020			-5.6475E+04
3025			-5.6477E+04
3030			-5.6478E+04
3035			-5.6479E+04
3040			-5.6481E+04
3045			-5.6483E+04
3050			-5.6487E+04
3055			-5.6489E+04
3060			-5.6492E+04
3065			-5.6494E+04
3070			-5.6496E+04
3075			-5.6498E+04
3080			-5.6498E+04
3085			-5.6499E+04
3090			-5.6501E+04
3095			-5.6504E+04
3100			-5.6509E+04
3105			-5.6510E+04
3110			-5.6513E+04
3115			-5.6516E+04
3120			-5.6517E+04
3125			-5.6519E+04
3130			-5.6519E+04
3135			-5.6520E+04
3140			-5.6522E+04
3145			-5.6524E+04
3150			-5.6529E+04
3155			-5.6530E+04
3160			-5.6532E+04
3165			-5.6534E+04
3170			-5.6536E+04
3175			-5.6537E+04
3180			-5.6538E+04
3185			-5.6539E+04
3190			-5.6541E+04
3195			-5.6543E+04
3200			-5.6547E+04
3205			-5.6548E+04
3210			-5.6550E+04
3215			-5.6552E+04
3220			-5.6554E+04
3225			-5.6555E+04
3230			-5.6556E+04
3235			-5.6557E+04
3240			-5.6559E+04
3245			-5.6561E+04
3250			-5.6566E+04
3255			-5.6567E+04
3260			-5.6570E+04
3265			-5.6572E+04
3270			-5.6574E+04
3275			-5.6575E+04
3280			-5.6576E+04
3285			-5.6577E+04
3290			-5.6579E+04
3295			-5.6580E+04
3300			-5.6583E+04
3305			-5.6583E+04
3310			-5.6585E+04
3315			-5.6586E+04
3320			-5.6589E+04
3325			-5.6593E+04
3330			-5.6594E+04
3335			-5.6596E+04
3340			-5.6599E+04
3345			-5.6600E+04
3350			-5.6603E+04
3355			-5.6605E+04
3360			-5.6612E+04
3365			-5.6612E+04
3370			-5.6614E+04
3375			-5.6618E+04
3380			-5.6619E+04
3385			-5.6621E+04
3390			-5.6623E+04
3395			-5.6624E+04
3400			-5.6626E+04
3405			-5.6627E+04
3410			-5.6628E+04
3415			-5.6630E+04
3420			-5.6632E+04
3425			-5.6636E+04
3430			-5.6637E+04
3435			-5.6639E+04
3440			-5.6641E+04
3445			-5.6643E+04
3450			-5.6645E+04
3455			-5.6645E+04
3460			-5.6646E+04
3465			-5.6648E+04
3470			-5.6650E+04
3475			-5.6652E+04
3480			-5.6653E+04
3485			-5.6655E+04
3490			-5.6657E+04
3495			-5.6658E+04
3500			-5.6660E+04
3505			-5.6660E+04
3510			-5.6661E+04
3515			-5.6663E+04
3520			-5.6665E+04
3525			-5.6667E+04
3530			-5.6668E+04
3535			-5.6670E+04
3540			-5.6672E+04
3545			-5.6673E+04
3550			-5.6674E+04
3555			-5.6675E+04
3560			-5.6675E+04
3565			-5.6677E+04
3570			-5.6679E+04
3575			-5.6682E+04
3580			-5.6683E+04
3585			-5.6684E+04
3590			-5.6686E+04
3595			-5.6687E+04
3600			-5.6689E+04
3605			-5.6689E+04
3610			-5.6690E+04
3615			-5.6692E+04
3620			-5.6693E+04
3625			-5.6696E+04
3630			-5.6697E+04
3635			-5.6699E+04
3640			-5.6701E+04
3645			-5.6702E+04
3650			-5.6703E+04
3655			-5.6703E+04
3660			-5.6704E+04
3665			-5.6706E+04
3670			-5.6708E+04
3675			-5.6710E+04
3680			-5.6711E+04
3685			-5.6712E+04
3690			-5.6714E+04
3695			-5.6716E+04
3700			-5.6717E+04
3705			-5.6717E+04
3710			-5.6718E+04
3715			-5.6720E+04
3720			-5.6721E+04
3725			-5.6724E+04
3730			-5.6725E+04
3735			-5.6726E+04
3740			-5.6728E+04
3745			-5.6729E+04
3750			-5.6731E+04
3755			-5.6732E+04
3760			-5.6733E+04
3765			-5.6734E+04
3770			-5.6736E+04
3775			-5.6738E+04
3780			-5.6739E+04
3785			-5.6741E+04
3790			-5.6743E+04
3795			-5.6744E+04
3800			-5.6745E+04
3805			-5.6746E+04
3810			-5.6746E+04
3815			-5.6748E+04
3820			-5.6750E+04
3825			-5.6753E+04
3830			-5.6754E+04
3835			-5.6756E+04
3840			-5.6758E+04
3845			-5.6759E+04
3850			-5.6761E+04
3855			-5.6761E+04
3860			-5.6762E+04
3865			-5.6764E+04
3870			-5.6765E+04
3875			-5.6768E+04
3880			-5.6769E+04
3885			-5.6771E+04
3890			-5.6773E+04
3895			-5.6774E+04
3900			-5.6775E+04
3905			-5.6776E+04
3910			-5.6777E+04
3915			-5.6778E+04
3920			-5.6780E+04
3925			-5.6783E+04
3930			-5.6784E+04
3935			-5.6785E+04
3940			-5.6787E+04
3945			-5.6789E+04
3950			-5.6790E+04
3955			-5.6790E+04
3960			-5.6791E+04
3965			-5.6793E+04
3970			-5.6795E+04
3975			-5.6798E+04
3980			-5.6799E+04
3985			-5.6801E+04
3990			-5.6803E+04
3995			-5.6804E+04
4000			-5.6806E+04
4005			-5.6807E+04
4010			-5.6808E+04
4015			-5.6810E+04
4020			-5.6812E+04
4025			-5.6815E+04
4030			-5.6816E+04
4035			-5.6818E+04
4040			-5.6821E+04
4045			-5.6822E+04
4050			-5.6825E+04
4055			-5.6827E+04
4060			-5.6828E+04
4065			-5.6830E+04
4070			-5.6832E+04
4075			-5.6835E+04
4080			-5.6836E+04
4085			-5.6839E+04
4090			-5.6842E+04
4095			-5.6843E+04
4100			-5.6846E+04
4105			-5.6847E+04
4110			-5.6847E+04
4115			-5.6849E+04
4120			-5.6852E+04
4125			-5.6857E+04
4130			-5.6858E+04
4135			-5.6862E+04
4140			-5.6865E+04
4145			-5.6866E+04
4150			-5.6868E+04
4155			-5.6869E+04
4160			-5.6870E+04
4165			-5.6872E+04
4170			-5.6874E+04
4175			-5.6879E+04
4180			-5.6880E+04
4185			-5.6883E+04
4190			-5.6885E+04
4195			-5.6886E+04
4200			-5.6887E+04
4205			-5.6888E+04
4210			-5.6888E+04
4215			-5.6890E+04
4220			-5.6892E+04
4225			-5.6895E+04
4230			-5.6896E+04
4235			-5.6898E+04
4240			-5.6900E+04
4245			-5.6901E+04
4250			-5.6902E+04
4255			-5.6902E+04
4260			-5.6903E+04
4265			-5.6905E+04
4270			-5.6907E+04
4275			-5.6911E+04
4280			-5.6912E+04
4285			-5.6913E+04
4290			-5.6915E+04
4295			-5.6916E+04
4300			-5.6917E+04
4305			-5.6917E+04
4310			-5.6918E+04
4315			-5.6920E+04
4320			-5.6921E+04
4325			-5.6923E+04
4330			-5.6924E+04
4335			-5.6926E+04
4340			-5.6927E+04
4345			-5.6928E+04
4350			-5.6929E+04
4355			-5.6930E+04
4360			-5.6930E+04
4365			-5.6932E+04
4370			-5.6933E+04
4375			-5.6937E+04
4380			-5.6938E+04
4385			-5.6939E+04
4390			-5.6940E+04
4395			-5.6941E+04
4400			-5.6942E+04
4405			-5.6942E+04
4410			-5.6943E+04
4415			-5.6944E+04
4420			-5.6945E+04
4425			-5.6948E+04
4430			-5.6949E+04
4435			-5.6950E+04
4440			-5.6951E+04
4445			-5.6952E+04
4450			-5.6953E+04
4455			-5.6952E+04
4460			-5.6954E+04
4465			-5.6955E+04
4470			-5.6956E+04
4475			-5.6958E+04
4480			-5.6959E+04
4485			-5.6960E+04
4490			-5.6962E+04
4495			-5.6963E+04
4500			-5.6963E+04
4505			-5.6963E+04
4510			-5.6964E+04
4515			-5.6965E+04
4520			-5.6967E+04
4525			-5.6969E+04
4530			-5.6970E+04
4535			-5.6971E+04
4540			-5.6973E+04
4545			-5.6974E+04
4550			-5.6975E+04
4555			-5.6975E+04
4560			-5.6976E+04
4565			-5.6977E+04
4570			-5.6978E+04
4575			-5.6981E+04
4580			-5.6981E+04
4585			-5.6983E+04
4590			-5.6984E+04
4595			-5.6985E+04
4600			-5.6986E+04
4605			-5.6986E+04
4610			-5.6987E+04
4615			-5.6988E+04
4620			-5.6989E+04
4625			-5.6991E+04
4630			-5.6992E+04
4635			-5.6993E+04
4640			-5.6994E+04
4645			-5.6995E+04
4650			-5.6996E+04
4655			-5.6995E+04
4660			-5.6997E+04
4665			-5.6998E+04
4670			-5.6999E+04
4675			-5.7002E+04
4680			-5.7003E+04
4685			-5.7004E+04
4690			-5.7005E+04
4695			-5.7006E+04
4700			-5.7007E+04
4705			-5.7006E+04
4710			-5.7008E+04
4715			-5.7009E+04
4720			-5.7010E+04
4725			-5.7015E+04
4730			-5.7016E+04
4735			-5.7018E+04
4740			-5.7020E+04
4745			-5.7021E+04
4750			-5.7021E+04
4755			-5.7021E+04
4760			-5.7023E+04
4765			-5.7024E+04
4770			-5.7025E+04
4775			-5.7030E+04
4780			-5.7031E+04
4785			-5.7033E+04
4790			-5.7034E+04
4795			-5.7035E+04
4800			-5.7036E+04
4805			-5.7035E+04
4810			-5.7036E+04
4815			-5.7038E+04
4820			-5.7039E+04
4825			-5.7042E+04
4830			-5.7043E+04
4835			-5.7044E+04
4840			-5.7045E+04
4845			-5.7046E+04
4850			-5.7046E+04
4855			-5.7046E+04
4860			-5.7047E+04
4865			-5.7048E+04
4870			-5.7049E+04
4875			-5.7051E+04
4880			-5.7052E+04
4885			-5.7053E+04
4890			-5.7055E+04
4895			-5.7055E+04
4900			-5.7056E+04
4905			-5.7056E+04
4910			-5.7057E+04
4915			-5.7058E+04
4920			-5.7059E+04
4925			-5.7062E+04
4930			-5.7063E+04
4935			-5.7064E+04
4940			-5.7066E+04
4945			-5.7066E+04
4950			-5.7067E+04
4955			-5.7067E+04
4960			-5.7068E+04
4965			-5.7069E+04
4970			-5.7070E+04
4975			-5.7074E+04
4980			-5.7075E+04
4985			-5.7076E+04
4990			-5.7077E+04
4995			-5.7078E+04
5000			-5.7079E+04
5000			-5.7079E+04
