#Atom            RMSF
  36.000       2.2128
  55.000       2.2145
  74.000       2.0783
  93.000       1.7478
 112.000       1.6048
 134.000       1.6439
 148.000       1.7977
 172.000       1.4149
 191.000       1.4428
 209.000       1.6211
 223.000       1.5696
 242.000       1.4046
 259.000       1.5067
 270.000       1.3002
 286.000       0.9046
 296.000       1.0738
 318.000       1.4025
 332.000       1.2940
 351.000       0.9626
 365.000       1.2417
 372.000       0.9754
 391.000       1.1946
 407.000       1.3036
 424.000       1.3227
 441.000       1.0444
 463.000       0.8881
 473.000       1.0472
 487.000       1.0767
 503.000       1.0271
 519.000       1.1283
 538.000       1.5394
 557.000       1.8115
 564.000       1.4625
 578.000       1.9117
 597.000       1.7569
 613.000       2.3655
 629.000       2.2621
 648.000       1.3728
 664.000       1.0557
 686.000       0.9262
 708.000       0.7388
 724.000       0.6834
 741.000       0.7379
 760.000       0.6497
 781.000       0.6580
 792.000       0.7759
 811.000       0.8744
 821.000       0.9032
 840.000       0.8645
 859.000       1.1026
 881.000       1.5753
 895.000       1.4873
 915.000       1.3001
 929.000       1.3227
 948.000       1.3279
 967.000       1.9319
 983.000       2.7309
1005.000       2.9509
1019.000       2.4534
1033.000       2.3225
1049.000       1.8687
1069.000       1.6058
1099.000       2.5698
1105.000       2.0375
1122.000       2.2269
1129.000       2.2074
1148.000       2.1692
1170.000       2.4962
1180.000       2.0030
1196.000       1.6745
1213.000       1.6278
1232.000       1.7558
1251.000       1.6548
1270.000       1.4711
1289.000       1.5204
1305.000       1.5035
1324.000       1.5529
1338.000       1.2736
1349.000       1.1459
1365.000       1.2953
1387.000       1.2387
1404.000       1.0986
1423.000       1.3716
1439.000       1.4840
1450.000       1.2878
1466.000       1.4793
1476.000       2.7702
1487.000       1.9634
1501.000       1.3721
1520.000       1.8763
1531.000       1.3684
1550.000       1.6522
1569.000       1.4198
1591.000       1.2950
1597.000       1.0632
1615.000       0.8772
1634.000       0.8806
1656.000       0.8059
1666.000       0.6629
1677.000       0.6798
1699.000       0.7397
1718.000       0.7025
1734.000       0.7280
1751.000       0.8466
1761.000       0.9701
1777.000       0.9718
1788.000       1.0695
1810.000       1.0847
1831.000       1.0495
1853.000       0.9108
1867.000       1.0839
1884.000       1.0340
1906.000       1.4069
