  -0.408
  -1.264
   0.995
  -0.669
   0.649
   3.256
   0.023
  -0.647
   0.553
  -1.724
  -0.439
   1.999
   0.149
   0.217
  -3.054
   1.221
  -4.357
   0.314
  -0.188
  -2.301
   3.379
  -0.229
   1.452
  -1.855
  -1.698
  -0.938
   1.014
  -0.051
  -2.365
   1.724
   0.055
   2.518
   0.620
   3.812
   2.624
  -2.878
  -0.852
  -2.106
   6.050
   0.101
  -3.136
   8.999
   1.521
   6.037
  -4.075
  -1.887
   0.736
  -5.978
  -0.324
   2.428
  -1.695
   5.646
  -2.307
   1.215
  -6.068
  -2.480
   2.557
   0.095
  -0.409
  -1.573
   0.652
   0.572
   2.495
   3.771
  -1.351
  -4.557
  -0.712
   1.768
   0.818
  -3.614
   1.122
   4.618
  -0.060
   5.502
   0.633
   1.344
   1.025
   2.775
   0.822
  -1.063
  -1.380
  -0.525
  -2.210
   1.991
  -0.557
  -1.003
  -0.316
   1.126
  -0.171
  -0.804
  -0.362
   0.576
  -1.624
  -0.298
   1.851
   1.031
   0.673
   1.243
   0.278
   1.758
   2.357
   3.341
  -0.508
  -1.917
  -0.171
   1.505
  -1.239
   1.589
  -4.245
  -2.325
   0.234
  -0.964
   2.711
   3.536
  -2.151
  -1.752
   3.361
   0.183
   0.750
   1.738
   0.412
   1.684
   0.590
   2.273
  -0.293
   0.909
   1.342
  -1.953
  -0.332
  -0.056
  -1.438
   3.300
   0.289
   1.430
   1.819
   2.534
   0.348
   0.019
  -0.719
   2.053
   2.301
   0.353
   1.277
   0.796
  -0.226
   0.955
   1.926
   1.221
   0.623
   3.031
  -0.501
  -1.971
  -1.804
  -1.776
   0.535
  -2.651
  -0.507
   1.163
   1.440
  -1.320
  -3.041
   1.071
   2.401
   1.904
  -0.439
   1.152
   2.435
   0.519
   0.827
   2.533
   0.298
   1.538
   0.448
   0.169
  -1.851
   1.056
   1.507
   1.239
  -0.354
  -2.547
   1.390
  -1.352
   2.619
  -2.763
   0.503
   0.081
  -0.467
   4.623
  -0.891
   2.487
  -0.130
  -2.401
  -0.649
  -0.361
  -1.102
  -3.037
  -0.663
  -1.722
   0.839
  -4.142
   3.698
   2.239
  -0.151
   0.005
   3.663
   5.486
   1.022
   1.959
  -0.427
   4.811
  -1.860
  -3.971
   0.063
   1.130
  -4.490
  -3.428
  -2.284
  -1.641
  -3.648
   2.257
  -0.155
   0.934
  -0.956
   1.771
   5.657
   0.814
   0.844
  -0.017
   0.996
  -2.312
   1.684
  -0.539
   3.550
   0.891
   2.084
  -0.852
   2.579
   1.206
  -0.360
   0.108
  -1.426
   1.357
   2.889
  -1.087
   3.404
  -0.656
   1.132
   1.332
  -0.303
   0.495
  -0.675
  -1.034
  -1.913
  -2.098
   0.818
   0.557
   0.829
  -0.795
   1.174
  -0.267
   0.788
  -0.139
   0.085
  -0.228
   0.151
   3.091
   2.027
  -3.368
   3.540
  -0.784
  -2.537
   0.237
   2.612
  -0.968
   1.006
  -1.664
  -0.912
  -1.071
  -1.573
   0.110
  -0.680
   1.381
  -3.808
   0.010
   2.761
  -1.715
  -0.469
  -0.499
   1.183
   4.484
   2.351
   2.094
  -0.168
   0.134
   2.206
  -1.380
   0.021
   0.367
  -0.070
  -2.386
   1.103
  -1.693
  -1.339
  -1.731
   1.099
  -1.702
  -1.718
   0.653
  -0.454
  -0.138
  -0.852
  -1.444
   1.503
   4.410
   1.555
  -5.565
   5.206
   2.389
  -0.688
  -0.036
   2.739
  -0.896
   1.112
   0.787
   1.125
   1.318
   4.461
  -2.368
   1.813
  -1.850
  -0.333
  -0.780
   0.646
