   1.773
   0.052
  -2.078
  -1.194
  -0.613
   0.281
  -0.643
  -2.047
  -0.507
   1.769
  -1.258
  -0.299
   1.901
  -1.160
  -1.083
  -0.812
  -1.768
   0.758
   0.205
   0.898
  -2.401
   0.091
   0.811
   1.507
   1.993
  -1.167
  -0.988
  -3.366
  -0.657
   0.227
  -1.236
   1.314
  -1.085
   2.888
  -0.778
   3.626
   0.489
   0.573
  -0.031
  -1.487
  -0.218
  -3.573
   0.392
   2.734
   0.969
  -2.110
  -3.144
   1.316
  -0.561
  -4.178
   2.179
  -0.830
  -3.409
  -2.588
  -6.533
   1.592
   7.363
   1.918
   4.970
   4.598
  -0.861
   1.571
  -1.077
   0.733
   2.196
   0.117
   1.656
  -1.490
  -0.003
   3.413
   0.226
  -1.945
  -0.605
   1.584
  -0.261
   1.372
   0.038
   2.548
   0.268
  -0.855
   0.895
  -2.167
  -0.723
  -0.809
   2.568
  -1.199
   0.445
  -2.347
  -0.860
  -2.908
  -1.481
   0.457
  -1.876
   2.457
   0.141
   0.854
   0.069
   2.678
   1.520
   1.120
   0.046
  -1.113
  -2.408
   1.109
   0.938
   3.083
  -2.047
   1.144
  -1.983
   0.618
   0.277
  -0.666
   1.257
   0.738
  -1.296
   1.296
   0.470
   0.757
  -2.133
   0.010
  -2.143
  -0.806
  -0.879
  -1.690
  -1.609
   1.919
   4.434
   0.047
  -0.338
   0.936
  -2.722
   3.112
  -3.483
  -2.239
   1.435
  -3.951
  -0.247
   0.585
   1.354
   1.743
   1.104
   1.642
  -1.163
  -3.319
   1.138
   2.299
  -1.269
  -0.004
  -0.501
  -0.620
  -2.078
  -0.816
  -1.284
   0.320
  -1.413
   4.024
  -1.209
   2.040
  -0.389
   0.141
  -1.716
  -0.855
   0.776
   1.561
  -0.479
   1.681
  -1.232
  -0.236
  -1.673
  -0.496
   0.598
  -2.617
  -1.120
   0.285
  -0.905
  -3.529
   1.466
  -0.506
  -0.811
  -0.697
  -2.172
  -1.315
  -2.446
   0.973
   0.613
  -0.978
   2.392
   0.319
   2.729
  -4.878
  -3.783
   1.608
  -0.658
   0.460
   2.621
  -1.600
   1.449
   2.449
   2.433
  -0.560
   1.411
   0.318
   2.306
  -0.513
   3.272
  -4.685
   2.385
   1.516
   2.158
   0.577
   2.759
   0.597
   2.383
   1.494
   1.807
  -0.632
   0.073
   2.886
   1.387
   1.330
  -1.126
  -6.051
   1.298
  -1.856
  -1.887
   4.721
  -0.689
   3.248
  -0.848
  -2.596
   0.172
  -0.923
   4.857
  -0.647
  -2.020
   3.219
  -1.757
  -0.926
   0.316
   1.173
  -2.139
  -1.871
  -0.219
   0.434
  -0.074
  -1.452
  -0.803
  -1.485
   0.316
   2.502
   3.787
  -6.574
  -0.805
  -2.944
   0.568
  -2.585
   1.904
  -2.940
  -1.348
  -0.157
   0.840
   0.715
  -2.364
   7.612
   0.563
  -1.222
  -4.062
   0.301
   0.395
  -4.069
   0.146
   1.339
  -1.133
   2.424
  -5.352
  -1.358
  -1.157
  -1.193
  -1.977
  -0.542
   0.816
  -0.980
   1.755
  -4.945
   0.087
  -1.249
   0.147
   1.183
  -0.368
  -1.470
   0.056
  -4.101
  -3.285
  -4.137
   4.137
   0.405
   1.588
  -0.032
   1.686
   0.314
  -2.847
   0.602
   1.124
  -0.474
  -0.169
  -0.712
   0.158
   0.258
  -1.573
  -1.053
   3.668
  -0.054
   3.272
   2.224
  -1.152
  -0.389
  -0.117
  -3.494
  -3.263
   0.886
   1.037
   1.114
  -2.366
   2.077
   3.220
  -0.311
  -4.116
   3.867
  -0.221
   3.596
   2.019
   1.069
  -2.124
