   1.856
  -0.701
  -0.106
  -1.494
  -1.988
  -4.202
   1.795
  -0.326
   0.654
   1.263
  -0.443
   0.131
   1.445
   3.424
  -3.750
  -6.815
  -1.215
  -0.945
  -0.789
  -1.786
   0.472
  -3.897
   1.849
  -1.072
   1.438
   1.876
  -2.780
   0.121
   3.884
   0.726
  -1.129
   1.425
   2.951
   2.408
  -0.906
  -0.402
   1.642
   0.062
   1.905
  -2.289
   2.988
   2.630
   0.509
   0.811
  -3.594
  -0.041
   1.054
  -2.220
  -2.878
   4.753
   3.277
  -0.376
  -0.039
   0.813
   4.517
   2.523
   2.780
  -5.435
   2.373
  -3.721
  -2.010
  -7.729
   4.150
  -0.188
   0.347
   3.986
  -7.143
  -9.948
   1.524
   5.308
  -0.673
  -5.697
   0.858
  -4.156
  -6.088
  -1.957
   1.884
  -3.106
  -0.280
  -3.674
   4.792
   4.480
   6.241
   2.238
  -2.952
  -5.339
  -1.661
   0.081
   3.712
  -1.078
  -0.891
  -4.638
   0.849
  -1.771
  -3.885
  -0.146
   4.420
   1.733
   0.375
   0.897
   1.983
  -0.936
   3.733
   1.067
   0.707
   2.738
   2.784
  -1.440
   0.961
   0.824
   0.299
   3.056
  -0.640
  -2.364
  -0.644
  -0.421
   1.002
  -2.390
  -1.844
   2.947
   0.334
   3.216
   0.746
   2.489
   2.259
  -4.285
   1.898
   3.707
   2.545
  -1.862
  -8.795
  -0.411
   2.033
  -2.041
  -2.698
   1.584
   4.211
   4.593
  -0.997
  -1.568
  -3.887
  -8.512
   4.919
  -0.949
   2.737
  -3.996
   2.863
   1.436
  -1.986
   0.719
   3.836
   1.532
  -1.153
  -2.676
  -0.725
   4.582
   4.040
   1.734
   0.700
   0.690
  10.201
   0.678
  -3.561
   2.241
  -1.583
   2.931
  -0.085
   7.795
  -0.044
   9.826
  -2.837
  -0.084
   3.022
  -0.145
   0.951
  -4.292
  -3.524
  -6.708
  -0.250
   5.473
   2.934
   2.056
  -0.274
   5.052
   5.632
  -3.998
 -16.411
   1.317
   1.682
  -3.416
   7.006
  -8.877
  10.326
   3.020
  -0.447
  -2.018
   0.450
   1.429
  -4.327
  -3.122
  -6.754
  -1.576
   1.675
  -0.607
  -0.059
   0.301
   0.376
  -0.970
   0.075
   1.159
   0.261
  -2.225
   1.166
   1.531
   2.440
   0.235
   2.680
  -0.193
  -1.351
  -5.294
  -9.941
  -3.492
   4.627
  -1.843
  -2.934
   0.974
   2.435
  -2.079
  -4.088
  -0.744
  -3.082
   0.992
   3.756
   0.956
   1.524
   1.639
   0.872
   0.418
   1.915
   2.288
  -3.443
   5.650
  -4.137
   1.893
  -0.881
  -1.696
  -1.989
   0.733
  -1.190
   1.066
   0.521
  -3.300
  -0.993
  -4.259
   4.613
   0.936
   4.833
  -1.307
  -0.100
  -4.880
  -0.876
  -4.433
  -0.950
   0.270
   0.039
  -1.128
  -1.084
   0.403
   0.613
  -1.069
  -6.934
  -0.495
  -3.308
  -5.569
  -2.814
  -4.446
   2.130
  -6.781
   0.165
   2.863
  -3.248
   7.460
  11.595
   2.194
  -1.786
   2.741
   2.090
   0.643
  -2.347
  -3.241
  -1.074
   1.235
   0.999
  -0.968
  -0.139
   0.568
   2.194
  -1.180
  -3.294
   0.076
  -1.809
  -5.174
 -10.638
   6.006
   1.115
  -0.739
  -1.975
   2.502
  -1.163
   0.489
  -1.207
  -1.088
   0.657
   3.220
  -0.793
  -0.648
  -2.812
   2.087
   0.157
   0.844
   5.229
   0.456
  -0.839
   2.906
   2.598
  -0.501
   2.550
   0.518
  -0.790
  -0.424
   0.111
   0.515
  -1.076
