#Atom            RMSF
  36.000       1.3110
  55.000       1.4270
  74.000       1.5005
  93.000       1.2109
 112.000       1.0541
 134.000       1.5569
 148.000       1.7576
 172.000       1.4121
 191.000       1.6356
 209.000       1.9625
 223.000       1.6368
 242.000       1.1980
 259.000       1.1293
 270.000       1.1046
 286.000       0.7294
 296.000       0.8446
 318.000       1.1014
 332.000       1.1541
 351.000       0.9326
 365.000       1.2497
 372.000       0.9386
 391.000       1.2548
 407.000       1.3214
 424.000       1.3828
 441.000       1.0877
 463.000       0.7668
 473.000       0.9034
 487.000       0.9259
 503.000       0.9962
 519.000       1.1153
 538.000       1.5892
 557.000       1.6556
 564.000       1.4623
 578.000       1.5384
 597.000       1.7987
 613.000       2.7300
 629.000       2.4504
 648.000       1.5770
 664.000       1.1420
 686.000       1.2768
 708.000       0.6331
 724.000       0.6870
 741.000       0.7300
 760.000       0.5962
 781.000       0.6511
 792.000       0.6907
 811.000       0.6994
 821.000       0.7814
 840.000       0.7415
 859.000       0.8943
 881.000       1.1727
 895.000       1.1654
 915.000       1.1773
 929.000       0.8567
 948.000       0.8642
 967.000       1.2725
 983.000       1.7924
1005.000       1.9048
1019.000       1.5606
1033.000       1.3527
1049.000       1.0150
1069.000       0.8260
1099.000       0.9958
1105.000       1.0946
1122.000       1.0595
1129.000       0.9251
1148.000       1.0617
1170.000       1.4484
1180.000       1.1935
1196.000       0.9415
1213.000       1.0562
1232.000       1.2417
1251.000       1.1056
1270.000       0.9308
1289.000       1.1156
1305.000       1.1888
1324.000       1.1989
1338.000       0.8984
1349.000       0.7660
1365.000       0.9757
1387.000       0.9419
1404.000       0.8339
1423.000       0.9261
1439.000       1.0506
1450.000       1.0035
1466.000       0.8358
1476.000       1.0368
1487.000       1.3430
1501.000       0.9896
1520.000       1.6236
1531.000       1.1065
1550.000       1.4065
1569.000       1.0740
1591.000       0.9296
1597.000       0.8948
1615.000       0.7471
1634.000       0.6178
1656.000       0.6888
1666.000       0.6657
1677.000       0.6583
1699.000       0.6474
1718.000       0.7101
1734.000       0.7430
1751.000       0.7868
1761.000       0.8900
1777.000       0.8541
1788.000       0.9763
1810.000       1.1021
1831.000       1.0092
1853.000       0.8258
1867.000       0.9531
1884.000       0.9646
1906.000       1.3253
