   1.255
   0.957
  -0.790
   0.563
  -0.413
   0.507
   0.775
   1.227
   3.097
  -1.727
  -2.527
  -1.161
  -2.162
  -0.119
  -1.373
  -1.637
  -2.509
  -0.506
  -1.440
  -0.032
  -0.931
   1.961
   0.450
  -2.911
   1.028
   1.126
   3.442
  -0.145
   0.904
  -0.063
   0.001
   0.569
  -0.580
  -0.055
  -3.073
   1.603
   2.400
   1.222
  -1.193
  -2.650
  -0.489
   3.207
   3.034
   0.545
   0.001
  -3.188
  -0.688
  -0.362
   0.750
  -5.957
  -0.377
   2.690
  -0.692
   6.772
   0.744
   1.398
  -1.463
   5.716
  -1.961
   4.694
  -0.704
   3.497
  -1.456
  -2.897
  -0.960
  -0.292
   1.323
   0.805
   1.808
  -3.340
  -0.994
   2.685
  -0.613
  -0.808
   0.754
   2.821
  -1.056
   1.084
  -0.226
  -2.091
  -2.338
   0.779
  -1.847
   0.323
  -2.673
   4.528
   1.892
  -2.869
   1.148
   1.149
  -3.734
   2.138
   2.040
   2.260
  -0.674
   1.109
  -1.023
   2.872
  -0.374
  -4.776
   0.830
   0.196
  -2.145
  -2.418
  -0.931
   0.409
   0.743
   0.137
   1.293
   2.208
   0.148
   0.464
   0.414
  -1.234
  -0.508
   5.558
  -0.219
  -2.429
  -2.142
   5.043
  -0.956
  -3.904
  -4.933
   0.201
  -1.807
   4.816
  -2.484
  -1.639
  -2.889
  -2.920
   2.437
  -1.648
  -0.462
  -1.992
  -1.216
  -0.774
   0.223
  -0.264
   1.329
  -0.339
   0.687
  -0.155
  -1.219
  -2.975
  -2.333
   1.721
  -1.336
   2.814
   3.270
   0.842
   1.114
   1.176
  -0.326
   3.348
   0.716
   1.422
   3.535
  -0.606
  -1.917
  -0.962
   1.979
   4.835
  -1.517
   2.738
  -1.931
   1.474
   0.889
  -2.871
   2.127
  -0.991
   0.535
  -0.590
   1.129
  -0.552
  -0.506
  -0.896
  -0.100
  -1.941
   0.055
   0.832
  -1.269
  -2.760
  -0.719
  -2.011
   2.089
   0.101
  -2.270
  -0.111
  -0.303
  -3.395
   2.215
  -2.743
  -3.721
  -2.102
   0.734
   0.207
  -1.539
   6.399
  -3.584
   0.339
   0.396
   0.024
   1.259
  -0.788
   0.784
  -5.337
   1.169
   2.567
   0.692
   0.405
   3.603
  -1.657
  -2.017
  -0.874
   0.053
  -0.924
   1.860
   3.128
   1.850
   2.097
  -1.619
  -0.358
   0.235
   1.279
   1.292
   4.170
   0.747
   2.477
  -0.414
   2.151
  -2.489
  -2.715
   3.469
  -0.970
  -0.141
  -2.790
   0.698
   0.099
  -0.950
   2.171
   2.377
   0.965
   1.046
  -0.570
   1.184
  -0.529
   0.668
  -0.217
   1.111
  -3.299
   2.664
   0.877
   1.921
  -0.809
   8.441
   0.223
   2.177
   0.728
  -1.878
  -1.440
  -0.665
   0.665
   0.028
  -3.261
  -0.647
   1.455
   0.458
  -6.508
   3.132
   1.165
  -4.195
  -0.268
   5.502
  -1.587
   4.714
   0.943
   2.074
   0.181
   1.652
   2.373
   1.906
   2.243
  -3.270
  -3.987
  -2.534
  -1.845
   0.925
  -2.424
  -1.562
  -1.377
   4.694
   5.451
   0.556
   0.181
  -2.952
  -2.045
  -0.757
  -0.796
  -5.485
  -0.424
   1.115
   2.038
  -1.123
   0.900
   0.326
   2.354
  -2.552
  -0.725
  -0.368
   0.716
  -1.695
  -3.358
   0.004
   0.284
  -1.209
   3.303
  -1.844
  -0.878
  -3.441
  -0.212
   0.456
  -3.106
  -1.408
   0.544
   0.303
  -0.599
  -5.250
   3.014
  -2.525
  -0.168
   1.537
  -0.461
   2.113
