#Atom            RMSF
  36.000       1.7128
  55.000       1.8159
  74.000       1.6139
  93.000       1.2041
 112.000       1.3318
 134.000       1.3150
 148.000       1.2350
 172.000       1.0121
 191.000       1.0086
 209.000       1.0852
 223.000       1.0735
 242.000       1.1103
 259.000       1.2882
 270.000       1.1900
 286.000       1.0104
 296.000       1.2168
 318.000       1.4877
 332.000       1.3461
 351.000       1.0056
 365.000       1.3127
 372.000       1.0423
 391.000       1.3191
 407.000       1.4655
 424.000       1.5585
 441.000       1.2170
 463.000       1.0116
 473.000       1.1527
 487.000       1.1144
 503.000       1.1184
 519.000       1.2154
 538.000       1.2407
 557.000       1.7375
 564.000       1.2430
 578.000       1.2657
 597.000       1.3688
 613.000       1.5950
 629.000       1.5550
 648.000       1.1371
 664.000       0.9095
 686.000       0.8648
 708.000       0.7358
 724.000       0.6311
 741.000       0.6835
 760.000       0.6408
 781.000       0.6725
 791.000       0.7900
 810.000       0.8528
 820.000       0.9552
 839.000       1.0456
 858.000       1.2265
 880.000       1.3600
 894.000       1.2631
 914.000       1.2320
 928.000       1.2230
 947.000       1.1355
 966.000       2.0098
 982.000       2.4601
1004.000       2.1874
1018.000       1.7056
1032.000       1.7348
1048.000       1.4714
1068.000       1.3556
1098.000       1.9497
1104.000       1.9483
1121.000       1.8216
1128.000       1.6942
1147.000       1.2874
1169.000       1.7081
1179.000       1.6889
1195.000       1.1428
1212.000       1.2589
1231.000       1.6248
1250.000       1.4234
1269.000       1.3149
1288.000       1.5760
1304.000       1.6247
1323.000       1.8758
1337.000       1.5189
1348.000       1.1021
1364.000       1.2654
1386.000       1.2488
1403.000       1.0227
1422.000       1.2141
1438.000       1.4348
1449.000       1.3341
1465.000       1.2199
1475.000       2.2811
1486.000       2.4059
1500.000       1.7399
1519.000       1.9237
1530.000       1.6134
1549.000       1.5910
1568.000       1.3607
1590.000       1.2578
1596.000       1.1044
1614.000       0.9320
1633.000       0.8778
1655.000       0.8582
1665.000       0.7219
1676.000       0.7914
1698.000       0.8294
1717.000       0.7624
1733.000       0.7730
1750.000       0.8815
1760.000       0.8853
1776.000       0.8610
1787.000       0.9769
1809.000       1.0042
1830.000       1.1861
1852.000       1.7222
1866.000       1.8937
1883.000       1.6881
1905.000       1.7211
