   1.507
   5.622
  -1.863
  -2.022
  -9.273
  -1.761
  -2.921
   0.186
  -1.640
  -5.637
  -6.885
  -0.264
  -3.562
  -0.160
  -2.046
   1.598
  -2.467
   2.001
   2.169
   3.112
   0.156
  -1.876
  -4.062
   0.079
   0.965
   0.083
  -2.411
  -1.622
   0.325
   5.968
   0.789
   1.126
  -4.877
  -3.748
  -0.213
   2.537
   3.678
  -0.384
   1.510
   1.990
  -1.905
  -2.536
   1.536
   1.725
  -1.024
   2.915
   5.552
   1.604
  -7.461
  -1.368
  -1.609
  -1.058
  -7.155
  -1.948
   0.230
   8.934
  -4.469
  -2.908
   5.020
  -0.602
  -1.905
  -4.057
   0.455
  -0.455
  -0.233
   2.026
  -7.627
  -0.839
   3.793
   1.118
  -7.345
  -4.243
  -0.104
   0.557
  -4.346
   2.805
  -4.267
  -0.470
   3.635
  -0.920
   2.488
   1.320
  -4.000
  -7.409
   1.621
  -9.432
   5.858
   8.516
  -2.435
  -3.291
   5.096
   6.324
  -1.125
   0.513
   4.745
  -1.534
  -2.590
   3.726
   0.770
   3.355
  -2.951
   2.037
  -4.413
  12.062
  -0.006
  -3.710
  -5.578
   1.633
   0.771
  -0.395
  -1.370
   0.383
   1.292
  -6.726
  -1.916
   1.129
  -1.573
   1.702
  -5.203
  -1.491
   2.819
  -1.033
   0.177
  -0.922
   1.730
   1.909
  -1.532
  -2.989
   2.278
  -2.229
   0.649
  -1.633
  -0.794
  -0.443
   1.688
   1.324
   5.681
  -0.680
  -0.720
  -2.434
  -0.712
  -0.958
  -2.352
   4.505
   2.271
  -4.759
   3.322
  -2.098
  -0.265
   1.601
  -0.693
  -2.287
   0.596
   0.662
   1.740
   2.439
  -0.251
   0.602
  -2.289
   0.354
  -0.927
   1.961
  -4.403
  -0.942
   2.197
  -0.702
  -2.127
   3.375
  -1.346
   2.349
  -9.214
  -1.229
   0.659
   5.107
   1.563
  -4.344
   5.728
   1.120
  -4.848
   1.848
  -5.672
  -6.671
   1.309
 -12.083
  -0.375
   5.182
   1.220
  -7.029
   6.745
  -3.768
  -2.913
  -3.085
  -4.671
  -0.181
   0.541
   1.951
  -4.004
   1.455
   0.444
   0.051
  -1.499
   1.536
  -5.888
  -3.062
   1.033
  -5.964
  -0.907
   4.738
  -1.301
   1.117
   6.474
  -0.320
   0.074
  -3.196
  -4.015
   0.743
  -0.707
  -1.962
  -0.856
  -0.526
  -0.015
   0.317
   0.636
  -3.569
  -0.498
  -1.242
   1.279
   1.764
  -0.332
   2.551
   8.109
   3.918
   1.100
   5.804
  13.933
   2.817
  -3.640
  -4.731
   1.405
  -3.449
   4.718
   3.519
  -2.903
  -2.531
   1.026
   1.335
  -1.743
  -3.606
   1.121
  -0.619
   0.689
   2.413
  -2.317
  -5.977
   3.859
  -3.341
  -0.675
  -2.481
   0.159
  -0.359
  -2.167
  -0.633
  -6.772
   3.226
   1.065
  -3.582
   2.309
  -7.560
   7.751
   0.215
  -0.001
  -3.646
   1.181
   2.302
  -0.255
   2.548
   2.757
  -4.381
   0.974
  -3.528
  -0.740
   0.782
  -1.897
  -0.605
   2.039
  -1.105
  -1.953
  -0.270
   1.288
   0.483
  -1.117
   0.275
   0.407
   0.497
   0.193
  -0.055
   0.218
  -0.630
   0.715
   1.048
   1.591
   4.862
   4.277
  -0.322
   2.674
   0.250
   0.257
  -0.457
  -0.275
  -1.012
   0.969
   0.000
   1.050
  -0.642
   0.878
  -0.174
   0.001
   0.085
  -0.019
  -0.770
  -0.894
   0.369
  -0.476
  -2.201
  -0.223
   0.711
   0.642
  -0.333
  -0.345
  -0.022
  -0.274
  -0.283
   1.497
