#Atom            RMSF
  36.000       2.5081
  55.000       2.2065
  74.000       1.9378
  93.000       1.5201
 112.000       1.2600
 134.000       1.5179
 148.000       1.6723
 172.000       1.4727
 191.000       1.5504
 209.000       1.6592
 223.000       1.6941
 242.000       1.5477
 259.000       1.5559
 270.000       1.4446
 286.000       1.2283
 296.000       1.3667
 318.000       1.6044
 332.000       1.4821
 351.000       1.0534
 365.000       1.3645
 372.000       1.1128
 391.000       1.3023
 407.000       1.4089
 424.000       1.4468
 441.000       1.1529
 463.000       1.0312
 473.000       1.2136
 487.000       1.1366
 503.000       1.0454
 519.000       1.0604
 538.000       1.0495
 557.000       1.8461
 564.000       1.2297
 578.000       1.1240
 597.000       1.2300
 613.000       1.2555
 629.000       1.4175
 648.000       1.1172
 664.000       1.0386
 686.000       0.8965
 708.000       0.7642
 724.000       0.8319
 741.000       0.9152
 760.000       0.8088
 781.000       0.8751
 791.000       1.0215
 810.000       1.0330
 820.000       1.0966
 839.000       1.1104
 858.000       1.3103
 880.000       1.6166
 894.000       1.6937
 914.000       1.6289
 928.000       1.5612
 947.000       1.3885
 966.000       2.4333
 982.000       3.3414
1004.000       3.3940
1018.000       3.1972
1032.000       3.1879
1048.000       2.4599
1068.000       2.1780
1098.000       2.7073
1104.000       2.4038
1121.000       2.7022
1128.000       2.4029
1147.000       1.7409
1169.000       2.1445
1179.000       2.0047
1195.000       1.2500
1212.000       1.3092
1231.000       1.7189
1250.000       1.4131
1269.000       1.2257
1288.000       1.5052
1304.000       1.5146
1323.000       1.7127
1337.000       1.3262
1348.000       1.0133
1364.000       1.2912
1386.000       1.3183
1403.000       1.1097
1422.000       1.4035
1438.000       1.6388
1449.000       1.4232
1465.000       1.2631
1475.000       2.1068
1486.000       2.3477
1500.000       1.5923
1519.000       2.0679
1530.000       1.7248
1549.000       2.1279
1568.000       1.7632
1590.000       1.6681
1596.000       1.3200
1614.000       1.0607
1633.000       1.1183
1655.000       1.0288
1665.000       0.8306
1676.000       0.8057
1698.000       0.8888
1717.000       0.8366
1733.000       0.7618
1750.000       0.9011
1760.000       0.9692
1776.000       0.9302
1787.000       1.0803
1809.000       1.0380
1830.000       0.9715
1852.000       0.8669
1866.000       1.0614
1883.000       1.1686
1905.000       1.6085
